username = nchw73
detector set
algorithm code = VD
dimension = 3
self-radius = 0.017
number of detectors = 1000 (from an intended number of 1000)
training time = 9.5
[0.20179192336125196,0.9436530012907874,0.913201213643032,0.1480050678266588],
[0.005278223149928429,0.09253160338744015,0.907402912660334,0.2951397534242967],
[0.1398064227448762,0.944014903689195,0.01561912775226626,0.253217858784371],
[0.4712576793174822,0.3957683874011164,0.37924009029464434,0.02368481576609737],
[0.48097239620989873,0.8233292984706184,0.11952827547746203,0.02024379800026345],
[0.18438181631689243,0.9107224487938752,0.7602752424188508,0.09699012365854251],
[0.3683304517498339,0.2131088553274787,0.06912638049592057,0.04512570163071086],
[0.6908571566749191,0.8598046374261441,0.5799782484554694,0.023996419397008126],
[0.33992677266618154,0.30755083075513245,0.10841367621884701,0.042512810857373885],
[0.2936919621657298,0.8095095663292082,0.9048724557616522,0.09955497092609379],
[0.23088907866917419,0.10581478775466813,0.2793868847926725,0.02344133150329008],
[0.8310083014569729,0.7001968041536368,0.07570539844578883,0.09637243191375873],
[0.3783808093483364,0.7628441607745378,0.35190468476174586,0.021897327745952835],
[0.7093902339328088,0.531930816900581,0.17025973453516208,0.030480199047666516],
[0.5579970376731266,0.32509744786334727,0.46554024328491506,0.01846859629756751],
[0.8349796502786838,0.4133709631956335,0.985866266305998,0.025116763290039285],
[0.7990688360155994,0.9500188550506097,0.2779320749102111,0.024918519292555993],
[0.6401242164848983,0.938847045984566,0.12094969533702271,0.04438504095196611],
[0.4220373541799396,0.6044798955467041,0.11774585503664359,0.023288401602487553],
[0.7746256011333006,0.2027695137165637,0.38977273108069743,0.01750038048901529],
[0.2323116181261582,0.012655040835798825,0.41371603284383396,0.033266181206330916],
[0.6951930099602395,0.29326127453263473,0.5275485263992213,0.0249132530254461],
[0.4897453861220644,0.9191865561435009,0.22361815467300128,0.020368246799427565],
[0.7815816272081278,0.17286376568549733,0.9466034565474719,0.18234189194055667],
[0.4483268474125214,0.09087543280980759,0.36562294535613415,0.022048803572174064],
[0.5400247768296105,0.9356385627164553,0.5802575818877692,0.019209172177315957],
[0.3059018740532712,0.9806568307291377,0.32846567604701915,0.07975315184231765],
[0.9519338256288503,0.9186417038254309,0.30190030629676945,0.042352262178193684],
[0.8775662617801713,0.07443807437745631,0.09898130799679661,0.03160184529476193],
[0.9618855972321908,0.8807873327450073,0.9204211962561728,0.04361128533540142],
[0.4650037712609921,0.9188430955322101,0.313326094582958,0.02630252840805381],
[0.8371365569550853,0.8108837532287307,0.2989542526796687,0.02702417972294211],
[0.2980972073719056,0.3291164907180817,0.5409902361322344,0.019460348666510245],
[0.4454173319923147,0.1729216423534703,0.952697330065231,0.02131665039716664],
[0.4399869866266619,0.06496129162737563,0.6828020013699558,0.04359734190004722],
[0.5164489963078541,0.23720058466698402,0.17548689150814145,0.020875118123020245],
[0.19198589399456245,0.6700078607993408,0.8753043131444533,0.06537939420462696],
[0.05196477552533452,0.6315897356905562,0.024071703069474704,0.026165224157600288],
[0.5224495258342968,0.5146340046142494,0.36868195498168643,0.020358460112598738],
[0.017357830508366257,0.5832261382314124,0.3908293273137027,0.017894017329028067],
[0.3472195062160902,0.011437947305814378,0.8719384050215284,0.07580125362666705],
[0.028213129800081727,0.09975846593499327,0.4287380158537224,0.02129520379340543],
[0.6067794474138779,0.7064354569691489,0.6135018349532668,0.03271020680699046],
[0.9676494354942832,0.8075225504913423,0.8803972582787002,0.01731029062992112],
[0.6787564153568922,0.6742538153875168,0.3956856232131595,0.018796413343820872],
[0.5083472299008273,0.4678463584897167,0.8291914982467053,0.023096253552967322],
[0.2170314178976518,0.46790276208358383,0.8747901325800408,0.022016234131955886],
[0.22394416350595636,0.5705093511555629,0.8346022608740041,0.03438296734212765],
[0.7709248292513029,0.3766022664319052,0.8420486514112894,0.03452682915915065],
[0.9877514494444964,0.19792974907184746,0.7609030282637418,0.18564585263615085],
[0.214375320016707,0.3281523274065169,0.3200384496304114,0.02612753159360378],
[0.3363650487007991,0.7863291515157877,0.7425021749539219,0.08388363124000564],
[0.7182229327961419,0.9768447450336117,0.6957086634660085,0.09067751779021789],
[0.30222191678054766,0.3287816381799168,0.3840772233617198,0.03254527973164198],
[0.6032208078565778,0.33465197201294017,0.9907891269787823,0.04387126975729128],
[0.4108674869680713,0.7461822275650948,0.22815187235434042,0.030285144434308416],
[0.3116055082692796,0.08105777959944971,0.6544494092202268,0.05412708901673864],
[0.08214798563931547,0.19440833483067044,0.047556121706005317,0.050737975430471066],
[0.9931857932713962,0.41747526439090676,0.8620029887552024,0.02336657965136605],
[0.2034942971523539,0.16928779639570335,0.45417545218448396,0.03108387072994362],
[0.4604954646819819,0.8468129624692042,0.26564015337356517,0.02279848924745085],
[0.9319862559508783,0.017946547549448688,0.8399238981529996,0.23780089763521517],
[0.3213211399221525,0.007209590863117565,0.09168969511500036,0.0957084676788753],
[0.15865587294852812,0.08412744721542675,0.4781964169174133,0.027044476799862285],
[0.5898948354669434,0.610706138802568,0.9633269865931197,0.01947986447185246],
[0.9715386067656918,0.883526164097537,0.6840988357843494,0.03684936611796551],
[0.3054117655130705,0.19216726226007363,0.7863726402984611,0.10005420944101114],
[0.5861930496862894,0.8825281497141488,0.2445150165751412,0.0351341751209171],
[0.3800137590184871,0.9334017405340218,0.3207367371444969,0.020654658431338103],
[0.6994919262768196,0.9908352397569409,0.9597176696031003,0.10141751869531934],
[0.7025600391851955,0.4488370106381552,0.1503928205603431,0.03827233996155858],
[0.6760892049472216,0.8301131640701799,0.992335526460438,0.11563605639098858],
[0.3857272478107615,0.3585140526587609,0.6469633502849813,0.03918430158025721],
[0.17582233820805304,0.43473617235699125,0.9737450434639839,0.017637711743833898],
[0.82691708833347,0.3207191637254635,0.3650526048949515,0.05576181067936309],
[0.7431124658129985,0.30360084303871815,0.577114631750472,0.023447034164541157],
[0.8377770775802427,0.681421430778967,0.9325686336860493,0.08559499385979905],
[0.0719951367117142,0.7846878889716958,0.857826347983344,0.1786409905931235],
[0.5374330892261692,0.9097794373213347,0.009472019946097476,0.0250345471742663],
[0.48883768181421117,0.5063101898919229,0.8907989018077057,0.021493072452018237],
[0.6038964877251005,0.8256068997012762,0.4199670212836696,0.021314219178443422],
[0.6843282627557293,0.8773792051228769,0.04998866075528108,0.08847930314804137],
[0.6740270798397042,0.13336349625611044,0.5055070855755964,0.017441466504520435],
[0.21192867892243894,0.799555046901092,0.3281518729230437,0.04546951120318242],
[0.18002055785665572,0.31442527864137215,0.38062568332263125,0.028991089367930788],
[0.03142003988451825,0.40042913807736746,0.8792119701431319,0.04263780079399652],
[0.1691615304997771,0.7469786690004102,0.6204960833916225,0.053550682160956514],
[0.9546701268556045,0.4552216878901265,0.3223746558681241,0.022595339696627185],
[0.04186322007489163,0.36721068000866797,0.000915347748923101,0.0428632383543523],
[0.1154133936878442,0.09656164796592603,0.4518526031089114,0.027602636638445366],
[0.020373182150554614,0.1018897539285677,0.17178655209557825,0.06336683829554114],
[0.37014933394882976,0.031117270477193038,0.2702267822609854,0.08771143748242485],
[0.3460475327498318,0.2808474923602925,0.9094273672730085,0.05414496992632245],
[0.919820123975307,0.019830094990831215,0.2809374667022476,0.1116050351966157],
[0.9960516151753862,0.5932932209607794,0.6193070386030424,0.026443687029772227],
[0.33461526888142756,0.45515163145698356,0.3860727837321035,0.03291790371918672],
[0.792165957095133,0.7993013284176005,0.807500710159118,0.08273514913482159],
[0.6128448845481766,0.058421218481145454,0.000932501567492805,0.020224697755370315],
[0.013575007971764363,0.6709452524008704,0.0015711880025599534,0.07339647532720989],
[0.0684131893416201,0.5651824994643747,0.6995038159602063,0.017917955005543156],
[0.34693756290113154,0.6576659731720104,0.7350255743556678,0.051158652557403345],
[0.4810595553182948,0.5917996306754537,0.11269364176996433,0.03520761020751234],
[0.08248695171742049,0.36652767077443327,0.6359154964063642,0.024019724214203966],
[0.8732734243812822,0.010398226693479118,0.14463259062365152,0.06159841657723626],
[0.308389603760573,0.8278768231373037,0.2966479975432358,0.07452999075885353],
[0.24541703298775053,0.6758833001215867,0.14580690346837166,0.07682437221500134],
[0.0030400778038132126,0.6334519767859335,0.2166341664574949,0.07134901778873369],
[0.4805021560070991,0.9290004354784105,0.5692055319457472,0.026132404369502746],
[0.6269086510604321,0.044109930728968516,0.015206869331103934,0.022585165505022493],
[0.2911981885180084,0.28299205721075227,0.6793115098660223,0.07894879688560122],
[0.44118290947092553,0.24791252972816635,0.9061039945564932,0.025678767505458895],
[0.3624791639348881,0.1339500138540024,0.9182474716419544,0.0415130522381689],
[0.04898275824129994,0.796068856057827,0.6573874746280592,0.05516053301629088],
[0.19096966512165392,0.5004966497245015,0.7183064214711053,0.022602668109623837],
[0.4680795904020074,0.9461813988998814,0.05209217951068357,0.03192345042030717],
[0.22217696820377342,0.4523926600028355,0.2898800683144299,0.024414048027543114],
[0.10579529099347629,0.5542650863001499,0.27746723102028126,0.021791098524651747],
[0.4627817892672462,0.39285807415829876,0.852989288638819,0.0178292057380511],
[0.81068182375269,0.8051701400466252,0.6863616703317377,0.03969843174081387],
[0.9595276985241362,0.8275340999949881,0.9241506919663423,0.03978654076989298],
[0.7289138287904252,0.8478292619373559,0.29394892113341486,0.053153432857377475],
[0.2526472083758119,0.5489954955075087,0.39594525132767966,0.029952669950604027],
[0.46328286709477695,0.49262197706156763,0.34637898402584844,0.028610074044779603],
[0.30568410308884697,0.7451677947917835,0.2996790215213818,0.09206142152996363],
[0.7815842670208527,0.7740487313948663,0.9683060770543265,0.15855749470459107],
[0.7375866459065427,0.7716965816771808,0.6458493163089978,0.03172670001726007],
[0.624462486290357,0.5053885529668376,0.10705345020283719,0.024221848563164783],
[0.7353255502186353,0.9923851325832317,0.49747581001506713,0.028171978401511644],
[0.5901742885682842,0.050221649692765324,0.6701432690291853,0.019145726076843887],
[0.4691079019161908,0.07826773109539398,0.07714334018133717,0.022222774577787346],
[0.941217362277547,0.6422380441406221,0.7029660880850589,0.048190777184480185],
[0.04153807781723906,0.3979943347838645,0.2512221515207843,0.03059202651696618],
[0.2624613215021828,0.035612790187317334,0.3541390660178829,0.051227800280531796],
[0.658917293560227,0.581285718574481,0.04127972246083267,0.02025193394706161],
[0.4180126786851105,0.31482290364137144,0.8886600982905045,0.02099091508717283],
[0.26683401517087013,0.14153392991400926,0.6848752821890988,0.0868783206423117],
[0.10973520089765254,0.7949072580101132,0.6314697220756923,0.04018672728949397],
[0.9361229919749814,0.4630136996589763,0.9886153904988142,0.027234710442427215],
[0.733886480730176,0.5992753266030458,0.507236071385768,0.020824834331652983],
[0.6538421630918295,0.30421874719551656,0.04626755282089612,0.0447867081595159],
[0.6805043161097876,0.7930132370516775,0.8409986065803985,0.056208659098879246],
[0.549711247699754,0.41109585239070723,0.8849390088580045,0.02884454621233403],
[0.10409884796019087,0.030682345256630827,0.6219004568689469,0.06597679221582912],
[0.6052764069318475,0.26811715512126166,0.6544422577331858,0.023004085259636667],
[0.07333712364785816,0.06884759125489415,0.021184222856064028,0.09598657652341788],
[0.15451793104550926,0.7988270560854112,0.24746960894292158,0.105977269575766],
[0.9596828444303489,0.14108001080448707,0.23431289572728264,0.03280683336005722],
[0.35925187253922897,0.3937059409494049,0.8346931113976676,0.02684200949102812],
[0.2244065750428128,0.020216805529191584,0.016542835891184104,0.10870464482908516],
[0.8084346595583842,0.6754476744988142,0.6730313078436457,0.023382849190310293],
[0.12576987492641756,0.3575641552175298,0.07686409063460231,0.04603394984115272],
[0.027572981285540754,0.1500234605262405,0.24395964686839,0.04453909980879965],
[0.8242016737109586,0.737400467097625,0.718794954020919,0.025921208553667925],
[0.4905642326246761,0.2828530260729193,0.419226619280074,0.0221950217319909],
[0.007365149139311744,0.7088789970978625,0.36724139638000064,0.04230272967599832],
[0.9424758484883937,0.6250966716782186,0.6567847256422327,0.026684096672348487],
[0.5386704134466539,0.019116551394036674,0.4976949250399658,0.021552357954393364],
[0.3547342237538962,0.7614426403724892,0.38785947761139705,0.02762527084012971],
[0.03135298054743063,0.6376571819291006,0.6559876126190531,0.04251415339597141],
[0.21599655576494692,0.804361621274361,0.5282466416658155,0.022115955444380907],
[0.2651717692197596,0.7041675667957016,0.04124785937995368,0.12298796903084346],
[0.14745801454254326,0.5362357173355936,0.15529981482369226,0.018028603925478122],
[0.7901279949809062,0.0877236552114461,0.18864395098081266,0.01875094692895525],
[0.6829411865432458,0.7217525602346334,0.7300533425733265,0.018929900737981044],
[0.7052351463580707,0.6192882721799681,0.3362138422061981,0.01856809624448668],
[0.6595734884681639,0.3924618257737147,0.14139609234823147,0.05538687833993983],
[0.9719001479341883,0.7995306295788603,0.23394457953745929,0.11236848659732677],
[0.6037122334437772,0.8990708387398134,0.17019399745488772,0.018933561534113706],
[0.940776849623716,0.3663188466977807,0.2671894939590236,0.05002141263276824],
[0.31592936768321345,0.1191999711693621,0.9444066994634771,0.06965733661103353],
[0.8258941304760608,0.3837655039491227,0.08771145265855651,0.017017970503727636],
[0.8200090501159397,0.3781358809099813,0.19613025215076885,0.02924281871141963],
[0.44149174842434635,0.13732986258770596,0.13123526169903366,0.027409819805794974],
[0.8684523193543523,0.6567234238827103,0.617758193665291,0.04281690064872924],
[0.5540041758389957,0.37102247126557475,0.671946402745812,0.017506770621544626],
[0.9512246148907696,0.4925241706976834,0.23707475526739963,0.01984909859604076],
[0.489024280512528,0.260830446708588,0.9196980489504925,0.04558601322402134],
[0.646886386684243,0.8524413766937675,0.17755104955902412,0.06164857437015768],
[0.3960552592844905,0.6605844752717143,0.1579704796379242,0.020847103080151586],
[0.18983550753896083,0.4444781736486272,0.27859002304493585,0.01780485396400959],
[0.6071603414016024,0.2886410686697627,0.2669313141746673,0.02450874234281683],
[0.633917156819967,0.32930152683220404,0.766704687422527,0.05053841604793098],
[0.8803439648318455,0.3198010720146155,0.8821178399709995,0.09555351681910641],
[0.05181983830778214,0.42643568321180414,0.8389996032478844,0.02210632106447164],
[0.8449400360870483,0.43370999033676516,0.37486435693589926,0.024667618037193653],
[0.6667343684370823,0.8258324170544555,0.7408418393982842,0.059061047569482536],
[0.972733320522349,0.3049405383739582,0.16263740967943463,0.060293830272510854],
[0.23984864976529874,0.768373826345203,0.60981861170802,0.039736133182235074],
[0.19167391395177524,0.8053642280022596,0.994048749336084,0.20236628190116168],
[0.9231607849625681,0.2684977250119809,0.4017402763015886,0.03378571820537615],
[0.5517854914849695,0.24108484452996226,0.9099302242723535,0.03946652642255676],
[0.6704954679335247,0.2734823755321062,0.3969290679537847,0.03273451033726127],
[0.4833718905819545,0.4892618352150011,0.47265711614160766,0.03426952031123565],
[0.5008509083960538,0.78729541769334,0.4665397137630045,0.0346999651840275],
[0.5371604714264337,0.44074901885668094,0.869122726775778,0.03714374502883102],
[0.6137250313744004,0.3247043945539527,0.4913717226675526,0.04082923626040778],
[0.6724583207335443,0.9445158437089148,0.16580988546689024,0.08874934818603805],
[0.901224787533223,0.9313216223734885,0.12945028630223177,0.16737539356521858],
[0.6563194104400306,0.5720325240952544,0.14501720977151755,0.017472092291072855],
[0.5684928198426016,0.34506052132189946,0.8806797038757354,0.022226313623160965],
[0.05165360556246934,0.9717388746094283,0.9500958742279053,0.30465386699186164],
[0.5547755859443879,0.7957208811041575,0.5818661704351877,0.024538074068519954],
[0.44182956554963515,0.8353477098164312,0.21469747508721726,0.024905260671588554],
[0.5541570000838582,0.8358556801995594,0.6735560895712237,0.021088432361298405],
[0.972854932960464,0.11091166877387804,0.10378775028916809,0.09769593200679261],
[0.3656343415335829,0.5334736694706618,0.5517343399431434,0.025323836605691222],
[0.5472841868105967,0.16988040684849037,0.3018232902834034,0.030485142777395613],
[0.23180197068543584,0.760305680688976,0.3859245062487384,0.03638897600107696],
[0.795397980508856,0.6708533772303665,0.5218033525460557,0.019547463073537656],
[0.062132706692660244,0.3602828174313667,0.2270191839879283,0.05931988603524603],
[0.012963694511097468,0.8853192580720027,0.2913810418803312,0.11443058205520397],
[0.9527005322546781,0.901519504975664,0.7533495843673296,0.023650334342706567],
[0.6468826794545223,0.30119352738467153,0.7164879282192029,0.058778157616038745],
[0.6206472072978529,0.2416583036025709,0.8822484715036197,0.019226607568063388],
[0.9488481337394281,0.14684280268111738,0.49097933720609965,0.022404157177223848],
[0.3527092060894862,0.10587082763818845,0.711057942875754,0.05432876357234291],
[0.48077042631347755,0.7139335942664482,0.5630084486900097,0.017928944280708528],
[0.6819212779648631,0.7024599547069745,0.364697974083514,0.05261467619207971],
[0.7985141091147545,0.9997008479782561,0.9024291364732054,0.07818056656303456],
[0.8296511737162475,0.9438273284935202,0.7355693739532533,0.028317733900295627],
[0.09109962507854308,0.02138154619369448,0.2557184286458464,0.06748969890338766],
[0.2646718581988937,0.5968818542942784,0.7699568718328863,0.022135629049327504],
[0.800125755816049,0.4702030053738222,0.9066302570769367,0.026754830239544503],
[0.7576115287460997,0.8818912938897472,0.8235852893686356,0.058418713393620356],
[0.048176747848669654,0.680088735496808,0.2910352362057834,0.0763913131220315],
[0.3817974654623819,0.11965214982850902,0.7774921026874861,0.021482053777423023],
[0.7955542006066658,0.2788621490430362,0.3900334813187749,0.03983783215545999],
[0.6973625479560039,0.8691528874797959,0.2163187818107959,0.061279934436697006],
[0.8368964146761844,0.14230360536471331,0.2179804904081708,0.020475784001096398],
[0.7738854867663115,0.5767199358428086,0.7347523880979289,0.01748285858792893],
[0.7794057091568894,0.2820415261233442,0.49546890093455664,0.02108171950292445],
[0.4146513400255065,0.393563815624124,0.9451582679645215,0.028952953016985264],
[0.16181833539087154,0.6719837022924913,0.2020664569036813,0.06772321855206911],
[0.5463582010622512,0.6951798841657832,0.8368619162833967,0.021364318429073888],
[0.8896391971467006,0.9836985315481436,0.8068920853015678,0.029677929527607942],
[0.23300957465722194,0.194517288705908,0.46582453840954885,0.02345346899876407],
[0.7427425755826661,0.9073251047015928,0.32263115231211337,0.07535657527882485],
[0.9955310706816999,0.7175663220468581,0.7962636882712243,0.1032673700335173],
[0.7308027348953927,0.8195215667262674,0.6656956220650652,0.04235916111630019],
[0.8361491830543191,0.9094153041580338,0.2878773948316721,0.03901232007003116],
[0.03146883685435409,0.19576576346104546,0.322375695369267,0.04609934808904423],
[0.4971547169856487,0.9718793505556967,0.023930855573009557,0.04226769590712127],
[0.02187283147524921,0.41961630467143707,0.9723623440719787,0.03630437578083997],
[0.5617059315412888,0.046515536497099164,0.844506448232594,0.025980402029840914],
[0.8270856089129537,0.25021022057027753,0.6355799989621317,0.057575436134841576],
[0.9019762964049896,0.9998146195679921,0.6373006470444921,0.017940512767147532],
[0.2155417287648378,0.24046840522854518,0.203928709633033,0.02910918118842091],
[0.7488511314345714,0.20105160563463342,0.6413482555708968,0.03614363138386335],
[0.055608332425390095,0.5295403384249769,0.28747976572727874,0.023184674388499096],
[0.39047250893236296,0.43496371262529887,0.8949659212947282,0.018282626205341157],
[0.2052362815266522,0.9373521122030385,0.6660229842894667,0.0730060836507556],
[0.9618099199391875,0.5417475077533485,0.7169308417709336,0.01759049850717876],
[0.6129468367551488,0.10274769659371985,0.11048098951264307,0.040174207360269505],
[0.8012377024738753,0.21914634993767557,0.3851207053560286,0.03771262155977353],
[0.6383804691246536,0.6586707864448368,0.9325248123348414,0.05381516755022385],
[0.60197899217301,0.9849711739110995,0.8486527571873222,0.04262151023170513],
[0.6387677661320869,0.08180797915023208,0.8347514334460412,0.04802913692182678],
[0.3002083138075423,0.6939784319856037,0.6193516212776906,0.04643661678269144],
[0.9922753839997636,0.01064422885468086,0.10609958523532148,0.1509360974888368],
[0.876852561757328,0.3615855642474576,0.10232167882956478,0.04593204732266039],
[0.9984313536634448,0.32940662756900874,0.026291160694908777,0.08156757708531792],
[0.17299922946070734,0.43622485845098313,0.06995149878238127,0.02957246541564927],
[0.7948505030257121,0.34124478787864143,0.19413778795269,0.022247507597296663],
[0.2434553310507387,0.8119612050758883,0.5919330914266796,0.026641417743323105],
[0.8767677952081876,0.18582643745900473,0.418927131193949,0.03391504569583481],
[0.3960435365339394,0.44994506843766124,0.19402737530802816,0.02103461483709159],
[0.6069478789380206,0.9319697408108327,0.57363421881893,0.044546841830641275],
[0.3688318634013734,0.5548305971116042,0.1226690774440038,0.026378532949239274],
[0.9979532763349345,0.42394704540375716,0.5315544054707093,0.03516948320487913],
[0.27977542482970985,0.9554003759460276,0.6652144848711656,0.035802677822127975],
[0.26861559256574064,0.7600769726583383,0.5760320307535979,0.01819871433336534],
[0.8333226621295936,0.8389264226113514,0.512324741417578,0.019411427448406675],
[0.582753940322563,0.35920065458046013,0.35934821542810735,0.03275986484766599],
[0.4328742035273955,0.7040999890936624,0.013839069231344259,0.02039646257599375],
[0.3132526254800787,0.3373460376065217,0.8948201580626148,0.0681757704227387],
[0.6896312042905246,0.32453505517397896,0.630930093002332,0.05237555775157959],
[0.33576279133787035,0.7334365040722693,0.6413869722054079,0.05433754655349468],
[0.9234724585527706,0.3655384445933665,0.9836253381991824,0.049677264469084825],
[0.9737358107893753,0.9687216558232907,0.720705183718906,0.04820401466615801],
[0.4073038325021585,0.08193578661741163,0.5293597680428535,0.02128595046100601],
[0.5753438225746005,0.5756657066610282,0.6960622393776893,0.027811244749490288],
[0.7981011037953686,0.6806710557611835,0.7527627026700865,0.03472345075326935],
[0.24445382206758404,0.275977016780413,0.19782247576375778,0.027598012790779225],
[0.6558363753185543,0.6578518372888481,0.8652638581396556,0.06636973350745917],
[0.5271470085914033,0.5627132784470475,0.5570711118521047,0.022313124476067016],
[0.21437201596442357,0.5145646836602408,0.21196230435092867,0.03608339283025435],
[0.419290756762719,0.7037802777660693,0.2549154645763587,0.021729936446433985],
[0.45447462028941155,0.8416166066377357,0.9326585871233996,0.01744303107134141],
[0.1272290132960937,0.6822420256475581,0.575035597285384,0.029213732342638923],
[0.992645522528798,0.3326141155142156,0.38270497900178135,0.06253739051060027],
[0.7123492019053385,0.3586225390573816,0.7355155112310215,0.048886686881854866],
[0.9802130470552453,0.4379708249035035,0.1974536611203025,0.030741503647821307],
[0.3936520873011907,0.6516069779210992,0.19283350103157615,0.03972675358114244],
[0.678916638229739,0.3108379217524464,0.8803452044788943,0.07164994227756016],
[0.9949568333514571,0.8527759370938642,0.7226023423712579,0.03957005343965905],
[0.14891180023630513,0.3707873640964744,0.8605126608051302,0.03405956643481038],
[0.09436204972664297,0.8755192186651376,0.6308749189508226,0.044137989366342674],
[0.42805272511767334,0.42398318827083536,0.8014850545224909,0.02677039919768557],
[0.1622564573856815,0.6284400089978912,0.13871991603917921,0.024423944433678554],
[0.8452526706561033,0.3808537030532778,0.3029970927269634,0.03589452583892995],
[0.7889029859216062,0.6562592893629154,0.2833436217556977,0.061788451695347274],
[0.2531901419711703,0.5393776286202827,0.09099471809909643,0.027191729477138146],
[0.211174320582882,0.4522046505450815,0.6888542277459743,0.0306674211428035],
[0.9248702958047252,0.41539537743863775,0.30800553533918085,0.027438882189440794],
[0.3008530011447692,0.28285555701414256,0.059157588269397876,0.053866873860771686],
[0.007374240340898619,0.8059481746278359,0.391473716634959,0.06229167889628957],
[0.3840749341681672,0.8206402709378668,0.30404756814006795,0.02403946740991142],
[0.7519260188399517,0.6932452591325077,0.6107315380082845,0.01926132313773516],
[0.7638784636504108,0.1785566814989078,0.5483591559523907,0.0301313445955423],
[0.14250570381032535,0.39602558634792584,0.9202386764237217,0.027806475593741158],
[0.11074886480112645,0.39638884124646045,0.33987497279521006,0.020354991937293614],
[0.48081522447532876,0.2143049371012311,0.20838375701362244,0.019899453042031216],
[0.9015063359382391,0.18091817561685286,0.4945149747770633,0.024296950285565153],
[0.8015154831938649,0.34971428258767623,0.5523325407660076,0.0243542172674195],
[0.7888564795607106,0.7760688392096128,0.6460434100979942,0.037028518462811626],
[0.7465062175999064,0.4126419586992873,0.6289944703318195,0.028291860224745807],
[0.097741519217043,0.31632662054178906,0.26581347562371094,0.043298090472436025],
[0.08293653366811093,0.5077648838710089,0.703875961115277,0.019088087571727613],
[0.7620699893942696,0.9606652812146854,0.41614899608152,0.026934163150845652],
[0.4623119215411071,0.42808560732314305,0.19677911802624848,0.02494521770989324],
[0.7850669147327922,0.7430912978820806,0.5490798842624777,0.02586771092242071],
[0.42452443534388284,0.0007601299138492168,0.9723426098527372,0.019809068489596293],
[0.08489025319777954,0.8384988102599934,0.37418843683753233,0.03956146135432637],
[0.48386835943602957,0.368735569218117,0.16162170988298374,0.019014285457409685],
[0.8976879256680028,0.6336740407288324,0.19034607043867457,0.03675063982618282],
[0.9961192536614016,0.1872856633556642,0.5701389502463364,0.03208977607383205],
[0.7080327290894927,0.9799971786400812,0.8560115577347166,0.05678923848897524],
[0.2607677530589956,0.8981902982063981,0.29016854126909575,0.039553255251474476],
[0.10065709253153932,0.45661022561247677,0.41942909383877247,0.03199406805985173],
[0.6390853167521514,0.6017976833119483,0.14702664534212073,0.031714769192248964],
[0.6473451810914124,0.9620903279239168,0.30017263392068994,0.0446260158049835],
[0.3511497525124696,0.6073306828844459,0.8891204989212661,0.05009192793480985],
[0.29466265793553004,0.48889671957221725,0.44984187204299464,0.01708123293368713],
[0.4046995227103869,0.39168727210145593,0.4317782242852245,0.031231202326003307],
[0.46848808568467404,0.17484916082350777,0.1520887603874459,0.026678483143712524],
[0.36268536345278735,0.9212094848954608,0.6807644308473122,0.0176107037905888],
[0.4940465094205231,0.898590150906647,0.9904620110296697,0.03407237874835749],
[0.774418135317464,0.7806052357496011,0.17992223120369477,0.1462261872211355],
[0.5135008761847802,0.5856345476950684,0.14293901175717683,0.02236080700480074],
[0.4047963381640709,0.5847560700767703,0.5374893552747134,0.017670678812905634],
[0.05958153031922453,0.6026279335753951,0.16234629976575932,0.03139321195783576],
[0.35401997896861426,0.9954514044109535,0.9979059725353955,0.06306922162302935],
[0.15436056255101693,0.44173397718369967,0.7622782299655465,0.0184640366609463],
[0.6937252583725276,0.5241031386728642,0.12925249291734253,0.023111233376942854],
[0.44082382603957226,0.9501825659319547,0.32500920004716594,0.03394459097075561],
[0.9870258690850412,0.8221286333711946,0.368139302375308,0.020096877567125894],
[0.6673829308244619,0.1640222715586408,0.28849156185830827,0.019004504225006436],
[0.570832795062422,0.850697534142049,0.2816040405808078,0.023999602459414293],
[0.9135956746481543,0.6245011568788565,0.10965316173621109,0.04919643637099526],
[0.4223735534484975,0.46698317377515264,0.7649026260793514,0.029242366770475238],
[0.5408498556622321,0.12670034558016185,0.8409922364289648,0.02368956162299249],
[0.8010009123690955,0.021209516720121835,0.0038402432064046366,0.08434635016437833],
[0.9629925491217134,0.5217502254451422,0.4351486348284148,0.01952832708039272],
[0.7616241354315264,0.1276839342209396,0.34589083785373276,0.036627335531544604],
[0.5518293250606516,0.9514806660255242,0.8290906332731821,0.04184390153432232],
[0.32868936932836046,0.9950015908848788,0.19737127479940364,0.07804164578841749],
[0.4566961722429236,0.650530543361745,0.9252288260320706,0.022032558133324026],
[0.038727654443931225,0.4489342910914802,0.42917737769309483,0.027373019843174813],
[0.5611084305388278,0.6785198623194774,0.1348847038226092,0.018009353190800353],
[0.8265214423257149,0.3102339089838039,0.750585198344145,0.10095828433406459],
[0.2392705964710583,0.32764044095587264,0.30492181623197134,0.02895718251784713],
[0.15886023154393347,0.026168365800048665,0.3785119196705661,0.0178114751271798],
[0.6487126315432346,0.02139324877262938,0.10583934624377556,0.05199328922587665],
[0.1616805930659031,0.9887233831824538,0.2735347948762843,0.0983253411989039],
[0.280022833625297,0.3608836108415111,0.3727310312589557,0.03776452919140858],
[0.11295504536938816,0.03565547495912025,0.31827397216779174,0.0545084011311025],
[0.9635464842267922,0.2520954447888484,0.4086209200776123,0.02840784981896151],
[0.05945971973469666,0.7012266385677965,0.43402972859137157,0.02167392028644121],
[0.20674006882043605,0.5706890156462155,0.7655098381082882,0.026739763877284738],
[0.19080511415895962,0.6119560660507303,0.21677074741771274,0.04931334362098097],
[0.4105351678832868,0.5759741429881347,0.9962490315572083,0.032906679176217785],
[0.6869837389361381,0.4703359051065912,0.8069070200044347,0.029752006151227334],
[0.3334471647235441,0.4253790745709446,0.07011467385189596,0.028848045873467162],
[0.5930316085434864,0.3686893686025807,0.7218409156601953,0.017435816712225174],
[0.41851619277252927,0.7308736849246911,0.6847799151866231,0.021815304289331365],
[0.7432083779795686,0.638663936110519,0.04704992583765366,0.03319168318940347],
[0.7181037246703414,0.42180299174922764,0.7496229663128252,0.017071250607879243],
[0.6392512465948778,0.7295231250051714,0.8975996288149849,0.05654440357815842],
[0.1566006745024524,0.6964496033885509,0.12143657264695706,0.08113692595531065],
[0.6857667761253298,0.6529685181662747,0.2535145949670763,0.05848384936931052],
[0.3045521855756008,0.9451315911621573,0.5540876429758494,0.034561789565103425],
[0.07399332342341014,0.40563234817124716,0.15863717632628427,0.021659783432151962],
[0.1661982865447008,0.20509138337377286,0.6045362571544981,0.031848753945240185],
[0.1576907093083595,0.702914882465534,0.6785333385821476,0.10116624090124424],
[0.31819030803136494,0.08653785921468116,0.22409199766839671,0.02333120766682957],
[0.21678690417114965,0.10304283950267046,0.4213211854279486,0.02997139381926269],
[0.17376527959922006,0.5009193749866823,0.667605150237831,0.021508035192104383],
[0.04770055132906881,0.869028837953237,0.6385418777931483,0.039476774311269495],
[0.5036618601298996,0.6125837729673755,0.1708690579550639,0.02640346245092101],
[0.7499394210193095,0.23350742362789234,0.7645748367459498,0.14199407484324628],
[0.33204389975574733,0.904937525412855,0.6769271038479803,0.018284253633443555],
[0.021814455692946932,0.22865214323074745,0.0988271259886414,0.05355269817159873],
[0.5390353877016649,0.21195357360045763,0.185432191104542,0.04248141000315449],
[0.6375714671887378,0.3861614141346703,0.6435045873987433,0.03236560111168728],
[0.9804979327202785,0.9363878104934104,0.8077095783295555,0.030835375291657904],
[0.6434002981016932,0.2362502515124858,0.032983392571992565,0.0501586820330811],
[0.42672701186905193,0.8268335295716386,0.6866330304626768,0.017426347573886912],
[0.08957088894595777,0.3237917492934145,0.1519425974567059,0.019373413745816838],
[0.6963822615937094,0.4655507657284683,0.5376391213830544,0.019573700284383606],
[0.6862819626473953,0.5676940267569295,0.9714960548668478,0.017420360989056735],
[0.738631915635057,0.21445950444795037,0.1426479192095601,0.06451412893527769],
[0.7609391244848376,0.9472556507410649,0.03546594111792456,0.17037913206902416],
[0.4044396200357995,0.6193165295346978,0.24034329835893797,0.019398665306496886],
[0.38045329736166233,0.6822327878498584,0.4446478411146062,0.01932642411298769],
[0.28634222695747913,0.4121397103339445,0.45222635247962095,0.021967238162976216],
[0.8975575461761948,0.7747894038146536,0.8029527430859748,0.05998698987068146],
[0.4679581680120737,0.9992660255479989,0.9143542940271265,0.03285812488310316],
[0.8486022139643558,0.0958234989515081,0.3475428755971397,0.02225346316878197],
[0.47543788156996736,0.9504667323575097,0.28955807780740006,0.024693740672131204],
[0.6740748323280997,0.021773781073579523,0.681834287752242,0.07041760121088525],
[0.20862807244154502,0.33283367386756857,0.08832424201655786,0.03972386089817999],
[0.7821315699495179,0.5733271258164564,0.951003034068004,0.018083165725300103],
[0.7132489181507427,0.6388965571358617,0.09491750292649781,0.03986380469990407],
[0.17827809631037883,0.4055918090286499,0.21930540819244182,0.03617759380968955],
[0.9111426206177827,0.46903707952205587,0.4666100948225279,0.021531683523785157],
[0.024888849315148454,0.2397210782094843,0.3661406607748231,0.06999787170040306],
[0.1929862948154768,0.9777235400501227,0.5929818397386752,0.018531423743134455],
[0.6167452303044426,0.9997240924934183,0.31622728059661553,0.019436341993191747],
[0.15227517068204954,0.4622794027620687,0.7307737157737743,0.022824330967064647],
[0.6753577123157888,0.5088518517425227,0.4846146642320578,0.026769049809719857],
[0.3715355652516321,0.28773525447662907,0.37451624444013765,0.03131919813712279],
[0.3821640382041165,0.366341146697416,0.1306381575875022,0.018377136840557425],
[0.9340399902073894,0.27307040054805476,0.9976413155245395,0.13088475906727626],
[0.5291968572613746,0.25675778299588825,0.24270896667338693,0.022727771840443292],
[0.14092757042540327,0.32447804705573746,0.4775627009044111,0.03631693422233284],
[0.22097545190940604,0.7268392713978771,0.5533827027773538,0.023580695393310903],
[0.4722242929857202,0.960363412582042,0.7880657558569835,0.021180907303973227],
[0.6055245154699899,0.042995680057814956,0.9821943268043766,0.028195765956920138],
[0.7209116242859162,0.8078508915393736,0.40948178770130683,0.022977233510936702],
[0.7189969780767433,0.37597966627658674,0.6206541810873025,0.03047793746014535],
[0.024261874259514205,0.4669074525377961,0.4595266505656589,0.03638308586493767],
[0.49093759520571545,0.06858937851522806,0.42438689443347255,0.025865341096029677],
[0.6289016313194334,0.07346823365194466,0.05513860827239914,0.04609666555469659],
[0.020739594753826474,0.28256563244386557,0.6260936611825324,0.05574214868126533],
[0.9135480467914634,0.6638798442604603,0.844461480038058,0.059291945359614906],
[0.5242422669983989,0.5027162070300004,0.09248812463145106,0.032312479630514826],
[0.1147796566750462,0.26256925373742246,0.3027402134729875,0.0341125668623309],
[0.45399637633146195,0.7939716755376772,0.3334588244227614,0.024869649128778384],
[0.2768304681124829,0.5587517760557918,0.3029231817985334,0.02324941598049894],
[0.15907252553971096,0.576751747991597,0.19171373431717809,0.020917067164790526],
[0.84729232269905,0.4530523558887516,0.3176652801761718,0.025350289650088967],
[0.469255999889042,0.6192662886717767,0.3269176438655891,0.033488455228907844],
[0.36900319121034053,0.9381648111905845,0.2707857788611474,0.03940971190936998],
[0.00965733531731583,0.4439075760250114,0.1496460345934112,0.023363946753047975],
[0.09662743329356405,0.13695096007584728,0.12060874852541426,0.04091348650802075],
[0.5821916744464748,0.9212317507406765,0.2873566627104015,0.03975624316192509],
[0.9252861589659868,0.9862233047464769,0.9362203226177986,0.06489552358426334],
[0.85494118203106,0.15157318119002483,0.13449239539667734,0.023903083003943143],
[0.14145504756158345,0.28592503869214037,0.30394566337416695,0.026803370079576207],
[0.11812175578043604,0.3935207488943492,0.6955223659984346,0.020707439829073644],
[0.7678927902313205,0.7668481427331149,0.47161296009059717,0.028341604320609858],
[0.37795582868446664,0.6330053052681197,0.09004546538536307,0.024240311001461082],
[0.028051446170712757,0.29747577572229256,0.10054891996842497,0.05358413474163981],
[0.733139423048525,0.08403438798866103,0.426901186524545,0.020517995613146794],
[0.4965939450142842,0.534383172499792,0.6837058876322964,0.03672673531753647],
[0.14852515348762563,0.35176403710893167,0.7310036099425368,0.06488512340429406],
[0.6763089879224097,0.9610955777581208,0.5689423101530878,0.027870294336528413],
[0.31102798349078875,0.2892245446547683,0.3683158466666928,0.05341147893354756],
[0.9407960839039037,0.8209058829809647,0.5473174941204494,0.02052412695594935],
[0.521365831124709,0.47901617938365193,0.2981801670955099,0.04176765522576577],
[0.4340555756287976,0.5235374222499344,0.9848337745924541,0.017447529228151702],
[0.07448431754907503,0.4992533730801003,0.7363871820471288,0.019792283912786625],
[0.3224892750567554,0.6798882881965155,0.1478988719879737,0.08126393006279665],
[0.31159829847956955,0.6214164286087221,0.23831653646593953,0.030232345601331027],
[0.8600465536944695,0.987520381237844,0.6119298293949237,0.023970357954994796],
[0.37109202699263066,0.012094254289294004,0.7445929500731444,0.07602107642047781],
[0.8507409446985004,0.42757352620359956,0.9149463932013439,0.019247108085841604],
[0.6219011527932647,0.5442331804773615,0.2558931268250231,0.022466909301454112],
[0.628551817319515,0.17011411496045803,0.6379577066662075,0.043419069367223624],
[0.6819590264603325,0.650067036719819,0.020662576227983287,0.057435679731363126],
[0.17312416436515432,0.271978168276803,0.0070351530275252205,0.0685454556314734],
[0.9383803380807436,0.1807973990819146,0.29230899205524574,0.049489416510019854],
[0.2707795942459891,0.35647276925070515,0.03448628985457214,0.04639107680271075],
[0.2362018187007594,0.5031446728529134,0.6593201459565434,0.018789764406799067],
[0.7940201657819976,0.6768500829730003,0.8175652776109353,0.05501011948201395],
[0.6539252140639161,0.6494038583578532,0.16399772921649325,0.056428040677539856],
[0.3558299935982082,0.8899922681111953,0.7991924334252263,0.045174466338012226],
[0.09026497503269282,0.360918790119507,0.029879395185552604,0.037153602244157896],
[0.044520176898778185,0.3533457399046457,0.6133034809003041,0.028194138659919654],
[0.9398426141462582,0.6728579291059797,0.3521470621944909,0.04209861306683832],
[0.2881961190227502,0.6848174138777724,0.5110587056171834,0.01882927431785844],
[0.4829200369156501,0.5080068922088761,0.13157256043114374,0.03407064835683675],
[0.3801518727163875,0.9932936894226274,0.6702499470688242,0.05501530899015772],
[0.13840025331287575,0.34798408901722067,0.8006803224888651,0.04004490192621613],
[0.6243379734154864,0.6095831155955823,0.41503427792915837,0.023844758651267693],
[0.30287052596001174,0.3357507922788693,0.26338157816851593,0.04468635024440635],
[0.8549453738545867,0.5104891882696447,0.42585520360341833,0.028403390441738542],
[0.17776292614850808,0.3730440502836464,0.05181998817379885,0.03811972643087119],
[0.8058251636648592,0.5116177144297309,0.19838506245236498,0.030268180747217086],
[0.9187571767438861,0.28463134019221537,0.020359842228555802,0.07314010299263034],
[0.6203518181143597,0.24112574130928532,0.8415954484689002,0.03943134939573663],
[0.5314471419223565,0.4604480732577092,0.25397963803147006,0.02391625040086013],
[0.3619121055366722,0.9135966350115883,0.14568697883896542,0.020017203818324544],
[0.8903533271084582,0.19957771532189983,0.2901625457017264,0.021099915356735027],
[0.6186194971711829,0.3094100909120723,0.29963072030024684,0.024521368180334444],
[0.5940551028689053,0.9117306350362744,0.32949465663225774,0.025260913869654983],
[0.8219076403330531,0.42296574418745614,0.5736673971905915,0.018772063352633643],
[0.5918045866110638,0.14032875522900878,0.26201387720356273,0.03204933292599724],
[0.7809595572535065,0.20747148688854145,0.42158215963798773,0.023696620150598126],
[0.8567208059356177,0.021527742453421705,0.6058147189282658,0.02386048973072795],
[0.29243107600791085,0.21244729063824686,0.025402078733600897,0.03232813220012562],
[0.03825575026115524,0.363093719557384,0.7608517303910409,0.050072934461697374],
[0.37967624830958346,0.37701356526945284,0.7894643470438661,0.01835322892385481],
[0.6230665962727894,0.36731053329685914,0.277495323665352,0.03340678514727269],
[0.23864995886477058,0.5939605881953072,0.23176167332712394,0.03405489495344791],
[0.03802237570858846,0.952149903730619,0.5277432744762764,0.02029508344806598],
[0.19717883393535263,0.052686022333614635,0.20397360404604636,0.03380239951466146],
[0.6683990235524301,0.26588682897324256,0.2849795348948354,0.02017435593326835],
[0.749083671333207,0.4660708223710869,0.7635567240937305,0.025565388336090254],
[0.4351496326984836,0.6165597995367252,0.30241290078549576,0.018919547918933917],
[0.7868279797379658,0.9007724452736697,0.5558160629669302,0.017214430830778102],
[0.7781903427405814,0.3552139623008024,0.5759406717126906,0.019709263689040947],
[0.042609873656302755,0.6748290342467138,0.36861838283947446,0.028429880859289533],
[0.21813610908446768,0.2977848427470575,0.11086880047608716,0.02018239898736026],
[0.6103041940716931,0.09799655411545438,0.6548786033972145,0.038929307561580834],
[0.7441889409742456,0.8552649495735066,0.709822592052807,0.06051754497323951],
[0.6035073097360962,0.4578444659028753,0.020009731165918865,0.024225967491096824],
[0.0007778854460832596,0.8995756568561977,0.5217655135966661,0.03764721444559475],
[0.013566107455620147,0.02951494094805196,0.6063012757013108,0.052220088862341515],
[0.41796280087036175,0.32752519290074156,0.7473550892182885,0.034207107685950075],
[0.6839102253405669,0.4425188151217099,0.030063362891175394,0.034916786210214656],
[0.46060438553352134,0.8024003080860883,0.9252439829167989,0.022625902736579932],
[0.19417634768793246,0.5530998551906803,0.05349632562758999,0.017010354815023193],
[0.1979031140673959,0.33671624635473596,0.6829620964140449,0.05726835707707617],
[0.14699678756191292,0.26465435062206455,0.24752661198435577,0.03013423615109319],
[0.9498612843874606,0.8112014155132244,0.9732629658625223,0.09230570265193833],
[0.4639792076150352,0.6587464702717506,0.5671601363358136,0.024092629785506227],
[0.14638195504227758,0.004820307002466606,0.10183101438089637,0.0946184599577673],
[0.2809121047337291,0.6574778803141565,0.5759036641553337,0.03543218147177659],
[0.5989246049169104,0.8021218409714802,0.5458703186001924,0.024362484319362845],
[0.08812896834697548,0.46243306411821217,0.8438373275704568,0.021543999611129606],
[0.7287187790072673,0.5353515210538082,0.7147407952966891,0.024086743726101756],
[0.4643911858222667,0.054570232012472575,0.8940935289269913,0.017781204176198037],
[0.8705500977804164,0.8350591490579194,0.29680402677947115,0.03571528922756607],
[0.6423250315736718,0.6428481452526046,0.745073653169023,0.04131672511573233],
[0.19041615489674135,0.4688820603774969,0.20762652362313494,0.029299395393709946],
[0.6660637276106002,0.20599519114250886,0.23924172048359071,0.03620767261855133],
[0.286443307741041,0.31460764026589005,0.9973147515236414,0.0800664713863282],
[0.466553601725476,0.15362134896867996,0.5193333115505366,0.01720722602361245],
[0.0006491016910631364,0.2366951014229295,0.04031590404128704,0.11018993775524512],
[0.5784882473490257,0.6391069212900878,0.1983371298327561,0.03751504136691465],
[0.3399064472479473,0.8690004789603113,0.24034735781559413,0.042129928837202534],
[0.37791042031307664,0.3806782268780532,0.19887639140735824,0.029954009075169118],
[0.8817395289810815,0.1803739900907213,0.36498195644552667,0.03569098853442296],
[0.37600932797235465,0.9053400722925353,0.4404609559940126,0.025347836315877427],
[0.9761055891937402,0.6409283606785537,0.926105464250492,0.061321173996727735],
[0.642922316457445,0.7190466971318814,0.11396226264778753,0.05224811681519159],
[0.767931316948859,0.7220290969730436,0.4392524291400378,0.025643055910232818],
[0.6725782685335806,0.12902061098131046,0.6203963895801184,0.026513154762574258],
[0.17578960901866236,0.6197318024777474,0.371503013356704,0.049379741484233006],
[0.7319918991799499,0.5872859214452298,0.2281094244634717,0.026446864392916207],
[0.9922529782164121,0.8249849111394466,0.6377165111572684,0.024677475395984486],
[0.1333640643640358,0.585142707362435,0.39796013186020107,0.022294602137797395],
[0.4204107672423453,0.7104649055247355,0.3429294915575283,0.024713547794260216],
[0.16323106100069806,0.5090612302996353,0.869337765160217,0.019608527757629134],
[0.7524908407652694,0.9414724590383274,0.8588438773610793,0.04682171888382593],
[0.3777529684843647,0.1338737640611517,0.37539669783545426,0.02313201331470989],
[0.7214090111565322,0.41086068015754595,0.7872688204502128,0.018685596317518552],
[0.7234494373943907,0.029759428243931962,0.2881999171411591,0.0279058633502913],
[0.6335943177530279,0.16628821266071547,0.06004150599119307,0.022234667633181472],
[0.5398713900347522,0.049439624776708824,0.46411045769976433,0.03689096035378828],
[0.8006759435654407,0.25557537470562774,0.11446789962876835,0.025493910537907664],
[0.15643011367542303,0.49692332058600097,0.6156318999465594,0.02645986549991728],
[0.4211085507719422,0.923437017807147,0.656550044931309,0.01847994915288856],
[0.8386790167715862,0.6119648629474032,0.669910632282983,0.031085395608226332],
[0.4777529913756762,0.09298943447355412,0.17254344132141008,0.046643426286031825],
[0.9072677806076215,0.9311313788962796,0.5250305255282692,0.023600678384005702],
[0.8749315293277161,0.668185259906031,0.44074533565230956,0.031074937283784382],
[0.6105632109434936,0.8067986800101109,0.7319035281985984,0.054380262026155105],
[0.1378429443655197,0.7596431572532666,0.3819391512610236,0.02075799083262051],
[0.4017436918028139,0.06576704144781276,0.09335685160308038,0.03211725309061826],
[0.274528851896815,0.5015117312793805,0.008347924073918711,0.03182650796903272],
[0.8835399100643913,0.32101111397733784,0.5733225119337353,0.017511469654188427],
[0.36143621636019374,0.6017283789517822,0.09442953600545434,0.03462551663509983],
[0.705834319224043,0.019691496629511862,0.4798054324654426,0.023563034452934707],
[0.9113542203996913,0.09887430698814925,0.600363710533337,0.024910078747000637],
[0.41120393745064354,0.09633664003933773,0.39897073621963,0.03548602879033877],
[0.7619410605192234,0.33098416307142564,0.35958814864128186,0.021895421682223207],
[0.41717903994197847,0.07915888316337649,0.8726335141840039,0.05394375053010041],
[0.4031550780385226,0.5225362654059152,0.6724694596837826,0.02448685350968724],
[0.3825225495494925,0.09194533207209776,0.5072325871906643,0.04003684347697306],
[0.4830126330536927,0.7224672048696048,0.36528511568893096,0.019044326289341516],
[0.5638539267798205,0.32891266521308593,0.8250360529432802,0.01908353091846378],
[0.6330929143118964,0.8846444881776182,0.7399365472606846,0.04773188026744636],
[0.17316670379255927,0.7593338933491122,0.4420657517576658,0.02181781482474223],
[0.6870660367954924,0.4266713263423152,0.7605426522206239,0.039055270660704515],
[0.7657066491939718,0.35406160196481284,0.4581999995974201,0.02695226415720589],
[0.08359231231200426,0.5224668480884146,0.6636242809060579,0.01999466752026187],
[0.6678327619225437,0.5483193867985059,0.1950423922257818,0.04034645794956079],
[0.2152969264674549,0.6659039370419217,0.31058314323513303,0.07866393887477617],
[0.6901437238508927,0.8947653557068932,0.7273438288266181,0.07891892600300997],
[0.9695137799563275,0.15003282757561875,0.41136867806151467,0.04285079075961545],
[0.5240824154885965,0.7202444224953078,0.6439492694610633,0.01727637463883877],
[0.26980378420252726,0.1775618366707643,0.016697149985379522,0.0413954814639978],
[0.6388311906239519,0.6352864008504409,0.38005878982747576,0.021447491309188563],
[0.8507985312109085,0.3915843423730123,0.5859814553410652,0.02718926690057053],
[0.13485959476501386,0.5574490615445102,0.4382792312028979,0.023008369305925203],
[0.5204899661737062,0.32925532528583545,0.7535080093195131,0.01813084083048938],
[0.4385935737888862,0.2374484798054347,0.22438955865909216,0.023363516111204213],
[0.007561967343695186,0.20723401650501327,0.4417619914292851,0.023306011635511742],
[0.058413903801040834,0.670093768438216,0.08371140775233288,0.05879793590647399],
[0.948236995848987,0.9051734884156039,0.6613813926242782,0.03378910732914315],
[0.7112042492464602,0.36333305420140594,0.06384785226226775,0.0298630603828184],
[0.2654675083682203,0.542236237848525,0.3501485234116839,0.034042170673094986],
[0.2508270022648986,0.3173939667651037,0.40279997871883155,0.020827994439297233],
[0.798689114064215,0.6768323060225294,0.41253948022045484,0.030994702755141858],
[0.33382752105682845,0.410538785506095,0.6399141096538746,0.019143244213401883],
[0.5212871279481492,0.8951249221005974,0.5022365122468586,0.022249885926827306],
[0.5720902861804591,0.8274863155328044,0.16595430686247525,0.018020886457443847],
[0.19239496225948716,0.03450323456515303,0.5791346681276802,0.030211925917379596],
[0.6137203113182947,0.7368607521234769,0.7692066160183203,0.04119206908271858],
[0.6628591602799697,0.9177960990722334,0.31041985168648645,0.040536919700106123],
[0.7525478345224451,0.01358525049878434,0.6680449529898099,0.07201801107769615],
[0.32277081059458457,0.18254935239519532,0.008590189217647315,0.05982240725375901],
[0.8781662036332725,0.684324265116721,0.7580647780807376,0.09838754232868048],
[0.09128472408440336,0.10255311998574879,0.5231938362106111,0.019660270035530496],
[0.8498155810903384,0.41600921776134603,0.08528539200111751,0.028157054489705985],
[0.8745870035609493,0.42702277512630427,0.38480235268810503,0.03225888437629146],
[0.8388369785516009,0.0961426487933078,0.5548464393884468,0.01841094522838093],
[0.36476592451883527,0.9945881321987787,0.7424156897932715,0.04710838909218233],
[0.3022021767777002,0.09651162766187527,0.14100671546461552,0.020208062300330176],
[0.05697366915258295,0.7259734231550787,0.6544642666828681,0.05843780351043776],
[0.5558920007609991,0.23876327053901503,0.4906136936765041,0.029427130709227804],
[0.7188095006742573,0.4592517023707333,0.3399648042255097,0.01980436656613676],
[0.5093948697619857,0.692469860895225,0.9611728526073985,0.030556666532789697],
[0.11039245565637257,0.9476913249027903,0.6451582860437785,0.061877828952636243],
[0.11149119983173905,0.2714603470657211,0.654119850798456,0.0720528054531163],
[0.8833768239600847,0.5249672057324858,0.9692330169352641,0.022485269754597734],
[0.2601464903402265,0.8506498320754431,0.4293133364571107,0.026980128372296304],
[0.41188079555106594,0.07683574496322165,0.1741032070215517,0.01761637762430794],
[0.5102243874510264,0.5932137641242017,0.7934389016800053,0.03341654958726757],
[0.9554554854060857,0.2607218231398394,0.28778936422622736,0.054074072838012396],
[0.5864207562616476,0.766744162941869,0.6991838623282182,0.02790308452918009],
[0.4573631041031728,0.760049357137627,0.24791707641117455,0.02798223572046976],
[0.7175638100658138,0.4328290922411353,0.031054233186398106,0.023241703134186255],
[0.7502952092940101,0.4762123198852153,0.35165150620236696,0.030104773137038708],
[0.7321933544172743,0.8293083454729859,0.5546413393965163,0.02058125392515734],
[0.16920666721132183,0.5565865341366183,0.9909730114925587,0.025331470684318437],
[0.3088821266843429,0.6089547011925719,0.7056787437205415,0.033434664185265],
[0.39093324229106163,0.15560254461810197,0.18483925953385927,0.01919680655891587],
[0.5039724473451591,0.5199715818164848,0.6415261451072134,0.04040725013680632],
[0.22475724479323245,0.32987718631764407,0.9298948248455502,0.07191792274581439],
[0.8424588567469623,0.226141188434423,0.3527450100537276,0.028523427427948445],
[0.9780844112614625,0.24004565293430036,0.55500494150268,0.04964654417956883],
[0.6976821865592744,0.5524306530454683,0.08592714239218036,0.0241869543090205],
[0.28219314503213466,0.11911772364200313,0.3300457521087947,0.017421114384704006],
[0.22693404325147382,0.5529159799557272,0.6459685446270211,0.03195869472728443],
[0.616885125272471,0.5024193498504125,0.15822672149734263,0.01740159463482842],
[0.6946972957562297,0.10742005782067643,0.0030049986128530826,0.05317663916124607],
[0.6023143990437689,0.5292626083178582,0.522812182345074,0.02487635282677529],
[0.04630236175533031,0.30952523943510457,0.48470054521566364,0.027242607178282252],
[0.13962887075791086,0.4892015683914872,0.4607730666256692,0.021473391498134972],
[0.03942492055507563,0.7642147942722535,0.2779038731726793,0.14267265267069645],
[0.7591664368020788,0.6959400099406116,0.7069031411954121,0.025022791430004084],
[0.378250287010812,0.6332737761723216,0.36045344934135337,0.025139627615718342],
[0.8413444564847413,0.7210371590976166,0.3877828897798108,0.029446768153983297],
[0.27668474489237704,0.31915944058815016,0.8249053599358918,0.08247458555561613],
[0.6717171082209398,0.45157732549596763,0.427331554443099,0.03082645335344942],
[0.026149238797144703,0.22600733223607627,0.22031321390480285,0.03630649011189879],
[0.46556092125584503,0.8487206721446685,0.1635475416855916,0.02763312835295329],
[0.8216849007146569,0.5254154279085401,0.25654154412230845,0.03857336104676352],
[0.1827757938257848,0.5545142712519698,0.12616382857611053,0.039961672460547874],
[0.649130395458276,0.03519737909556486,0.16277170352106474,0.034185887162041975],
[0.2891284227924734,0.928109494984268,0.7366419775196027,0.03755276695094936],
[0.48234498512539825,0.8564526337740858,0.13249112953256803,0.02024786315835353],
[0.23021004954921598,0.3660214151402035,0.5336786956781223,0.03785487548888888],
[0.1073142453459468,0.4142485732152763,0.0037540390460190087,0.04424512410429699],
[0.9929729858079847,0.44591993291519183,0.3951981805327428,0.02382542618433682],
[0.10988948640172436,0.1928047039297588,0.4861165467550619,0.020708493975561675],
[0.8287778933479514,0.6733572629811883,0.5608432889689503,0.022675918139899956],
[0.6011361471663527,0.0021077989513371698,0.8573956077397257,0.03611988591261601],
[0.5951076692223236,0.4499234565361845,0.1470770154122939,0.017165806771391595],
[0.09043383978070763,0.5101810329702843,0.38147210282650457,0.03675711598088754],
[0.23507478955176697,0.5484535563856868,0.6852025386323088,0.02244798711878465],
[0.4097258375690711,0.9631301966273885,0.37462969366442944,0.029767274445739178],
[0.42343445391472323,0.1463579030039891,0.8221828436676193,0.029743734256600964],
[0.880965467838483,0.5457702972878897,0.12101694921925243,0.041739572254470454],
[0.8578762246589856,0.8982122119263299,0.6363557708424469,0.021585382182286075],
[0.13889252226249238,0.3785560710381467,0.9922363019417718,0.05188450206111267],
[0.512123394926673,0.9131673336211694,0.7532016530740597,0.03947180692021523],
[0.7485064214175173,0.05958962272636703,0.37593639220628183,0.035559939583205365],
[0.3310529286083651,0.23976152243508342,0.20175562905428124,0.028331332009206588],
[0.3633669222157174,0.2531384058858256,0.311607485154642,0.038541503664842],
[0.15768818869236967,0.2854693064384789,0.7308113118603623,0.11776752621559634],
[0.11868949422800179,0.35597981834500225,0.629251361982161,0.03311531893293228],
[0.1915074959317491,0.14602705683494666,0.1438236947834367,0.017825669807784994],
[0.7329047857613417,0.0737794159635019,0.6253189776155821,0.038398029552288736],
[0.4028670556881463,0.7399954166744536,0.8089731137108633,0.03864690944442411],
[0.5738268265291282,0.2579195795699919,0.8645532587085777,0.02459991814534005],
[0.4473806582527404,0.29688152578020666,0.49655837705451933,0.01765253582887924],
[0.8013268649766295,0.7008493280284962,0.5545046142610225,0.036438041141193464],
[0.760955049643105,0.5534204027819889,0.9004314013081626,0.017347799299658857],
[0.6153916888726291,0.4910430011890309,0.19322512058567587,0.02174394390550318],
[0.24411080273592678,0.3921082636726494,0.07609890386866058,0.03456340653137735],
[0.0658157823513218,0.46947783000324306,0.4463272152422034,0.029255977703519773],
[0.4797135637866622,0.37609183954720216,0.6389808093068261,0.0218663795873102],
[0.204083014228021,0.0953576742687865,0.3912227666534035,0.03743738607322324],
[0.9089877357433626,0.806555774522435,0.5079436810338795,0.021380506249987823],
[0.20027056223173378,0.37052121884321565,0.8365967415544631,0.04249037684638062],
[0.24476065078528542,0.511429405924379,0.627228773854688,0.022894352051882734],
[0.17565270235345376,0.6255426647826758,0.821917858630989,0.05529209701860846],
[0.9526045986582572,0.8100079874268136,0.8440582406700399,0.02541400196020783],
[0.03423676369443962,0.03228426119019967,0.18498185713815196,0.08002011053187712],
[0.5867017293334034,0.994537324685768,0.4266945617198997,0.032062399568735495],
[0.6339815876925493,0.5023718790103172,0.8227482964712927,0.024729417671154053],
[0.39496297388398005,0.8942299955982774,0.8230526145225151,0.0258424532153402],
[0.9518327086019125,0.6986263855403976,0.014946732732478707,0.11887099606173036],
[0.4489278607353079,0.4056662755612014,0.2673114463727543,0.024609231702065075],
[0.7206824873312164,0.4920875061969555,0.948830965378518,0.024604424687204515],
[0.5982265432224073,0.6038300523155976,0.36973811433224235,0.02700151072959151],
[0.6171313808564709,0.44283989533327883,0.4976337981049259,0.020121838074834787],
[0.20365060969658855,0.021091371459624475,0.3562347044915676,0.04309655415039653],
[0.411937059933271,0.14303548764255214,0.938993159707073,0.019667844765161487],
[0.624591250336249,0.15383277684774066,0.7050986634055109,0.03194351887008319],
[0.5285213173458293,0.971273179207499,0.14792712735610447,0.022881474522471926],
[0.9918015025885292,0.054797388285034665,0.4053714393996857,0.03580699912153229],
[0.6679469380612386,0.4260792437834361,0.46622137929283936,0.021898246408681356],
[0.6787103857830364,0.01013404012521224,0.8712750550088942,0.08258974763804057],
[0.8932409675630618,0.8983841295253419,0.7112943105696607,0.017507730953332752],
[0.8004661028386335,0.1291950394647814,0.032439387938573705,0.027435098170759557],
[0.05797375222343881,0.7382990237808312,0.46975719957482565,0.02793028324452991],
[0.8685858022456411,0.3711047171765687,0.4603435823137536,0.021290809887267274],
[0.9118325824610388,0.7219862484367262,0.8775920478629288,0.11370812369233153],
[0.38010012032207663,0.3424979143423299,0.597059358062363,0.022132913059994236],
[0.27172481238569457,0.28006282878807365,0.012719639631084023,0.060606693676729564],
[0.6625713501700806,0.8592128718626891,0.8301968251662853,0.04421682266274442],
[0.5192899141432415,0.6468812613660563,0.8668511088297047,0.017517722905879732],
[0.06418963674706946,0.6704020932052854,0.5879862513372262,0.04169271045957042],
[0.8462164682242945,0.5542552989223537,0.8276394623588142,0.019189245151254614],
[0.046404646834112606,0.521431936968675,0.3999646511860705,0.017204390335029025],
[0.4167996012049935,0.48375863402295094,0.3122585462074169,0.01963204911322173],
[0.5807251073087604,0.017058176781868162,0.3411842402571822,0.023270966809725013],
[0.3525385520723142,0.1268340208919343,0.4416821204830801,0.017375874350395823],
[0.964700237558091,0.2586650270347729,0.09733277893448022,0.06355263093165643],
[0.89639251027236,0.3834085655487668,0.7440956934795462,0.027730201173313568],
[0.2034412136443443,0.556296949864319,0.9563376036992529,0.03462170200992538],
[0.6035514776543158,0.9735977856938501,0.6525128697586909,0.046399290809197954],
[0.3109472530020906,0.15016807146252031,0.27937065353496615,0.04098613878180754],
[0.8040638229867431,0.04013563441839152,0.22742253394104295,0.036659643705918156],
[0.3883627591131671,0.10262197758838787,0.11525620042553775,0.027747254448230604],
[0.28438637821254087,0.21806171409982844,0.9605648702272277,0.1140360405663791],
[0.4847061029749522,0.2053363424882113,0.23288855759389926,0.017505677035454414],
[0.47035615307830714,0.7366821846925127,0.4085872028635682,0.02155418864942503],
[0.1512208929898562,0.3183555801735609,0.06620207033757675,0.036086553652945],
[0.0434269530827901,0.34604968067003083,0.46553278824193856,0.027522385023118774],
[0.0918966221988139,0.1846894337108148,0.6054438413002443,0.037319401942118934],
[0.742114929000968,0.7622587539286161,0.3220317406976121,0.0744865399499846],
[0.48869912343138167,0.8028150594962943,0.903883508356658,0.023345239129037867],
[0.9267001102428882,0.971106342720757,0.48100697826829664,0.018195832924778242],
[0.8014153206515058,0.5967711854539726,0.2277931579275112,0.017914068374522765],
[0.760835400208024,0.5212151162683362,0.12702010172348366,0.026762435009665457],
[0.8067296873894939,0.4652248458227891,0.5930355723104317,0.022037383324416966],
[0.6644625827921954,0.5052113942938661,0.6719542484954342,0.026091944504958976],
[0.23266359988851715,0.5739102931063914,0.5090142955511217,0.03435260548968137],
[0.010092958784414852,0.48566014437190275,0.22489308546216402,0.019553540779364068],
[0.20136376181419458,0.18546032466071039,0.11230398738462433,0.02279423414410306],
[0.6701595023480924,0.8685242713392478,0.8742244327131407,0.03231189792411453],
[0.39508452163214214,0.8481584712139754,0.8821720483612934,0.022270756973488813],
[0.6616149761364647,0.6511876984945311,0.3179439176267028,0.060299575111127324],
[0.5391982614671302,0.29968040777642446,0.596111059877193,0.02615811081679789],
[0.9029630169274009,0.49492002810994207,0.9826880384451533,0.02422784144766619],
[0.5073306872985043,0.7623854260762306,0.041826448252009985,0.018050952119255767],
[0.3302637198328935,0.4238408870317869,0.31398643496890943,0.021946686977456033],
[0.38887526417940077,0.33650767718320895,0.3377186471064747,0.04110792785721565],
[0.9936467468141147,0.35769444632085035,0.1845393731556586,0.04486703067339202],
[0.09127693737094034,0.6052692738101432,0.11865672335978406,0.02218815908499905],
[0.27240545816650596,0.38699564254749563,0.5202758695994733,0.032244138002187686],
[0.37780222821644927,0.4068129354329546,0.7387950021135834,0.02245252685833421],
[0.42985315766998855,0.6918881188331771,0.94716644160921,0.024086279355961943],
[0.48958574018767453,0.6364769767740425,0.2827541637707408,0.02127209913634088],
[0.5535305711656029,0.7292490283816752,0.5976443065370874,0.03397546356316569],
[0.898439849044024,0.19565948966118119,0.46458893984701866,0.023576633661691153],
[0.7654344497890203,0.8437902428048492,0.40662608837742353,0.01912460397055383],
[0.9318696064166473,0.43998615497290616,0.07360666294619078,0.019397471125298833],
[0.5603334391935847,0.14266912499160678,0.4357235987893493,0.02375521293500918],
[0.701234998182989,0.2805906017183666,0.46006026463589234,0.025029507520147168],
[0.5213231590095857,0.9816120365712905,0.5523874771758456,0.021473611449732734],
[0.6287547083828278,0.15414919028414265,0.8241334591032557,0.03458311048955752],
[0.02675288231654649,0.07041409392311926,0.29606210925338916,0.08584118728583442],
[0.44620391923400216,0.11910556609090861,0.03017607501555264,0.025179834582835896],
[0.5040271592076695,0.42714093775504125,0.14305749764983489,0.021749613702372952],
[0.30732503256215227,0.370499189442382,0.7611313639366029,0.04658119571537363],
[0.10909605884708162,0.621991653442816,0.023690305505016163,0.04881494988747126],
[0.39750083664595914,0.6503820709539183,0.8007772009585168,0.040509901673234566],
[0.574388080380452,0.24333132380290223,0.2981777575018104,0.017170834593332747],
[0.11311348583880299,0.3677423740751884,0.31002981895781234,0.03234594106924472],
[0.52232283451653,0.07140661067987764,0.18026373372248594,0.020444762869582557],
[0.5417655408671637,0.14600305743439101,0.9593470256350785,0.023030117264211787],
[0.28322781516355733,0.5234780080181227,0.6131256076187698,0.021837081979523554],
[0.542788391766025,0.7369436584687138,0.08217564702439073,0.030375904713670535],
[0.6537462963964296,0.5005468844413515,0.4488286696669461,0.01982746852304061],
[0.13906909928331312,0.3328162617328383,0.37266672765780195,0.035836755040138606],
[0.8589125841122862,0.6817969790221573,0.2718400549348391,0.09390445644376541],
[0.22490494028596864,0.25418920612868257,0.3577284120637487,0.03667531471827903],
[0.13862749984756284,0.17595714013639352,0.6262700768402946,0.04237850098850956],
[0.43326459372159754,0.011120891978099623,0.20947935944470975,0.053646126967888966],
[0.5473273300538724,0.5975525978441645,0.05969631282239185,0.02511227094485656],
[0.08535408161630709,0.3480283645117198,0.3953690240533836,0.044325316760007775],
[0.9984113989965908,0.5481314519628253,0.9784007573315762,0.033081540701742504],
[0.512283135954595,0.002382570532675099,0.4951922248245221,0.039596815320320736],
[0.7595556929442022,0.02995623360109212,0.20479519111081024,0.030055376495021498],
[0.4088313382943032,0.09989618221340446,0.709139898032669,0.020783575713267027],
[0.8435234434968732,0.6251250197282059,0.14194377507724676,0.03633146383238605],
[0.5288147744574311,0.7372312677804612,0.19081337562735057,0.021156013209184893],
[0.7046546392207749,0.9172794383943661,0.49845059985425744,0.017729730907319836],
[0.5403713186778096,0.6061742537492413,0.743371203594808,0.03360673253761969],
[0.4150451051726911,0.3961435776758604,0.7503517813874057,0.021643212519868532],
[0.62316972629522,0.6043802015303719,0.04965063235626832,0.018228591311627677],
[0.274824960861501,0.6608697618188834,0.8771921202328081,0.08818930543924311],
[0.825452804908487,0.6570227963030626,0.6378862193358205,0.05286542590612171],
[0.6488398486835519,0.41705456832286236,0.444782179596107,0.018602177273542554],
[0.882593976588083,0.3245460167166533,0.6677230317239855,0.061322861610464074],
[0.39209595437691536,0.2853343045516116,0.1531388150431775,0.03031581594004762],
[0.5245136420648463,0.454585290601327,0.3983724265958357,0.031540861243618226],
[0.34792729356842556,0.5261748655159472,0.795311096234777,0.02132213364041558],
[0.002708498758402844,0.09604738310212213,0.5071590202483804,0.025626216300122795],
[0.26220394660258395,0.353299482019795,0.7262849029069731,0.04112620955974525],
[0.34923757793983357,0.000551355269848508,0.43727810912532494,0.04754869541545016],
[0.9344460886127769,0.9399431038362001,0.5134627495082655,0.027361306926294612],
[0.9617781450672236,0.3960669395729498,0.9382102358404464,0.0216600142731201],
[0.74184144513092,0.7213133438181849,0.028628585873466506,0.10808300351417534],
[0.537830679794272,0.18752762744877882,0.1465926218484126,0.021404666140115],
[0.5838908147380331,0.3139055809179051,0.4482752468075639,0.02714441917454439],
[0.7169305695723311,0.5202818984079134,0.29427063241153184,0.021638460911846243],
[0.004046410287730784,0.5050824397156475,0.29493098398639983,0.04665590594247336],
[0.8996447724607377,0.8096037925584817,0.32710174517867907,0.0281678962054892],
[0.9126005648174494,0.5041144989168495,0.18530792089125003,0.023697449066060028],
[0.23377770487581395,0.6482203805236454,0.534584887306489,0.03245554986627756],
[0.4835544168603063,0.574837409167483,0.605326193556622,0.02269577407029067],
[0.6272389073109347,0.6050990762333314,0.9171886028710045,0.02604997279287833],
[0.14331097813464033,0.5247577542653208,0.49996479254824944,0.020014162091525838],
[0.09781626322464554,0.30357842639427357,0.049231201910499345,0.0710753159814823],
[0.11281383047645632,0.5283788641291709,0.850455797796534,0.017019130778149406],
[0.0016523088167129663,0.8426307101762746,0.565783658362961,0.02511357273494963],
[0.5162431040724313,0.6963109012829958,0.4193724625536357,0.018431729964100717],
[0.4562622036063514,0.07336908468162073,0.42654628710089004,0.025300852037589736],
[0.6983107946121219,0.24216600485970052,0.0852466725265777,0.022472340654340776],
[0.06215284606723914,0.6450236646623532,0.1666145584419405,0.06767722456434784],
[0.5368585509003465,0.6892489101754546,0.3187527491408728,0.025935031496556828],
[0.7164032967202661,0.1697127065032138,0.08964752705999868,0.032449714930671024],
[0.8930080311879333,0.42176429011630345,0.4856241395778885,0.03453014389783601],
[0.8867225478505572,0.5134925023592504,0.7187221941604117,0.02568063507647496],
[0.4300683331819054,0.5759776674223794,0.9485049722097036,0.018449454552674396],
[0.10396566641388649,0.5874828029511351,0.7507404002216821,0.02055846485861705],
[0.6950192847044865,0.26164028994302824,0.16654117594683182,0.02149356257414923],
[0.4060808804316517,0.17959770402975705,0.13877399957616987,0.01941168208011649],
[0.6046930890242798,0.6801301498564705,0.16709755584835428,0.03473812575611804],
[0.26878767952302896,0.7604208264014318,0.18558531363812825,0.14777337652526118],
[0.615066665170696,0.21005997472929394,0.6657294814396277,0.017793794553597815],
[0.3224379844572094,0.8985778375656146,0.6204080012180827,0.019199406067527035],
[0.26432767646561506,0.11955551156425359,0.35655336509662905,0.0369640824888969],
[0.6802332333329274,0.40110696146155667,0.4792092775004122,0.02981810192262154],
[0.6354661104900454,0.4263616099129527,0.18767234785448672,0.02594820708315053],
[0.41618986185851103,0.15132082987587625,0.4049041660230295,0.024638803351710002],
[0.8260439987393818,0.3421355421488571,0.15198399413514962,0.01958486588660461],
[0.12574391797967044,0.5509964050790079,0.08766776367926188,0.02250714674199513],
[0.6993883258038134,0.6906412561626349,0.4796140174351503,0.032165134891588044],
[0.460431669696335,0.8102625078347129,0.44193619864784206,0.019740886159443458],
[0.4376760947443269,0.9925014920326419,0.2791953617289009,0.031339564260210936],
[0.19652582473520064,0.4538001506191698,0.7865008115855772,0.025709905675968724],
[0.17956412675004707,0.006597425293031867,0.6334269597280714,0.0720678075383602],
[0.956066393310611,0.934076720158153,0.47529775160863186,0.02218954974818517],
[0.6088102365478661,0.09081168783687421,0.004808207308403256,0.04079914727059977],
[0.6735508330836784,0.243887499200375,0.37916173072967807,0.025896438195478995],
[0.7553175403343289,0.9445959544249134,0.7754052022499075,0.07296806036528355],
[0.5628001535580994,0.42818696056064487,0.1367774583417567,0.018358923209659594],
[0.48668524219513076,0.07188580865129168,0.8023377554027614,0.019486903675487617],
[0.26757696429325184,0.2869569293591424,0.33593331868383625,0.03823960183040602],
[0.6042802886305015,0.8189492366316468,0.574191866133176,0.03623445355400619],
[0.22732909521051714,0.6186586260141106,0.749572363914677,0.0210438415295258],
[0.7137883454045442,0.33189861292803124,0.01442511984535555,0.04996842728665021],
[0.9636069099728398,0.19490292225961992,0.34816673969017964,0.06561427902360556],
[0.7582456642658705,0.7318789494197036,0.4066095020319094,0.04371691312268271],
[0.3768510395623381,0.06016521895203453,0.9270626668404188,0.04525209872828592],
[0.3847753960413294,0.15747859048952717,0.6911368873477307,0.022111671559267236],
[0.7879237259410371,0.6266753580435402,0.7633074942847552,0.01956369737608432],
[0.23559386538875238,0.008438364205601068,0.7033683607018251,0.12987141262915292],
[0.5461312001785954,0.2685361575968366,0.8363649902588842,0.03297454903368472],
[0.8302725396450539,0.2925485311559125,0.25692918826958033,0.026169468533053866],
[0.06374326562862542,0.6524105479407057,0.6290767238191681,0.04652521727192631],
[0.5939404952119832,0.5478046459359107,0.3775473437583644,0.02073925551196966],
[0.3448946391856258,0.6325564265293154,0.8196295774633321,0.05468169484315884],
[0.744482902334615,0.6619125013800035,0.4249517798301973,0.022444132971397628],
[0.47846037870311486,0.43007544277966436,0.5306285069164561,0.029947924218289595],
[0.3131637882704029,0.38473932324727333,0.4495446390944673,0.03379050164439249],
[0.6282636632123394,0.5917367041642564,0.726146402021296,0.04050894009980571],
[0.38019705730925946,0.922906184980983,0.820835599775307,0.02949446725576995],
[0.32131289354861914,0.8330295850826606,0.4144141406963705,0.03820782035435379],
[0.8420468689666545,0.6537213237225614,0.49586963614594215,0.02492438898653459],
[0.6127441302785518,0.36490634315118753,0.2018745346265799,0.02608289125951114],
[0.6950847682726232,0.16158979694312903,0.16317282748375683,0.029065713515204337],
[0.8677719296038735,0.3129917326583528,0.22414769100296805,0.027240397763437924],
[0.6750805479856468,0.5446863348299902,0.4180930166409216,0.02310951929496237],
[0.6655697106315551,0.6238647467551219,0.4658172184504108,0.026883917733051294],
[0.6042085636938695,0.5675764388566433,0.9583123695607475,0.02775463715060872],
[0.5362121085639177,0.4631153302502137,0.9552770300403282,0.01906082184746858],
[0.06777440465459861,0.4164157866014997,0.35040789972819475,0.02577406353117001],
[0.1727029969629672,0.5359171870526936,0.03253681175563217,0.017584461695670163],
[0.5280304751491356,0.13302361568513787,0.44932442031444697,0.017280907573654983],
[0.8782791898202926,0.559511365734332,0.5431358857760366,0.023783177921780405],
[0.500153789569546,0.7003361357994828,0.6056546379306768,0.031497189855398317],
[0.023226824056416184,0.054004689513591386,0.4446610063298875,0.031369711220823646],
[0.06680399141388638,0.445272635371603,0.5028311878962904,0.02525515186657845],
[0.7327327795013882,0.06745614420381763,0.2163581201730147,0.027134659784271403],
[0.7513816186814927,0.35890196022658394,0.3203880445910161,0.03788490908226716],
[0.8194408732957393,0.8220438554921007,0.5494986716562063,0.017539883878156436],
[0.1987722172099058,0.4144505917853625,0.8872131379948103,0.02668997066138979],
[0.40901337659214754,0.12944062384109145,0.27985037531486834,0.022225734979195513],
[0.4344432907945901,0.6165282782647876,0.9436374910013826,0.0231139679322592],
[0.4722696202262465,0.6407703167704146,0.030803445043359967,0.029876464609960046],
[0.8115532437259254,0.009554937503863936,0.14284118297947035,0.023534329447708904],
[0.4653134848206085,0.049693415936672425,0.23870348051127643,0.03323560482491685],
[0.35147262318708583,0.09043765165436801,0.3498695990363315,0.06259429765650723],
[0.271248050353345,0.5290104435301713,0.9862707096459512,0.026836624898444794],
[0.9445267166006597,0.5159150323997993,0.8119640900891006,0.02508028767514723],
[0.867417384080172,0.5775999670220506,0.06811967011064879,0.022631259846735134],
[0.6219136632314499,0.13660884742499269,0.07960825045337294,0.030428991362725075],
[0.8560218220131816,0.5032501283512625,0.8358365600897899,0.027508347307737206],
[0.6153864969702355,0.04242751634867048,0.14766069762212974,0.03349206627455552],
[0.4600999024985445,0.4073965612083221,0.9058357253542757,0.019410692582924348],
[0.9696904781414396,0.15848644196235917,0.014079113601698556,0.1138508673884397],
[0.5731245048503367,0.8440482710018345,0.9408517819254638,0.0349302624495366],
[0.5138156634398829,0.23697344731838743,0.0069849210905091885,0.019992437127195735],
[0.4331571765512827,0.5570450925641859,0.375722760908073,0.026606218675124554],
[0.39783836667266737,0.7938675741631841,0.8320666126118308,0.03333919316943895],
[0.0605238685113495,0.9886149655225405,0.31215989300849034,0.09572841304146491],
[0.24577858080231896,0.3757854023563574,0.42891266062669786,0.030840596028659503],
[0.5614729028539603,0.9551817589846653,0.052318638300711595,0.039771498859747775],
[0.6350472495438753,0.4834148778117172,0.07157907242829842,0.03312426300266613],
[0.9692569199860835,0.5468193840270283,0.5614734433474625,0.027507166541089992],
[0.691565419369691,0.04110424556116543,0.7597209141803558,0.09689749738344307],
[0.22819731573512259,0.503873510254742,0.17849413937953862,0.019192674914221317],
[0.5164789574149059,0.27923770823844696,0.43631729708876976,0.018576911918379214],
[0.06133080230828247,0.47370654437608095,0.01201532165482,0.027270929799265882],
[0.3403698256888832,0.35621522634300673,0.3088578073445395,0.0526146525476508],
[0.6142192443178024,0.8261482602412381,0.8397435409414882,0.04198898743540624],
[0.39307211329640157,0.34351030339961575,0.07065732245040002,0.018779406030128072],
[0.23611258488404918,0.6977993252508532,0.6011536549747083,0.06799363593284233],
[0.6009973441414721,0.8207010711767341,0.12501636106872138,0.02816298784591651],
[0.4225800748701143,0.9733331836631364,0.8161395396371639,0.029203405341600625],
[0.5017738428517077,0.6231571001548192,0.8863576347104097,0.022781109429529225],
[0.25387358541110805,0.4234146776614711,0.9996972118473884,0.0411656825066163],
[0.2840579344129174,0.2412600402851901,0.2790285998549461,0.019192420996389355],
[0.5242015079993156,0.21827841647485824,0.8656864203169525,0.023214219986359204],
[0.6697884455464411,0.17064970714033978,0.6530043157838369,0.07176004057086795],
[0.6724788371395207,0.6400231175934052,0.3926945952836516,0.018942081707846073],
[0.6530437079494033,0.8601572220715439,0.3295890627606872,0.027907848351195086],
[0.0073193897182527445,0.6225999013537712,0.51135953354079,0.03477529194286169],
[0.0071717818092470464,0.6818551302443243,0.5276127974890299,0.03250170644722393],
[0.7434206280545098,0.778714373799533,0.42250763733924457,0.0299826864871445],
[0.6267042948322953,0.5898323509427594,0.0614617838841911,0.02256929530556919],
[0.849729184002343,0.552005155044043,0.8797410628566531,0.017893074019937588],
[0.17731934871909927,0.28852063183343735,0.39765284045238325,0.021371819303025764],
[0.032971505440190896,0.6030429912088386,0.9792124067442977,0.025781980731676514],
[0.5629181345072739,0.4209557553884766,0.5992098886717406,0.019417728193044145],
[0.6317303954805836,0.3493109304348755,0.35590248405398395,0.03981182140855348],
[0.13501850699159113,0.8452121293916817,0.4503712200600807,0.017652857118279512],
[0.8966474176493398,0.8404480094861883,0.7907404323466592,0.027693506009008648],
[0.010622077857726175,0.0686730093969502,0.5033422894278727,0.030538817613832793],
[0.016670110275010974,0.8283949944300311,0.5990074741859015,0.028967443455694443],
[0.8924855014679285,0.5781421750183222,0.7435945454241101,0.022781124295179943],
[0.74242051760013,0.3556750635679783,0.9624734087757401,0.049664931669661086],
[0.249238766543751,0.4488430868049088,0.42379888626057893,0.02361289647501038],
[0.7076328434266247,0.7112274531964264,0.7177945322500486,0.020945691271422352],
[0.7581340470488396,0.11680477066707384,0.6808299001097998,0.07880263399105958],
[0.38522770858661004,0.12344389914271736,0.2468351682743638,0.0467382067461356],
[0.6655949461880741,0.3589486605768275,0.325273107891062,0.048823661657441425],
[0.920901558765496,0.7480964631143171,0.4224787323911545,0.027983986027187262],
[0.5703707181362638,0.9563098783296947,0.7450194453610312,0.02011640390446995],
[0.17383299194938684,0.940544065380416,0.376958295119193,0.04755475630944757],
[0.240931496275973,0.08708368157043322,0.12070627912237986,0.021921754370234824],
[0.0371771777821146,0.4485349906740791,0.5587389132408798,0.01995669460333871],
[0.35347159898670366,0.18181546762194611,0.31169838256401605,0.04216437752577723],
[0.8553315517385155,0.7066228990516265,0.5850444892061194,0.027221410534409317],
[0.5421970443527268,0.05461281983618771,0.06650053754833574,0.017875832642387554],
[0.3032756967907707,0.5454903487660225,0.893383786614691,0.03189121714485135],
[0.4795110432892745,0.7511339803875418,0.9604287207768848,0.026549423834091028],
[0.8118395378598157,0.3900469658240383,0.3196653468317785,0.029999478323118424],
[0.492659579831785,0.7771541327837197,0.7746314730848968,0.018324991230340974],
[0.28055348625300525,0.37392212118063817,0.5923480434581414,0.023252094157501957],
[0.3247335462181793,0.04987515658991848,0.5207097992944322,0.034729037393645114],
[0.6463401334217025,0.7125112742929754,0.7974652184238169,0.03588890084188459],
[0.35284758043070497,0.3841638630743087,0.06589184474798271,0.0482863302671038],
[0.7408840465231902,0.6182526437826271,0.12669900751774588,0.021308486306091473],
[0.21048043614248302,0.43292427368014286,0.7227130087303687,0.022682063868630226],
[0.39740805732991646,0.5897826776461171,0.38939558772224403,0.025431889871099407],
[0.7177804858858167,0.18566746712694882,0.24622447905912992,0.038914513257057845],
[0.28887778325798286,0.3879127499769113,0.09775158976805132,0.052393511432513695],
[0.7721477882876969,0.5670703220597624,0.9935865989407143,0.04081657007352224],
[0.9952969011678756,0.4635511111842253,0.9184162693343587,0.03005141656283971],
[0.9275621931564411,0.3214748850498429,0.326249554573278,0.0796109934110889],
[0.7765682442849965,0.2471545927087453,0.20771240365145993,0.04184875110672373],
[0.9301279789000977,0.519917377534808,0.2390506144429555,0.02310633114544898],
[0.45737769478348,0.8323358567383341,0.1320055179404256,0.028721535325443026],
[0.5662715937287776,0.19698772617007265,0.226929207003413,0.03257205799563836],
[0.1285222395606711,0.9965810806196368,0.5230927411055359,0.02037753717635512],
[0.7004853235662177,0.8055768271152567,0.5722039869081672,0.03854794399231992],
[0.4993204921985026,0.08989164665814431,0.9664283242410266,0.02134687228668288],
[0.45072462115154455,0.3989555759301108,0.39733615004694367,0.027823544858425475],
[0.3948168263608429,0.5538451074755859,0.3361184561838225,0.02510892410755939]
