username = nchw73
detector set
algorithm code = VD
dimension = 3
self-radius = 0.015
number of detectors = 1000 (from an intended number of 1000)
training time = 6.3
[0.6741957113747303,0.8085456082780293,0.19995796891360396,0.07122816639917735],
[0.383058007691245,0.7072576647703176,0.6920737894825026,0.03269953787445618],
[0.7640709771911558,0.4609397637628637,0.756228295110053,0.029217970479249906],
[0.7795377977806234,0.1681772382025497,0.5136025429350204,0.022122678324790986],
[0.0707194512302406,0.8232407587250177,0.181106330520587,0.1954517375568524],
[0.48289289461592555,0.2110768010344548,0.23175343593760844,0.02193757652483086],
[0.5731520990563103,0.37325228001079236,0.2695129984811315,0.027077400502670212],
[0.9816812767494839,0.6478988703476187,0.3314616580310886,0.03646062979590277],
[0.6188248210530386,0.4855482437315728,0.09749732599206251,0.03023709978848351],
[0.9479933703494471,0.9530245233803734,0.7258048733073327,0.026861389545500942],
[0.10300941402928077,0.06253095665388597,0.43522949489088325,0.016252773768970143],
[0.9910384701938166,0.9828982906763688,0.5939769686964688,0.01758343574243048],
[0.6383305740108448,0.14315404651262154,0.12162578603648688,0.01810363688639898],
[0.3349928297980582,0.26072256948160477,0.29235103115788064,0.018841342020728173],
[0.07549597035663502,0.322403010606487,0.00997059221534613,0.07360459325196467],
[0.38729935913544333,0.20628466635502596,0.01672599507771344,0.02111272298915596],
[0.23380753882362515,0.6146708778548593,0.9880869284422834,0.03289136410291971],
[0.36079685981918264,0.06083100820348497,0.30364140148128005,0.07807035351049714],
[0.18621244613968457,0.3144360429908095,0.3999683575249243,0.015933652217380787],
[0.7149495667125201,0.9238814905321345,0.6600746448858958,0.05324575108896379],
[0.28997135299071164,0.06085781528684575,0.6250233805116965,0.0508857629673561],
[0.2496299948693831,0.40200125020479915,0.9032880764696304,0.01784623603653622],
[0.9316490158228101,0.17138407066214956,0.34224427522470047,0.07310001602560828],
[0.7713674992366502,0.3747163621914885,0.6821643050015702,0.05644261774925359],
[0.27082604175936686,0.7493389247511295,0.1717038007992151,0.1471979707535826],
[0.2563672606617903,0.18097321149380363,0.6058849973438059,0.018547210283127967],
[0.9062849237411096,0.8337287597041639,0.9692268796345715,0.08670067166777275],
[0.7977231486548113,0.9359809499206716,0.9991482094235904,0.13615006343608604],
[0.4130636354160726,0.5154800196379556,0.007863557205793015,0.04825273853028321],
[0.992032540637892,0.48661620980781584,0.9229236483918697,0.023364364753438616],
[0.9608089247958492,0.2319198859655225,0.542755898451328,0.036621788471520055],
[0.18777795808175224,0.09013997453229128,0.4878629774699679,0.025664454141698004],
[0.2843359646474387,0.23873390471469913,0.9377111551597365,0.10644349197982637],
[0.5196422565799237,0.2608253795233312,0.8390289116579879,0.041873849625465975],
[0.3994015056045839,0.6330211551572238,0.1530346321894981,0.02471711806497765],
[0.7023990893846349,0.1611878234528461,0.2058160268139403,0.0481429866009216],
[0.5939297687518156,0.7785410404267917,0.8767556358191765,0.01534128300334072],
[0.9766793398698584,0.13567422742886304,0.5448846102607663,0.02173258981423261],
[0.7549370855464324,0.9952936257381992,0.20492202517118918,0.11258686144286954],
[0.684234225684266,0.12082875711890406,0.9572274186358302,0.09893634220545226],
[0.8888117758440097,0.7013347126735632,0.48830936434349437,0.02256404496505647],
[0.8078202029306215,0.3490115333804492,0.7660777855639702,0.0587665434149547],
[0.919458912935243,0.5862558442939503,0.4669801782509768,0.03297547979156254],
[0.5843695117272185,0.9986244387618869,0.13654350291941786,0.0245671626734012],
[0.6415261829686786,0.24001931592729087,0.7945854114388483,0.05805046167239039],
[0.31410669481474507,0.886334859953784,0.9761077281435939,0.0741523390368732],
[0.4870290616522269,0.9356124937263918,0.022683947832433993,0.03818632517261749],
[0.8093824064055704,0.5206745030066575,0.40123841478109656,0.033121026657024856],
[0.6858566309446036,0.6345293760598104,0.8906059581984831,0.05544544070795937],
[0.8545444036869699,0.6689706536191792,0.5928142496142144,0.030302916542820427],
[0.029627073939995308,0.9060616169533202,0.6771506507977966,0.06302374112070339],
[0.19450332160091965,0.7402625875738925,0.31929340803394957,0.07459707704287838],
[0.694537477460733,0.8322715997067093,0.7160405278032284,0.04372818210321341],
[0.9005928748959391,0.3976097520503684,0.5689849739930968,0.02282128602870586],
[0.6963657790187799,0.4983420835250564,0.9289477443276196,0.022223502075420683],
[0.9966752970728194,0.7463623157461183,0.06332583792119628,0.1640746732140818],
[0.7360961429532381,0.8368871480151038,0.1277089582648714,0.15565779955560993],
[0.42072891730764894,0.4513866809078583,0.3894609231409055,0.0199146017764514],
[0.6570257245494825,0.7081511753542638,0.6756675024016876,0.018950924812558376],
[0.005458602149396641,0.12811553465119896,0.28467368085044087,0.09254061160163937],
[0.6258859967634369,0.22843890859538252,0.28128177024782497,0.01666989806764553],
[0.5827957487338097,0.7499626392965211,0.903912260702445,0.029892216703926375],
[0.15647391621499307,0.8230862781635601,0.7521869252506637,0.10141158877864075],
[0.3217798740386707,0.3163213506038496,0.6951176142481972,0.07593093830263645],
[0.14312322381998077,0.5589163824004734,0.556620313846345,0.016007763865841403],
[0.1333354539028524,0.10120213625103369,0.8099340667622583,0.22278306998316516],
[0.5219759610388394,0.6847775966289121,0.8140326183639514,0.0184361307856929],
[0.6150941744410464,0.02702506116045511,0.8310909782488304,0.04491391060606069],
[0.6850131421262854,0.3960381623881519,0.536161200572471,0.01736279301269595],
[0.8148083930992472,0.9485812821095112,0.6881267888792147,0.023725742740548013],
[0.5205299552103291,0.9098915579923555,0.8170742442911506,0.027931387029881738],
[0.24697795159803437,0.025361545842448763,0.09703056535675603,0.07346727416238433],
[0.01913921662500917,0.6780111323259536,0.6200958855519974,0.051651515159710296],
[0.9770897637777359,0.07319151659421219,0.753234922233089,0.1616035398134289],
[0.5744717555101849,0.22397117008570866,0.029013771828543145,0.023945973460701882],
[0.8799910880057495,0.7922157826816922,0.4448997699811986,0.019014387074440225],
[0.1598828103800235,0.664497574327819,0.7052077785060417,0.07809309060023072],
[0.16132543951975842,0.3043477844800747,0.6080454248496994,0.03279265577864756],
[0.19629225516650317,0.34971592838087207,0.9035275004334009,0.07656490553348223],
[0.7707434981834436,0.515943933710874,0.9102334921776609,0.021007654054755562],
[0.4631298658572167,0.4016825321834806,0.3951138310742318,0.03434928432343874],
[0.8222556472743304,0.2956225866602643,0.41199434229625387,0.023676152755126717],
[0.4570623615353142,0.7924679655157958,0.408661723184893,0.03813229432389516],
[0.320753901222279,0.8561638204159491,0.36163725287866366,0.0403326056028189],
[0.6702415450695884,0.10841976365266182,0.2590579027536931,0.02337151948170904],
[0.6354345686947332,0.8235956517527007,0.3617030064993738,0.04642297696737801],
[0.5101697570532783,0.678103667620133,0.5942797426731524,0.02578123498265672],
[0.4263526989671227,0.13798662571836784,0.17613802524365907,0.015842433622091697],
[0.38229350737888246,0.42250346987920473,0.04476719402383211,0.01777840173326952],
[0.9752747805092052,0.8171950390730552,0.3046717977847987,0.04992819098060368],
[0.9304168573873343,0.9325257077390507,0.41372713794859417,0.017976856068388412],
[0.3752834509756099,0.955450582748843,0.7836302712691275,0.030511326866962667],
[0.5850108689784517,0.5698080066213993,0.6623802377191086,0.02530590320344258],
[0.7205392286877511,0.32838385738345566,0.9704775599797698,0.06504020500318361],
[0.026635692593784177,0.23694081451495275,0.10183817203747969,0.04959448896925053],
[0.76933313192232,0.14192082393401073,0.3006950034752134,0.018423515583302963],
[0.13353075964659256,0.5373924598010301,0.8818051715437624,0.02355646444559252],
[0.07841020497223883,0.9722014902393479,0.04789434867929754,0.29587807370504654],
[0.7749333594668273,0.6497114323590868,0.2900854251530288,0.05318147053022747],
[0.9778929557007465,0.6340398502408822,0.8116549592950421,0.05156745351881403],
[0.9371123547562025,0.6963775722207123,0.9451052985063155,0.11287927695415732],
[0.4341189950879206,0.8639188576857028,0.19363056017544278,0.016891151058116755],
[0.011620280142676243,0.3154244252404894,0.6450495479929274,0.07062503895290512],
[0.9171290836478634,0.08782678637046581,0.2787446111752948,0.05469324195671746],
[0.04762217850789452,0.47567028580664916,0.4612948978746604,0.03495079920343191],
[0.44421537494382934,0.8215586003952129,0.9076444221266907,0.03105056436899689],
[0.22879376265082574,0.37924582930795536,0.9824536735620895,0.04212476965716589],
[0.5569005333162452,0.6674899409224733,0.06891417653042531,0.01661934179086131],
[0.8703292171691033,0.3540453760761595,0.3710474653238678,0.05270892836970402],
[0.776243181067103,0.13449927840610199,0.7971862672042711,0.1694184509262917],
[0.5895589117939024,0.5191250139700426,0.6785411880767985,0.018777660006611165],
[0.10441820027300674,0.5999502507732467,0.4381112909432965,0.01619510715571019],
[0.9859884741341848,0.2391100681003655,0.5751847282475097,0.05872582940357628],
[0.5615495687677354,0.796165139621448,0.4458275492653391,0.04216824117145816],
[0.8820166880351621,0.4006947504960463,0.4266681595783144,0.016427213790297567],
[0.011460796789836025,0.7951955400600159,0.9078077482807166,0.18794962131483745],
[0.9684975512811811,0.49139977444083194,0.9913725160989003,0.022435059726013874],
[0.8650391721331134,0.21383985677051287,0.9746496743216831,0.17419387612035875],
[0.5301139483396803,0.9768707246294012,0.8208101077837533,0.017803811974055082],
[0.862839501896331,0.8191703916884465,0.3775183667558296,0.033778550313677436],
[0.8900832462380531,0.5635690508931818,0.7204243831833346,0.02416741834680043],
[0.401699860659965,0.7384491308530194,0.06796872652915253,0.030048846309925548],
[0.6616982328821058,0.4213101618061108,0.3106647649372277,0.02151754650485376],
[0.815944592770128,0.15663090853620287,0.3894833238082135,0.03006170324949719],
[0.3496087410547932,0.6185479177955364,0.3154220211793878,0.04237050902499232],
[0.5570769436668641,0.9818892448791233,0.6188931191392621,0.03601046499669776],
[0.9349318443485154,0.6571710320357328,0.5323775569411473,0.025557664324726212],
[0.0996892310081845,0.5889851023325073,0.8396855674819652,0.02461930867143075],
[0.610323547032537,0.6592992094575079,0.060071295217149046,0.02032860692697304],
[0.5689127451840142,0.2859864015336997,0.5684087542428619,0.029124048696316525],
[0.6762386727431358,0.36953168636669764,0.3513461978464585,0.05857234894039573],
[0.6726039101063495,0.5440843070084753,0.5757066004732433,0.020205518265159893],
[0.13275898658809127,0.7220850754350268,0.46137508941020056,0.0207386347324282],
[0.45595842348362303,0.14727197197931152,0.9986095700814781,0.025578146171139272],
[0.22843040298114803,0.6103806247685383,0.6610609222349877,0.017807630081300922],
[0.27607814639811934,0.6285470905301036,0.49125140353366203,0.018810217409034095],
[0.35364544178396085,0.11380031108116817,0.01910442175963234,0.07681388539757418],
[0.5487384223092591,0.5275243853572756,0.38893100686506454,0.027328987578186713],
[0.42680508439502707,0.060706116833244006,0.21977046395845112,0.056945397846623946],
[0.2146402057670025,0.4606934192762203,0.07779074312458212,0.020004797839199888],
[0.5194331440336591,0.25244566702817417,0.7130822109175935,0.01924523611237633],
[0.2811830472999415,0.0939867510345106,0.3815106550126869,0.03221851611207597],
[0.02212996547793833,0.2890370786222888,0.5114412697547717,0.022328516833541076],
[0.34071268204762306,0.42525116859506484,0.8443327569958844,0.027601687310271808],
[0.8405174824091112,0.5210593771037437,0.24089348514793074,0.02892271159480326],
[0.32176314827868024,0.08442206393684559,0.4160874980766408,0.02619150897929027],
[0.638924426296057,0.37352846144633645,0.4438364770215587,0.017062608209509264],
[0.33449454062331985,0.33990864830959644,0.8758378955733164,0.055939090019947096],
[0.9934179722906423,0.21511375694952928,0.3279022164341344,0.09553107987059069],
[0.9337503574242136,0.11654666026669802,0.5119040581130452,0.03250483996936775],
[0.8221230599864632,0.7786433227347717,0.7464191753104811,0.04795184067227705],
[0.8556863321075425,0.7463337027649203,0.44984866888563735,0.01545433171486496],
[0.6338728952498843,0.7395095735248336,0.8741246165797633,0.04515425454362051],
[0.5226538526773226,0.8289721847350542,0.05360147745839183,0.016522544291870785],
[0.9396369938056364,0.06909537363816631,0.08745675086157267,0.08269320244463539],
[0.13928727255522244,0.614369268329231,0.40335289561063414,0.031007507634241004],
[0.04117143291358305,0.20176595964528854,0.33100421398408275,0.04826202592333785],
[0.051844833362310605,0.46822051540066434,0.695914585285496,0.025527789824000613],
[0.8551723546082872,0.058015855085760126,0.10939412255227243,0.033040327165000306],
[0.11725186973849333,0.6714855280091825,0.8089412065070424,0.07531416905372686],
[0.698868861171184,0.6184073323542623,0.29507486642392655,0.036518412111349624],
[0.9408228274999986,0.5618335570923302,0.08138104048404793,0.029808330468014406],
[0.8738632478183586,0.11276308951011238,0.55859184900585,0.019653362183907043],
[0.4790788315178979,0.3954824289485248,0.6696214634012346,0.015404476428766967],
[0.31220766619611773,0.07325739350662197,0.530911469305837,0.025547153363273144],
[0.5583944518774052,0.6614715135902621,0.17368466321903286,0.038910326156452645],
[0.26632665877146267,0.6560344992125955,0.6294211539023541,0.05879917920410682],
[0.05326197898360996,0.767776706524888,0.3763101470542578,0.05606347988019672],
[0.41555370516643264,0.6148234049886931,0.10541296738543382,0.016846269897627886],
[0.06877754680512538,0.7845093826432423,0.7165749462204248,0.11546731617658614],
[0.379911336332418,0.7016938740890535,0.5519167792658936,0.0166530169414904],
[0.3653717115480781,0.1963023574346443,0.3345763412256324,0.0328197098978405],
[0.4253873947072162,0.9796838249696683,0.9338380293153515,0.03744703832547804],
[0.01815868257387032,0.7250513584107163,0.35756860107637956,0.05738793321727709],
[0.8104234849124924,0.9063441925891899,0.6582951471094375,0.02064956391115584],
[0.05221366150522544,0.032782114349143354,0.5367026737051723,0.019012780748268183],
[0.4028675937807994,0.831664184098179,0.8873033566061161,0.02483493380932497],
[0.617252747565149,0.8471023562728512,0.8240926530466276,0.027612883476331014],
[0.3214967843377752,0.7730582053407431,0.9615858932341802,0.08198892374150195],
[0.8799166787509358,0.7437613348146079,0.8555152557111059,0.09819435396520734],
[0.4991307132512156,0.06457592915953159,0.704439983203956,0.020452321567582324],
[0.2082288298113738,0.42198910320358074,0.8031760744370563,0.022939831859231506],
[0.22437862810507214,0.41241562701939016,0.5029504226056308,0.026260201433969683],
[0.4124997305555259,0.3336257326896267,0.9528483227519533,0.02429511198544055],
[0.693426751952974,0.9324431111739384,0.0037090264977587273,0.10150099474896938],
[0.9095473876780837,0.03281873359393683,0.20026845436534246,0.06917440953392258],
[0.3349262842776364,0.6465182971655563,0.765079122817769,0.059092079743608555],
[0.4072983506982101,0.43739939451570653,0.15923433070993553,0.015916070778876478],
[0.930062209054195,0.5368910245897527,0.247735763791182,0.027413886213487997],
[0.742535554168569,0.49862182186864,0.368961181418775,0.022618354670982478],
[0.2675757443711172,0.331835152257396,0.9868995647860372,0.07285987494673948],
[0.6367920360186476,0.5159672697034647,0.3908478619374859,0.01902322447017562],
[0.4348796802987097,0.21027241294004895,0.8216911029427094,0.027042134218841926],
[0.32902608751197127,0.9461290641654635,0.5707822865515556,0.023750710250685494],
[0.5242767722553712,0.18641202185813055,0.1645273280225784,0.030559826663456385],
[0.08877650455362485,0.3754671149221954,0.282390004608004,0.04287638868463702],
[0.2365129950137459,0.26170882221045366,0.6540356357641901,0.07649600562131778],
[0.8498478733996846,0.8155908656417575,0.23208203546519146,0.09364030247074014],
[0.9001864556188204,0.30927673825971125,0.05852801328705759,0.06400620645680766],
[0.030575141577890763,0.6693182719820517,0.48416845696248634,0.03744862760553512],
[0.31263008851343665,0.4528627432095389,0.37776642214931233,0.02966380602927561],
[0.5482323610182399,0.998319185154413,0.6634951576082393,0.02793899705294626],
[0.7098541055119143,0.4040478811755669,0.5018827182420125,0.024557845403324556],
[0.3578924113041255,0.4433623231483277,0.3923687429474325,0.03287641234426118],
[0.8062462225187735,0.5294681322854572,0.7714115143228937,0.03700348253052042],
[0.9656445669515737,0.8427039691879709,0.4366027771633134,0.018328608691718255],
[0.29960639078430973,0.1296826927773237,0.1852135172586823,0.026614195316724286],
[0.42358627210165234,0.172999775488608,0.4829969350317138,0.026203772137855227],
[0.3548509928254493,0.01572847974701963,0.6598486097753868,0.06894841730738373],
[0.3689848314440253,0.5695327168383808,0.5431556112122427,0.021144776586959263],
[0.04264671071959436,0.367618515378512,0.37037383250672373,0.04313534927116836],
[0.9573226305291735,0.7036562876418291,0.23805729045787738,0.10780911085629831],
[0.6842705767949104,0.5421632065048797,0.16497707750493307,0.01809250600128321],
[0.7725333170882206,0.2023211092712175,0.117934648107341,0.03783142567090295],
[0.20811059593142323,0.991488784492338,0.5906335968201504,0.03191277160229339],
[0.20748499459418157,0.38970223559962924,0.10200521318503775,0.04698752376362622],
[0.7433332308518115,0.16113076450441588,0.15009286518124454,0.04614427441914009],
[0.6587646796225041,0.9677355860859282,0.8079609968762439,0.05140124069700251],
[0.2769570513739834,0.40206988032427227,0.8490096647303458,0.0269751696867997],
[0.6175023966538746,0.9374541586599352,0.24923889179717473,0.05814981540328398],
[0.03545193411931058,0.3684966436527387,0.08484716308229812,0.038875875219010265],
[0.33444718908579596,0.5078746835098149,0.5067232521975918,0.021237440632324175],
[0.4672861493424697,0.0901775351289622,0.26728317241018207,0.01749102678350807],
[0.2369088369875314,0.546959401246059,0.7484629752165268,0.02672784482557742],
[0.08575156446107557,0.21120138698110047,0.19227127966989244,0.02274417941061417],
[0.9341027334882357,0.5009079373800069,0.12157671796865821,0.019787935338904522],
[0.7345173787468025,0.824811961167296,0.9166400703231123,0.0892508531715969],
[0.0004507900420925859,0.39534900320157884,0.8617455111687149,0.03990608963787464],
[0.14178745253972025,0.02632527502136306,0.5965805150830417,0.03531345962869547],
[0.7026885164106774,0.3028053432423383,0.6344390167334302,0.0582235280744023],
[0.23221470746051953,0.2982070473843297,0.3342128293313307,0.03968222505691518],
[0.9888005881088912,0.8996136605088433,0.24622549385329773,0.0899769083532746],
[0.3108892224580956,0.971900808529718,0.622335064166288,0.050305678539042664],
[0.307484854669128,0.6469833007400814,0.8284710964241547,0.08141654029664189],
[0.1737132079646766,0.5419749845132613,0.09875328838928876,0.03268711361826851],
[0.2585729010463651,0.07766228800426345,0.5211555626901965,0.015989796288128],
[0.32048612520153374,0.6527194589171881,0.5899424302283183,0.01563430722339406],
[0.3965093385297743,0.7243410368027275,0.7266349381823471,0.04768600946214331],
[0.47834850964408837,0.17639701889626458,0.03590535989796184,0.018386055336738864],
[0.48906371018882455,0.9532810600499532,0.20907285919191398,0.036135120132334844],
[0.017170272954437737,0.2592057125407241,0.010409826250587506,0.12742976985925375],
[0.863056615461556,0.15912258629053466,0.15967733287052976,0.03167735229533321],
[0.8165648881687948,0.8172064926376229,0.8350303281758954,0.08201985203820027],
[0.14107814136930097,0.5732536123405914,0.0283570215067791,0.0222462743093694],
[0.9337506761048984,0.43068226635557694,0.7066135948272603,0.016043980996508656],
[0.1944753057123888,0.02851577651764059,0.23479870601633857,0.029356122415087157],
[0.5901107036127132,0.7104540199652196,0.3445547270749625,0.0336928660969994],
[0.466015778950427,0.534758336584758,0.6381149015691574,0.037253395372610756],
[0.6809312895748242,0.7016791302430038,0.7939412987145855,0.028917157566774883],
[0.3266997291229845,0.02567234973341581,0.4712220519002368,0.0412685760968591],
[0.21508885997263738,0.49177680341798746,0.8893704147337765,0.018196474331851217],
[0.47303213889269224,0.4975863601938616,0.8269903613904936,0.01885306686136356],
[0.8610638019851227,0.9231632402569604,0.7365437052783751,0.023885901405453963],
[0.9753462786009967,0.36284946073982693,0.5851095435680818,0.030018897446426523],
[0.2441884755183127,0.6960940505643758,0.7966598873889077,0.10912270871704313],
[0.21845598315053794,0.996501305980726,0.807210847187744,0.15237682564341226],
[0.9097946962248168,0.6231293797828568,0.466200814456877,0.02137609695497033],
[0.0776411004148605,0.07927424564192886,0.48411651471439754,0.02842334101427886],
[0.0030755677362219735,0.04149746757939565,0.5216341012191883,0.052426911128559836],
[0.4680686363521859,0.12496288505497233,0.8581323665067506,0.01775322419786253],
[0.38257735397358283,0.9951567969717293,0.7767178489452291,0.02813138435413514],
[0.44110487210767213,0.998452753103944,0.2658688938237681,0.03197491505385296],
[0.560951938077829,0.6558608214796283,0.923603548106658,0.01740462115920658],
[0.9242136641925057,0.6849470021087981,0.5229953296166845,0.026882446805961933],
[0.440093896044896,0.9657766874825289,0.8855918658811954,0.018724651295353834],
[0.7672245169139136,0.7552444112177432,0.30983875297180397,0.06743223294093646],
[0.5277133209094016,0.33324258453852484,0.9637465152004371,0.03134183028581338],
[0.8708277349345861,0.01665635820015332,0.14393888418624579,0.057083283076265645],
[0.3448659904888328,0.35553394153438833,0.7916364814692414,0.056549549772958216],
[0.4757680913360164,0.19304396855741912,0.46971106753638514,0.021140189877311484],
[0.28940945131920803,0.26363827248366223,0.0992815679132123,0.02440366555817869],
[0.3255094791176236,0.566356262958215,0.28967369961074807,0.02978566979286209],
[0.6105288888039253,0.6150818941115526,0.8944073826373979,0.020051763440336552],
[0.29011003548853287,0.8206289648337255,0.6226498426778022,0.023975689127320635],
[0.6684458371807415,0.8910528825813301,0.6601524669733766,0.029477688531631935],
[0.4862798823761043,0.7943313094044511,0.4711172921092813,0.021443696702236364],
[0.9265132897493228,0.402885980620167,0.9480110405097398,0.020000141426700126],
[0.8434522381277981,0.6183109421567238,0.6193558063334891,0.042516995054342546],
[0.27435281101164377,0.5722698814973614,0.030703296336921038,0.03755813999788294],
[0.6429839226731391,0.7859461358337254,0.29777356141229416,0.05528575414983847],
[0.43701201878356766,0.8163289361689106,0.23049921087882708,0.03666700583313196],
[0.05359821288718902,0.9932211429329106,0.5659752271988372,0.027240249810242],
[0.9311497135658641,0.08203584366845573,0.37070117374393663,0.04184879171006191],
[0.2434802580118599,0.3512047042628852,0.0606881234134935,0.05099725260533844],
[0.7569140066565493,0.03915687695679815,0.5811148540269713,0.023922433860736572],
[0.47768642132059025,0.1841061721482432,0.9154486956403286,0.032918402731939994],
[0.4974252028337214,0.608075361680591,0.2387678748657327,0.037669062403067013],
[0.5242070456555117,0.6327323696734654,0.9256495922303847,0.018786531808204485],
[0.04046297802118459,0.35106009411953754,0.13424473917656055,0.055268259582362714],
[0.3475698821984995,0.9190333695362359,0.4100183246621286,0.022309620530087886],
[0.5804483500133497,0.46289665635549637,0.9256695156651741,0.02080816278997777],
[0.13960046691970218,0.48678452294819785,0.00021597116478189182,0.03316424655045],
[0.553834194324291,0.21607973914696565,0.08130598739044004,0.029249786860294738],
[0.04330986206180676,0.31270623286674437,0.4607497981704878,0.03030666370578059],
[0.9654933658410474,0.2642168009957082,0.23874445255824872,0.04263886876867742],
[0.3816253916212554,0.29762364941720454,0.14391378024302282,0.0352267475884047],
[0.556351620600339,0.139912778170313,0.001556892844042146,0.02664223926194314],
[0.9355503253335185,0.1664767328736374,0.05697465136720148,0.07569462029463091],
[0.7723369697958953,0.38775751849439755,0.8297209353996929,0.03661375910537123],
[0.6887366555068212,0.4260858283184662,0.1771452163589875,0.029425699792040794],
[0.35897761340485745,0.22307371183469993,0.7427534750614985,0.06283641813124403],
[0.4706046174304582,0.5241949051478718,0.33566344961982364,0.01818019684181811],
[0.2825812876590834,0.49778054231661706,0.9887568118180206,0.0332443911737062],
[0.7164092003943925,0.47033597646069714,0.12227669416155351,0.027493929186618242],
[0.2008799330611426,0.7785691914872739,0.6634097526435023,0.07220656336583835],
[0.22278891631688047,0.21904627498186213,0.5728272543316596,0.027746131643753155],
[0.38625906153733536,0.2965857344376901,0.381867723861385,0.016366955772801034],
[0.9282746947193699,0.4568328815827182,0.8596721059689737,0.02408305124003144],
[0.9071229620948047,0.6739215683584338,0.3675428700347586,0.04094010449125224],
[0.07712989099741596,0.7026782963467181,0.4901455110466528,0.029011228712417375],
[0.5941214804672535,0.5843328825504435,0.15455071040238366,0.018767565249515734],
[0.37462069688137556,0.7838539064479726,0.34655650107967195,0.01960772978924904],
[0.5802716971211198,0.7818322715487529,0.5777860849488529,0.03866021801308143],
[0.45324073589195735,0.16207990774436642,0.67267652702827,0.030425508283074304],
[0.6841638015750664,0.7904885904064497,0.5029092724404913,0.015381973088289404],
[0.49246968164567073,0.5676062813890365,0.659584574263864,0.03559022436314847],
[0.046379644348674476,0.5632607902293041,0.8921300639091428,0.024145692343236172],
[0.717252817498334,0.23945314939991402,0.21259013055096632,0.052139191762419185],
[0.7527918924990744,0.3974425677006034,0.2297918465027713,0.02396835017101024],
[0.144368769235365,0.4944059626608973,0.3279035066043927,0.017109487802298713],
[0.6196883145411987,0.6329638150634243,0.8044031812273857,0.038560347982366926],
[0.9342911783211352,0.5327331552619418,0.2168479834185396,0.022146964694636485],
[0.7443077703734198,0.7896245751201274,0.4431462944326856,0.04024816918117051],
[0.8102937028960423,0.3987386040272194,0.8304532283446274,0.01621806735322162],
[0.8813778096019118,0.6424962034940034,0.3114971043851884,0.04483103910267716],
[0.9338927416821813,0.9429995066360509,0.4730136532502811,0.026329486484161564],
[0.2796826130070802,0.39743109585593495,0.7865713036221276,0.022612252809586092],
[0.7637998630807402,0.6102978754383352,0.25014939807735814,0.040180556363606026],
[0.92649429013022,0.3487809591050882,0.4711509860893561,0.015037087926812347],
[0.6743165561266562,0.5129482422872124,0.6579852985886551,0.039996258460530905],
[0.7887200580563781,0.48606639760376213,0.08245126293221938,0.030260799205568727],
[0.38914715691962254,0.8241773454209628,0.9890646602614772,0.032969766653990464],
[0.9844430359465245,0.6237460704604438,0.6551678817139032,0.05349351411074173],
[0.8741085500239748,0.28204905846384587,0.4905950249988552,0.01710855995002024],
[0.640886892772614,0.2146599147091618,0.19701631892236504,0.03826476738735812],
[0.9270731738459319,0.8002040375620786,0.28433256474944746,0.06989695717688446],
[0.671437033618508,0.3059911229893426,0.8346244577931345,0.06989293078158913],
[0.9095936593229194,0.4895037751700707,0.03354088511963749,0.020211993701181874],
[0.710159869535649,0.387514172682916,0.8640000752801934,0.029591645926091592],
[0.46919745004689495,0.6111809384848578,0.6315337054044606,0.01830887518286361],
[0.9373742467515112,0.5592580399955197,0.23094679015208242,0.025012005766212903],
[0.7807205310316813,0.2561492888141238,0.34673205288110387,0.018824367921846476],
[0.7052612571646208,0.4855621647895362,0.15747983946395705,0.042779049591987285],
[0.49395494788616023,0.12474252637191141,0.13376643041308822,0.0361130914643354],
[0.7974259211052356,0.4928944307970562,0.02757105374665081,0.028745165372733063],
[0.5823758053905702,0.2992371998701916,0.329056260613924,0.024201132345548423],
[0.5870672246236368,0.7506696669548178,0.07593109815169308,0.02651582970024905],
[0.2124495004954422,0.4715520205506719,0.8766997406561936,0.02622311577327198],
[0.9538686373325692,0.5233604910196044,0.09506142208054935,0.028676021118824224],
[0.5066231712372418,0.26525099977474875,0.4720175093193366,0.01763847381596531],
[0.7290178314550031,0.8577792974262781,0.7884377723187617,0.0798371486625104],
[0.09299621448085083,0.11426411864246022,0.07882768780545613,0.0367984391283568],
[0.6477920798746712,0.2963131844559842,0.9201025120733409,0.05607716460866817],
[0.010824335621441694,0.432156495769179,0.6812475163082109,0.017120732757966724],
[0.2436718082819893,0.9796161683818122,0.4771451055299545,0.019672865440284876],
[0.7130046331028257,0.5302150179845351,0.28690293805149436,0.0223559242136048],
[0.046095328452375295,0.3366704680905003,0.4043214928546257,0.02622386684630939],
[0.21085879339508062,0.11444012219690869,0.07790793719450695,0.015324700206844163],
[0.8658244696891876,0.25857955643920394,0.6859061073852833,0.0876632336976178],
[0.8296070576701396,0.3846038555092728,0.956727798793844,0.02354640641132153],
[0.810255878767666,0.8747819460039058,0.3932056250888344,0.0153925574210736],
[0.3248514361343009,0.496369426747149,0.2824076204394387,0.016296200541834213],
[0.6025679018127533,0.08388427239879281,0.12065225765111676,0.03177501061599536],
[0.866697052875302,0.10283706736724185,0.3047903084124497,0.02956928099031165],
[0.14335108127743357,0.5940952963855131,0.43609284853956976,0.03461802787734008],
[0.2262367303178966,0.9950039662154123,0.5253068916595243,0.01743135241887673],
[0.8975139988206363,0.33088047308053825,0.23044279095922182,0.04306472358898561],
[0.3762139749296788,0.16239137881367327,0.15881833789590272,0.03176926515907819],
[0.028046560845127688,0.4517332168258811,0.9735210363339876,0.01881559968878716],
[0.6326518346682733,0.5195694187394232,0.5411298727760607,0.02242034193292706],
[0.3818829862754719,0.5024265385588575,0.16036142130290743,0.03055949889808808],
[0.06831361938316349,0.727458043611502,0.42860954692586184,0.021757990568626102],
[0.07546179569424705,0.02663130695496463,0.6007450423145009,0.05766687516939664],
[0.5106622552734605,0.7334550627482949,0.4691485359798473,0.0352987906375744],
[0.46600306813153713,0.2199031536191869,0.06441531080216778,0.018354763959821947],
[0.5344722106177254,0.6589451421254814,0.23756460587614125,0.02765725246282437],
[0.9999317829722998,0.3406683705941034,0.23954858029553272,0.06816104283246266],
[0.45314185260939577,0.6219650810176439,0.8449769427014995,0.030026177639472074],
[0.4068586717543481,0.8791427338034373,0.8151930941583989,0.030526474160623977],
[0.9581468806755669,0.1427608923617747,0.22139929758328702,0.030673026612958162],
[0.4270231268743645,0.08295101599286547,0.34076011608838785,0.03171686444838132],
[0.7326182165949684,0.5922592307425116,0.2816259519049088,0.02491780614323843],
[0.9632601770342256,0.011191329557322605,0.010946160291685159,0.1620544309107429],
[0.7806202947777975,0.09161918534197533,0.3053591730888646,0.02421507988861285],
[0.6387102716721819,0.98518379340562,0.6594281184610847,0.06048849077827982],
[0.5948285957843414,0.819536252620459,0.4313971129147153,0.030297160906630316],
[0.7004710621939947,0.9226494370055648,0.7410843530116845,0.0789165715480431],
[0.3575110005043881,0.5351326724492392,0.03382019625941235,0.02771100082394385],
[0.7865188649909237,0.038159133390896716,0.37056336593051176,0.015582487238584634],
[0.28117297158122334,0.6204124224108163,0.2790294631692245,0.047898523153615244],
[0.34405618874851707,0.13451891972112773,0.1756275693376813,0.019328616950103093],
[0.07695401256508938,0.06637729623068322,0.022578036041712157,0.09744039761253975],
[0.4680391171563175,0.3252872834523993,0.7483199606072344,0.01713415477445865],
[0.6574369424703262,0.6388384590494923,0.22080491889792697,0.04652492036668849],
[0.7708555388088063,0.5316479314649005,0.11307795443299651,0.023763436196089227],
[0.027041986583644206,0.47906621312993636,0.3502710423418497,0.015717474222614235],
[0.9904499643140205,0.36273104398547296,0.8851203897427788,0.037384386313990214],
[0.97669136570166,0.308980152199104,0.6126398344268451,0.06094846428937831],
[0.14400768283997356,0.03698148605806606,0.11452045815755219,0.07096818228898483],
[0.13032142625349075,0.9847171487483495,0.9924942068618586,0.2561109051786009],
[0.20674626710012955,0.08524886802656939,0.05511190820344247,0.04394099084494761],
[0.2372306368638507,0.1848819620749097,0.3006785086362025,0.019450004050392863],
[0.31073239016162024,0.3572948831250695,0.23986980990098572,0.04830923688318693],
[0.7025131700874557,0.8017937824270411,0.67875347700328,0.02097570065883539],
[0.8086417163995502,0.6739074124996555,0.399323831808329,0.022887074731841414],
[0.6071028974027026,0.5549613571963705,0.26621851236710803,0.0169468425622748],
[0.39719094267976773,0.8895488117697607,0.4952844579978306,0.020647388533605746],
[0.4559062598789605,0.673251101789561,0.6415561634424046,0.027480155600327114],
[0.37117779025638487,0.1513661234056064,0.9468800005767412,0.03530576961927382],
[0.6378250580761606,0.40756760849544804,0.31470428516096705,0.031783643442675105],
[0.5642702511833642,0.7300894850968498,0.06725835721180196,0.0326303870955062],
[0.21910961077668745,0.5342688458203048,0.07255049172170247,0.017343978026758806],
[0.37856671679255405,0.7778054137514395,0.0330662550427927,0.03864038936790946],
[0.607868958411766,0.15658543367018596,0.4018212539587178,0.016202213067593535],
[0.01137908649121211,0.3033424902338041,0.4667262189559567,0.04370518675881302],
[0.9235868513702197,0.31408713772070396,0.42561389184133414,0.02602123598660401],
[0.4335532598888969,0.7509386533565935,0.019800627569772855,0.030035500517846557],
[0.884981443977009,0.8320776348403394,0.5106500468245818,0.039750957000654445],
[0.7308858117487027,0.2596692117940176,0.14539314697725603,0.04316961688770257],
[0.6054149187746437,0.7446249000137841,0.7628564737585756,0.03498925797984832],
[0.4810603215858352,0.6501409936496574,0.35847810906837674,0.02990735226752761],
[0.7613039857256879,0.3833004539980429,0.4521480559078297,0.016077966102723943],
[0.9951234869644311,0.889345908829391,0.35927190309763546,0.02619985940342902],
[0.41923265870599047,0.8783289894207902,0.19912068742712097,0.025422367777613322],
[0.511976744835058,0.8485246016297492,0.6549070060420566,0.016734794941926784],
[0.5741667530418718,0.3280389963374404,0.09745784040288552,0.015878085125761037],
[0.4246577373512853,0.9202650351770849,0.7583430044628194,0.021113385838110996],
[0.7708489186012216,0.08730810672082823,0.04188681016791085,0.01504422037296985],
[0.07868795198204104,0.3112725363560872,0.24289105349816031,0.03654472293437433],
[0.4551328846087769,0.10786875509293758,0.8695196045162592,0.035281357738259495],
[0.5853756975458029,0.654451195426243,0.13343610105907233,0.02543247478749859],
[0.42672546756145646,0.3680251056366801,0.7660794546791612,0.015013751912862361],
[0.4558896899741208,0.12890154702658907,0.5530342464440642,0.020093620177504795],
[0.75562942414832,0.7383191961332098,0.9231331446219071,0.1380182770786912],
[0.9254495340640013,0.236560391392599,0.7740363945980855,0.15910622335624997],
[0.25101931497228547,0.2908183273436016,0.5830314091980353,0.018097379701789762],
[0.4683196016988367,0.29598270652207126,0.15754239597847564,0.01639324050579649],
[0.5611123489759979,0.16503914226037086,0.6391915376063071,0.02010626303691799],
[0.15659094678426722,0.623859298230204,0.08468114811832006,0.0274491097430287],
[0.24150439998946682,0.04803047996217058,0.3799689809552972,0.03737717129522829],
[0.9182276287536237,0.5798268736407474,0.055463376029881606,0.03282512530197738],
[0.06111282097646853,0.5413738171304082,0.04830517144463542,0.01706980750315809],
[0.5893262350763446,0.9437091532391148,0.7844936301260996,0.04138330800050282],
[0.7136174868155329,0.5271283478862155,0.5818026785663633,0.02839957876074166],
[0.51530550116175,0.67742548460111,0.3818111739150972,0.027401009177060072],
[0.5386152405381252,0.46416536653799545,0.7889996133945941,0.027096039982469254],
[0.5395666593971795,0.5801745092405932,0.8869738294842358,0.025556966339809493],
[0.8905306770914937,0.35259859928864923,0.15572772437994942,0.030300011324190662],
[0.7956130522513698,0.6961901617512893,0.19165565791341999,0.09332015854489603],
[0.2753666399441156,0.19573504070807501,0.3851391011719336,0.03433682951170603],
[0.9378011133605051,0.05007245713941755,0.5169582760364968,0.028073259591185312],
[0.15515957883209475,0.48034863638789216,0.759281375575893,0.024695478304197854],
[0.5014159310281546,0.6259556754523427,0.18945299764889056,0.029497530447234764],
[0.7699729143643098,0.7017746709065333,0.3531716742023471,0.08399838379993858],
[0.3653242436066795,0.34223836696801924,0.19524351405844642,0.05080401228318647],
[0.48839618183967115,0.0661661498004994,0.49361724595272216,0.03802464269638785],
[0.9986482639032144,0.6777699948252461,0.5883222899286203,0.02755702602014106],
[0.3678313294095955,0.6715763376671633,0.6899079840972144,0.05221047318096969],
[0.4706712668412135,0.35996407712142275,0.6579349638459698,0.01985484880193851],
[0.773045858382625,0.09972081248576992,0.365607074685396,0.04534054668973486],
[0.1520024841524401,0.5156571983985241,0.04536738908994775,0.025915162427079204],
[0.41319308712056124,0.07359296331832033,0.3965889777734152,0.0444858523302119],
[0.36126366114083974,0.3593075867156752,0.09518765844401078,0.042501413741450285],
[0.7127245810638886,0.6078259584295405,0.8487150790510574,0.026120940700643497],
[0.012753154612047068,0.27567000245731044,0.3219081308723951,0.08219137874874295],
[0.2065953492939172,0.7237705430511393,0.5280941088285054,0.01982691782672881],
[0.28099031912059524,0.31269743052492294,0.27962521096099624,0.05438538615898113],
[0.4416230907411416,0.8409070168101771,0.004795621369272474,0.021299590291436174],
[0.8474850498792663,0.9050381817825137,0.6258852215237751,0.01668804111013713],
[0.2571092291087216,0.6053312707051335,0.6782429993878515,0.03680932825653724],
[0.3132181427514267,0.3412869972482738,0.3410145109736623,0.04965597176228029],
[0.07130486513574019,0.010404822906013078,0.39594377318714613,0.021982335341550016],
[0.7910335988460531,0.3159813622853309,0.652150351384916,0.052786979199183334],
[0.3571226105665952,0.535914421549128,0.23692180380567618,0.030166722874388083],
[0.5944330499478798,0.6436258486885507,0.49377836744452686,0.01841590127778655],
[0.21831709965059942,0.9642147815087765,0.6515694414146286,0.07049267121716742],
[0.8975420161040842,0.3743197860383225,0.6085028500844442,0.023518074228476314],
[0.28241056123349584,0.8962358854648337,0.30480881482287525,0.049836923639381595],
[0.5428688289856777,0.3569634288881187,0.9915444716273251,0.037438400262662],
[0.6398240927953797,0.7475021963219713,0.0198570487816927,0.03831869029198364],
[0.8637504844447234,0.4184901444024941,0.9213950058621176,0.02747317727567304],
[0.5154809655602274,0.9141340202492345,0.8962784998327891,0.01536931996773986],
[0.7951835630964049,0.3126895344410211,0.43181690007352713,0.029996641814735783],
[0.6488567451461735,0.3854453772877896,0.9548337883968707,0.04988891515217653],
[0.2211740208960319,0.5437776289310478,0.20406739156853848,0.02313945063401531],
[0.3706807960388827,0.1942938650580065,0.8055472649648796,0.05898965354121631],
[0.4925665025034528,0.4126556767472025,0.5408891697558793,0.01644381802220104],
[0.8484240816585125,0.011238696703461892,0.9923710507154702,0.24858447767773678],
[0.43108215200157063,0.07955343805866089,0.7672175742481601,0.016229117217467566],
[0.3864893145675239,0.16276463324422719,0.9815814586714817,0.01606814311764788],
[0.4822842541723673,0.2640164751273705,0.25922931021892903,0.01825514875933993],
[0.12633487414459,0.6329341289355831,0.6230123827737346,0.028296078458210833],
[0.39746681173196874,0.5223166715161587,0.3670363633078507,0.03295009895101312],
[0.8126609175227546,0.6691801894377087,0.761893632669005,0.053755798510479694],
[0.4902808251592905,0.863859707917011,0.11061060712888438,0.01946180637111354],
[0.7284258534831912,0.060276846803437256,0.2997818886497313,0.016312744392601462],
[0.436748658361484,0.41350493450621284,0.8263193244187049,0.025232420432180908],
[0.490335444196354,0.8881840230744308,0.8838956816758687,0.03176979616289768],
[0.8133796641947751,0.09245310971913057,0.021042005454797952,0.04114939105855503],
[0.755014141655057,0.3635712163741137,0.853150410942912,0.04126651972284537],
[0.24933932129844694,0.4681557383932021,0.3538849954556007,0.020159523210350708],
[0.42992580208406683,0.6993534009964977,0.26908358624966244,0.02011084692560959],
[0.24133167396931843,0.1829554553437559,0.2657148970835368,0.016022934411700215],
[0.15677594608053547,0.8609548691955509,0.6242303553056057,0.04381380449504179],
[0.6529259601732946,0.6537952935595531,0.08556421045646923,0.056387626183923345],
[0.8938667890701265,0.9984987751145683,0.08329084369613349,0.21626486848654614],
[0.5133710308487828,0.4002148521460306,0.28760503744782373,0.022206273687267727],
[0.8518738677076494,0.9778271290451261,0.525324684772545,0.016269446864808072],
[0.6080129595648198,0.966852664663029,0.4254244725027909,0.026252436833202247],
[0.28926494556414195,0.4949549626851013,0.28378224279731323,0.019352548533756612],
[0.3356636009186398,0.5465319512767213,0.2132260300184975,0.022887400788626132],
[0.8375804738995141,0.1465446780568258,0.007560892037963174,0.057345672138326365],
[0.434039019116062,0.9096480396972728,0.5848670415860281,0.015526223871915584],
[0.63240283287597,0.04198100434232599,0.261733371293568,0.025704092793079253],
[0.6249690387860438,0.5503676278349163,0.6987909478954702,0.028135409248772163],
[0.49844871488059705,0.03718979985598869,0.6691719956746699,0.018291569145353646],
[0.7675099758291317,0.649623366494086,0.6329262417246452,0.027310892912462616],
[0.9057902280068729,0.5127724868066167,0.4373955189534485,0.03077842127425448],
[0.6638136867273744,0.7973313295913772,0.704998758077728,0.03739511005233646],
[0.3724897588090579,0.11680707813921742,0.37018016773588514,0.03187667870073454],
[0.39639271344226845,0.5520898505102663,0.03460382448980237,0.043705862976216266],
[0.6033493159345626,0.5580751762703947,0.9092578481126209,0.0225775724281949],
[0.7506819652319532,0.2383819766145272,0.30456454331619986,0.018210607749771783],
[0.36665451460944143,0.45734376829883105,0.5081813009244653,0.016536308771274676],
[0.21437631963232662,0.7975375405766068,0.42823040456356853,0.017356533838690166],
[0.11766572354781735,0.3413647871974913,0.35934375598657364,0.053163355407720284],
[0.902021926841442,0.5333475601029484,0.7184891931200701,0.02229737326209858],
[0.3596504190895855,0.25496335899347333,0.5040781198344368,0.01573106575282655],
[0.2363635833602632,0.7446516674690966,0.895244188808879,0.14055550746055662],
[0.3310165995043478,0.6269476643249772,0.9472007253780869,0.031390081530053376],
[0.9933425156921106,0.8371065752271484,0.8148511408827784,0.03589059132978529],
[0.4296893792035229,0.4312279281344257,0.2628943438157557,0.01811216302680701],
[0.46579568210287603,0.44570579888962836,0.8409578786407528,0.03030815223605359],
[0.45557903314701187,0.48399371742520014,0.7718427692517786,0.02884028468982453],
[0.3840745530503089,0.021413947259231847,0.48194724644940257,0.03926046659846123],
[0.7501722181307083,0.9257333805914957,0.6177800819665972,0.024558777626811253],
[0.5306117963484276,0.8989279251373454,0.15515691981667312,0.015488346417095674],
[0.4691464608177436,0.07343980426209828,0.7472495657879429,0.023490827862352417],
[0.4959659198353843,0.7213459677054603,0.40401003731171936,0.015721638156210423],
[0.7624052720347578,0.25638601403099914,0.39935570474323745,0.04283002938172077],
[0.27682284654952205,0.30583787107653326,0.03026944864516834,0.07258785089312406],
[0.3877093195271448,0.3356047741703525,0.5371069272436226,0.01503186652401843],
[0.2159513219801784,0.3038523238973043,0.42657655791541205,0.02810055276296046],
[0.045224905419341765,0.3909751396848883,0.926253323704041,0.0491335094183776],
[0.4491134410163926,0.4891578779871091,0.7352537358781003,0.02528100720868527],
[0.2877153905535986,0.482130921128229,0.8909759770337498,0.043420452702238654],
[0.8233011180105584,0.01279015668411132,0.37154662581424824,0.037147912627565116],
[0.8930912298947188,0.09759794945927003,0.2232779858137639,0.03617590992495638],
[0.4769399822548408,0.6278823731973763,0.05777112985216015,0.02079317676283688],
[0.6472622664283104,0.9645948473609043,0.18355125371315106,0.07084457577167312],
[0.58449298892876,0.5050119245498548,0.8892862207410324,0.036378641447333084],
[0.36738798063215516,0.5735335136235802,0.8780080460421562,0.02990505897550414],
[0.15589620378721636,0.4759064544660213,0.5010226278034007,0.015745485683373566],
[0.05696344225562644,0.6245817267451654,0.972195159586298,0.02774887851656021],
[0.9261953098132837,0.993499987794903,0.35427347705027745,0.030163448281230992],
[0.7196644739141947,0.9027553055090413,0.2747879095942405,0.05473930393493347],
[0.3346419826353706,0.6661329984598233,0.9622802430201036,0.07044848088266052],
[0.54741557913594,0.25927640459413515,0.41560405278002444,0.021183927854978885],
[0.9967335979320608,0.9840288623673202,0.8238014788257542,0.05809258941273836],
[0.40928640528552784,0.7405879830933512,0.9096898226696749,0.024601525199628146],
[0.3572260843842707,0.03958368601666207,0.5611170945777193,0.03215989387587071],
[0.8822924741267639,0.5340426942720751,0.3464150377120372,0.022358598719687775],
[0.6949936574457523,0.8773955934634724,0.34723232885511435,0.04902855851756435],
[0.6564200146652263,0.8548641729469988,0.8296062881778167,0.049514397121457665],
[0.21934171706571448,0.7496171119492585,0.5608927062551134,0.01722375009377438],
[0.2280598736700039,0.2920001936903769,0.4034381218522406,0.04357254947144651],
[0.3358308913047766,0.9001385846180847,0.28259729588435967,0.03135766088145871],
[0.876416920341546,0.5687975076685752,0.9969505936882859,0.039138158740827725],
[0.7082047893424627,0.4651294803468703,0.7736625870461401,0.02204327564146394],
[0.8944372505273596,0.585889603396812,0.7888432446971066,0.024194064749185264],
[0.7127523583287021,0.48468842478456053,0.8192290106340767,0.03506479467564973],
[0.8256572043119432,0.9111408938010023,0.7350257436693758,0.017407035870103338],
[0.35126235045142074,0.3708922864812223,0.4162425580666653,0.03644092746012466],
[0.41982557960821243,0.9409182347233777,0.40210440029945926,0.0194137773387262],
[0.4156854589297766,0.5525528397879462,0.21459356060622958,0.024925988520279226],
[0.48157905280717095,0.5076810540248059,0.5698058815404232,0.021841577440990884],
[0.687150059124581,0.6828127372574829,0.41082484995957935,0.01865421660440742],
[0.759753418827363,0.061633138752066885,0.5445404984078035,0.021335175208502123],
[0.19674363287287921,0.9015807969154719,0.6883453977876176,0.04933724026008671],
[0.5154056047786528,0.18749780305255126,0.0007546338991905044,0.025579947270327932],
[0.5656662777562101,0.9472614403834947,0.06608347914118895,0.035911450934127245],
[0.38666602066506983,0.8243062178535521,0.251931381422837,0.029170152637589167],
[0.4407080313960019,0.5131477583303473,0.09576927560696702,0.03865706049550728],
[0.464168723627126,0.7935374378861747,0.21624210020766443,0.03109249933566348],
[0.9166684310507823,0.3768378372719112,0.1393845620024342,0.03663576967211235],
[0.3346417588653231,0.4396411603251297,0.06416908151838552,0.02887545175669813],
[0.9460882851754482,0.6791484586716485,0.3508892526126782,0.04226092509574797],
[0.7606436477373847,0.3630382640241844,0.008016530504514563,0.044782192427604936],
[0.2619249182349054,0.014545554856788101,0.9821350700324174,0.157405163094258],
[0.2965700462230674,0.6682410710679428,0.4964521365372774,0.032851233916428045],
[0.3792813317203654,0.27667739255646906,0.7970559239901249,0.03307835689522644],
[0.02942590883279561,0.4785518805024881,0.3004996322761908,0.016310349695924008],
[0.21816974933828115,0.2196203857832868,0.20304476070677502,0.026398135884684912],
[0.07114975485734887,0.3940335123384442,0.9911601586876829,0.027687383813866734],
[0.46462086439422134,0.26019006981340054,0.03212626012564823,0.0190874988572151],
[0.5115893656429431,0.32411273504373084,0.24032245630179572,0.016412134411480178],
[0.6918480785534734,0.48131653312218325,0.06965657614562748,0.019143927984830847],
[0.4164577963919647,0.4479341081785322,0.4319492319914434,0.028666409005643434],
[0.6302085246085096,0.2843146275197176,0.6977362956873786,0.04948268496922953],
[0.56703688531645,0.2715158501788514,0.8795201953971412,0.027975515554887198],
[0.5095962616023337,0.02064241792694166,0.7155492634840003,0.020515840070533108],
[0.20022683211482206,0.5797306600442229,0.8398829791698176,0.03430630149425453],
[0.5457137698220336,0.014229230860405728,0.8186752859472264,0.017051685760180034],
[0.33178264135025504,0.31190067052360637,0.6098053703361754,0.04250104392473476],
[0.3786963979698549,0.40728682338892686,0.9360587230285364,0.03350357690624104],
[0.8808968798778505,0.05623339116311876,0.6115593427424565,0.0332294273805972],
[0.7849044040746614,0.42428542511473033,0.6124070771204104,0.03113448748676051],
[0.37065391467059605,0.42707247414056904,0.09913614739647081,0.03231069910650506],
[0.08307157039270008,0.29869690932103143,0.37443528701990025,0.04775076503271927],
[0.09702578091300018,0.0027943726588710582,0.2728909202218991,0.08947293872323961],
[0.9089650065450683,0.702298298419362,0.6056521463096204,0.0383565127046975],
[0.3577101334150311,0.5972897130258883,0.40430402980540425,0.021383861511668302],
[0.48994120029359367,0.25160415235019873,0.46138165893837957,0.03770557739722995],
[0.5757245773088557,0.41879899338934856,0.45216415773110563,0.022523009602789003],
[0.19391193556081798,0.603707901957176,0.48685403186379594,0.03108806601084231],
[0.7582202565954763,0.06607531354078988,0.32935173200353274,0.042008932751738746],
[0.33483076165201153,0.3871647455137778,0.7201976340282866,0.027446482172378495],
[0.34615014263279587,0.14246623618967869,0.31482011380254216,0.062256390705595174],
[0.530064550302661,0.009646675338994326,0.20472260699150158,0.026137479696612197],
[0.3191578837076393,0.18714290039999515,0.5596597453902948,0.015294395554644645],
[0.8088140971104343,0.20899018247366896,0.16079705424922974,0.061705478621320475],
[0.9180914823923423,0.9293169145520379,0.43371068004568425,0.022117079611759106],
[0.18898652498678226,0.21165262417894382,0.30745059155638843,0.017334899427021447],
[0.5630463191301098,0.24943117413498195,0.49010708150144944,0.03000619998364793],
[0.6497220453686545,0.01274557984317004,0.7882539326708563,0.07646523238413773],
[0.7646836540053629,0.2886707303884688,0.32723754436206076,0.019800590880384765],
[0.8311522259541644,0.3571725444362077,0.6358473899503237,0.038231436134255975],
[0.33690201617095694,0.5262198654956695,0.1562327215813033,0.0155835699582904],
[0.5621579074089773,0.5542470565941667,0.7490862913921649,0.023361611727293785],
[0.2962701129371048,0.37476090051405164,0.1177334068897099,0.06665590575601191],
[0.37202481063108483,0.17956424587172448,0.8943511092432338,0.0423577449181531],
[0.4014603477655727,0.8472662457917679,0.6103862541243901,0.01644386131348509],
[0.7495230649505672,0.8180162559334851,0.7083710152755412,0.03595291531089909],
[0.5333008993940724,0.27665518481919316,0.68641153068894,0.022816724081424947],
[0.286592972262146,0.7765905293004691,0.3654830771047758,0.0439196802326164],
[0.8208427106263517,0.36975595231824687,0.40607806335650076,0.022182023079781198],
[0.4989110314095273,0.11437391264037922,0.7377430879416567,0.02267202069351039],
[0.6457047628386289,0.9256635685518133,0.34178848544485096,0.06049137835776611],
[0.5608363523274797,0.44952127178161216,0.40672044933879825,0.033580563011219436],
[0.39218790268832104,0.9885578633017541,0.17379353596763447,0.047101962908362424],
[0.7169389030256017,0.5356846930223848,0.20115487916711183,0.040640142233805965],
[0.024734344141106313,0.5282421963158406,0.3051028584916089,0.028929427199142176],
[0.22064210348334334,0.44347277547779795,0.41834992093981305,0.03844233998478002],
[0.7434735285602743,0.9385161126895841,0.3389966198592903,0.06790479718444783],
[0.33140939580900575,0.9118575930334774,0.3251614552788775,0.037429113409419894],
[0.3613897063208429,0.586231577575864,0.3617038451741472,0.027783772090508765],
[0.5602855637875634,0.6655669120421392,0.003556178332211779,0.034855687207151625],
[0.6585508778164755,0.9359728061847885,0.8820706012174305,0.02483770631122463],
[0.4336601392509799,0.1450421504048479,0.018977449970536853,0.026563614228169802],
[0.7448423270368921,0.9138894117406272,0.41036909452944903,0.043386305904890926],
[0.07904713335484437,0.5838302771363268,0.689463025335345,0.0212791664523478],
[0.33213819852589876,0.18862528620971086,0.5929402282556933,0.022340440994247597],
[0.04583530632887933,0.5146035581624567,0.17599339724413143,0.016365087832992786],
[0.5373975201456631,0.6996566678936251,0.10356014827981574,0.019377585168523358],
[0.5076352970598229,0.635479086590691,0.9782640846603088,0.03505332948765073],
[0.9764831516528818,0.9288405689570961,0.8883208329379885,0.0186455617397982],
[0.3835564043434534,0.06619229827572792,0.6053165498836269,0.02007465889051791],
[0.30799496270815285,0.45827358533124873,0.733055045803187,0.03318585947435368],
[0.5120913083979095,0.7209487404968392,0.6518091288016987,0.02038094759059792],
[0.27898178685723707,0.4141256474118217,0.471359006346568,0.018763881658331517],
[0.9764141892586237,0.39711293730899666,0.0031652674308619844,0.016388389754269643],
[0.04459370907998572,0.2955771557744491,0.23435615407561183,0.03871313953739134],
[0.12209783556912657,0.4865399956695411,0.733800629760558,0.019597598272058862],
[0.8115015852956348,0.6314190536387596,0.6815785659380048,0.04573135348910892],
[0.06912502211174432,0.27844916264704533,0.6152889523448648,0.04231630578427779],
[0.3451275459701201,0.5404264929633408,0.6530111880821107,0.026596358342464883],
[0.39267746226648814,0.3034253850541998,0.005613338745256047,0.04281988008786681],
[0.5765240724235712,0.5421946460010908,0.537116798532991,0.01967789848905087],
[0.5882336318501723,0.380651295951137,0.10856892162147802,0.02667529592195987],
[0.7052770936303858,0.4842250871210463,0.3102097898623968,0.019625984340288956],
[0.7495571790061054,0.9558113443925373,0.5589763829285603,0.02318082894856563],
[0.06435754881683753,0.3061848041518299,0.9916568068175395,0.1131370020314857],
[0.7841006665937847,0.43847594060569395,0.8756586224835975,0.024085694410539607],
[0.7944148294070666,0.7611766637795113,0.5003052259635533,0.0169044813719424],
[0.7862519440714406,0.34394236334361916,0.09120981344077139,0.02306809721743429],
[0.39494342990610154,0.16618674674839973,0.2053675207184602,0.02582658521796817],
[0.4170759608068725,0.6654839064148639,0.2586842593796551,0.030807567937286992],
[0.645213966648303,0.17441730178092174,0.597732274405333,0.050863847931081604],
[0.49451770603443057,0.8298144322194078,0.41532182284449093,0.03155274310480822],
[0.5180269567816588,0.5864112761477945,0.014079765055495463,0.02387723733618166],
[0.4288285037461943,0.28846604299176115,0.3156281190238386,0.01838290609812214],
[0.35063817205061987,0.7859184163442852,0.002758814140728205,0.057106781751296715],
[0.21330235762818983,0.64735524214696,0.3517059350327436,0.04270100640906308],
[0.15749254904596677,0.2608478769216823,0.001190977497178003,0.06427094737249381],
[0.43954367557016494,0.7453447704075193,0.871149100326709,0.01683153534610206],
[0.7191605042151648,0.5168887257801197,0.25520685940226595,0.01734427225518287],
[0.7258777012623144,0.5652202466309172,0.16829929255843112,0.016112649486455716],
[0.481260582717022,0.7450887128380177,0.4505510125211748,0.028197793946613196],
[0.14311384923448,0.5591444570937323,0.601286467517481,0.02480243421428438],
[0.19813810580755764,0.35465468310025383,0.5624476298620806,0.025507963405064123],
[0.1804033606908807,0.4327727841631698,0.6013290794693387,0.024920204683310083],
[0.9013510119511119,0.37123372687869705,0.8728861725642106,0.04776750547860961],
[0.5339899605547521,0.44038920414503435,0.9941414684040818,0.019431992535277068],
[0.4942475362675254,0.30023964978417716,0.08957023418393129,0.01805479994199772],
[0.1000151511980355,0.48547077745687517,0.1962851590261524,0.022255269433287587],
[0.8584525013913588,0.3606117350865743,0.240169033175054,0.027989436148602283],
[0.3197707005375273,0.7921414017446244,0.5562652451582305,0.017359717222145667],
[0.4260886117722108,0.8397097416663993,0.7073176093263027,0.02585396908245049],
[0.47721671777569863,0.0004265739051487749,0.25263626617248125,0.03303387165619285],
[0.13179629074372312,0.404099937017804,0.965897159214154,0.025935231872335276],
[0.840096219470858,0.7078906959905201,0.5685286214515898,0.02550734912532554],
[0.33741415259729424,0.016016091383557418,0.14977009051303147,0.0699153388873975],
[0.12980950864647312,0.2676467176043362,0.5306336712773295,0.015605462147566508],
[0.0026931325592435273,0.016742528721630068,0.286887310571205,0.11451588995518476],
[0.37502556333210657,0.9415590156985015,0.8871099393220587,0.03216648637985691],
[0.6093155508056398,0.9274877956714379,0.8859549889513804,0.04105263820886659],
[0.0599453402684903,0.33343424151076995,0.7092135872107441,0.07953207776790815],
[0.6064372064841329,0.452742517217832,0.9217531345487602,0.0437321897282215],
[0.8480902469422436,0.10977253045502,0.5588495537852236,0.02016795062018374],
[0.6295465361767031,0.08925170982657438,0.6320415263225195,0.02869617335239418],
[0.255615992816423,0.8460788575195137,0.7708864299159732,0.07987961461568933],
[0.7103512630648456,0.34454492079158294,0.467360464819943,0.03348577399042094],
[0.9438886064507233,0.7296760636505087,0.745335172411035,0.06938295683731613],
[0.6053218838951172,0.5895491775185251,0.7713901846535762,0.01823756199483057],
[0.4210332649659667,0.9614997411468772,0.3276630615582644,0.03769764779569474],
[0.1476043534737106,0.38466507660258054,0.6989066191633331,0.031938404288308846],
[0.864315375469526,0.30191747253438095,0.22886341049537662,0.03328149117880444],
[0.3545205437490412,0.8991999856678238,0.5218738665585015,0.029391642060242376],
[0.9828385347846392,0.4545707005932038,0.5478995210547918,0.022055869180573888],
[0.4700986568831105,0.3625600917227032,0.06895149633830422,0.02165427885539281],
[0.33294850971444656,0.5729221079943131,0.6359188499765369,0.017621836014986555],
[0.24349581712620483,0.2227143309062556,0.3657028786703592,0.03335327949618233],
[0.7558820848728142,0.12965265328598696,0.5517006189333534,0.020550792707473127],
[0.6484020522762248,0.14641333464403972,0.09552584669649988,0.03365934215269464],
[0.15888226681284856,0.6441886320872146,0.5288209608083176,0.015066035523451298],
[0.46283291767502066,0.12129695607441293,0.3427517364486602,0.017421766262873693],
[0.5429900979453683,0.04145475916516239,0.11925458266934241,0.02664365629824908],
[0.5511773675894327,0.1699139739146055,0.02466796684086514,0.028539635444159092],
[0.1785755792477468,0.34833388634679874,0.9918759726482624,0.0757719933280673],
[0.5488708967892776,0.7380241915543901,0.25782940864938075,0.021431591314778196],
[0.47434962668015723,0.06391619725391895,0.25992457911640876,0.026630865390634986],
[0.22273645526939057,0.1888541899287659,0.5923350400109466,0.0399318967088169],
[0.7033298694912088,0.7851358695922143,0.49679378276756947,0.02033830820459314],
[0.16817662104371323,0.15010482167254569,0.16093965300286905,0.017498416900770676],
[0.4067268307938372,0.9684074227608414,0.8109958024363154,0.02668815613292258],
[0.7644593950316485,0.9332871627175934,0.8318436546018619,0.062394824506320695],
[0.8326229125618155,0.3521711947332363,0.2989895831048227,0.01679072231707148],
[0.48563511010443483,0.021119925493490066,0.06577299758505806,0.03692343728215681],
[0.06646792566651205,0.6700568424109498,0.6764576163503474,0.06908512281936074],
[0.5836122469256352,0.5248974886366018,0.7422353130838667,0.03514037057949858],
[0.7594912830363195,0.35332355798213166,0.22368803939250348,0.03750049418578528],
[0.8175190353915134,0.04700507913506824,0.2950590965367835,0.022553904882803434],
[0.028200138045009426,0.4678928707231007,0.10483680575416254,0.04166280778880346],
[0.5665925599989047,0.6904805431405281,0.09242317679680301,0.03393115510539095],
[0.47494078813209073,0.4898182741717273,0.2938149722360206,0.029400288429363042],
[0.9581202535672602,0.009127353959239581,0.31250980638791503,0.10131183957377966],
[0.47750300678852253,0.7570679204186959,0.786080194049412,0.019281937239937666],
[0.1360935800392825,0.4158720128510507,0.2545625139874046,0.016408225077309463],
[0.6678143550028875,0.209745766582625,0.9068564919897981,0.059585938224393245],
[0.9341517005463715,0.44243712878007024,0.19912371944375962,0.026311333228772445],
[0.6090631621659364,0.47014050691493314,0.5858842686071207,0.0167331126114219],
[0.7149641041339131,0.8606561575498617,0.4533900166165301,0.02168127076790808],
[0.07455163986826852,0.36616383136094555,0.4196126143972211,0.035697986922733245],
[0.11827821735403565,0.4017090882493891,0.0016252646925708492,0.049947905478885654],
[0.5854205593242566,0.9047574805032668,0.9696617890093694,0.03599492184803641],
[0.2979654250106256,0.4530719404250707,0.25549078358736155,0.02312537456239984],
[0.45311396723680253,0.33644019655058544,0.6375643789625051,0.01807038567651916],
[0.6113159765301573,0.07170842081979723,0.7050692011906324,0.030645819627734217],
[0.2557158517856917,0.36542949836817773,0.7597361504121564,0.04204282560369281],
[0.6278815724966822,0.6838115632008847,0.148874240525112,0.06159243686229486],
[0.1102278492456531,0.19249445227804352,0.3715956095481948,0.040112578765515376],
[0.6406567386928876,0.34517921122021844,0.05726905719962749,0.037075602973346666],
[0.6996676981103421,0.23357243015314133,0.5759623003593435,0.020735051943854367],
[0.42778361783040164,0.9855159172708718,0.3744538462568563,0.044567790086012624],
[0.2770919982034378,0.9382060565427561,0.26538268695227274,0.025432821666821287],
[0.6791413776850378,0.6567316003688857,0.4909434032404535,0.03449664879740646],
[0.49294692148047814,0.5687981282392701,0.8914860807045482,0.0293931256319227],
[0.7536619537293456,0.4760334816922328,0.8889769714245641,0.02517271827408027],
[0.5361024164834398,0.7127663579212793,0.3476921822382355,0.045808102199179516],
[0.0013398196695528775,0.47685253591789156,0.4674903602034072,0.03557914588588044],
[0.959753391051505,0.4666745480634159,0.12015475656337449,0.026670101814660133],
[0.6014136374011411,0.6093480817107354,0.9900825953619977,0.017578326548146617],
[0.7463230782649567,0.59445491077578,0.739590956908897,0.01591045630721286],
[0.022164827718265,0.41718093054280136,0.7717063271944293,0.02055980289022822],
[0.900941788553696,0.20199561320233628,0.48499124658872417,0.02579458584049247],
[0.15126248822344956,0.3259370405765337,0.08695476890784282,0.01893553191836401],
[0.16263164550570086,0.4421862319367862,0.0810014234169616,0.02874340580514173],
[0.3407946269974771,0.749404323252305,0.7484114647887634,0.09347701446804864],
[0.6554956091576768,0.8324929012257131,0.7546268441628783,0.06594752862934614],
[0.6236946188586145,0.26347794819840875,0.3620836294145843,0.04244730106258752],
[0.4512100579464735,0.17872955104818478,0.08362784426584902,0.01746893388985568],
[0.8078922189624679,0.5241997093925166,0.183139458203031,0.036799844991108506],
[0.3879313082963092,0.03831907492883413,0.06903209592004322,0.040337989089557026],
[0.8967383394943182,0.9632994337840051,0.3240885865758838,0.03944088065567385],
[0.12299774674629882,0.3531222435895509,0.454722526124679,0.020927271597037278],
[0.5243541843315445,0.2973185643827456,0.9474615532195536,0.03384048334764615],
[0.9275032653198778,0.4619040658938165,0.6516464273679823,0.02010840574102464],
[0.6499055313489416,0.555538638310574,0.2019034956881134,0.030443769423292362],
[0.43587315202983035,0.6539774367783379,0.6306305208370929,0.02412408630091866],
[0.5171448003675283,0.43813945396815024,0.2921493300770981,0.022245869037015212],
[0.8519194614697747,0.9901955038798291,0.6518509825754703,0.031747808817677615],
[0.8913642046318003,0.40492963740140087,0.7945313749022492,0.02066872588718159],
[0.8098715510503849,0.5443696179893532,0.4244246629844145,0.02221821976245441],
[0.34653875339398,0.4691215144099292,0.04930290267393167,0.018308189578233915],
[0.5498566103935457,0.31022389318823906,0.644228724908217,0.022405833164288104],
[0.974532691641702,0.34092549134189076,0.3727949567309835,0.05700297245991372],
[0.9903018128932533,0.9420584587834332,0.5769233587862355,0.016922852128173807],
[0.3119529366675392,0.34349192090304226,0.4818102322150273,0.020177265378282794],
[0.43092688639986787,0.5410596679373865,0.3615614918955914,0.04104885661625936],
[0.6894661262091957,0.2842154201064523,0.7299082903632169,0.08618226626583116],
[0.6320427624908773,0.02016738234616422,0.6901577894759289,0.030560204148388212],
[0.5723559394507058,0.7289033806870143,0.3918697896087665,0.022586138886939618],
[0.07374922595148858,0.14382694163133747,0.36359846008787855,0.05194224087736972],
[0.8687447382384167,0.5236171510762441,0.09915549593336637,0.0302575780663739],
[0.024831004127145895,0.4303400484502138,0.9914996378909845,0.04060475238296848],
[0.6174453795213922,0.06567423298048114,0.03702221535149197,0.02747689078678308],
[0.529797663899065,0.7391334832106858,0.7716435503509932,0.015336010862023752],
[0.8303688934359498,0.5236124945295138,0.4289639934127344,0.04310423474492183],
[0.17744199532852645,0.9459405142621267,0.5292526597303776,0.022372814172413866],
[0.5399996226034612,0.8252477886890558,0.9647839404714472,0.0283746817898807],
[0.4693721323556702,0.010873500611735754,0.6759568070581461,0.031075775462534802],
[0.9436680707195355,0.8604987883737322,0.7216565128748089,0.039255682077936144],
[0.4840522043331653,0.4670781090702264,0.748875161379908,0.024583652738074065],
[0.13472082576360145,0.6157920175526642,0.1555508859633976,0.02724744189703187],
[0.6222442069056875,0.0336586045969941,0.19749483488436792,0.021925272543084594],
[0.7557164291194582,0.5139498641484223,0.6584414705200309,0.017487386086207646],
[0.711838274721025,0.06883741246449926,0.644797177424506,0.043828919628643104],
[0.4966840045577481,0.987828911320157,0.6542533639189504,0.01621446951019927],
[0.41848091108721996,0.10639576266567707,0.06484701611990018,0.02773394120353523],
[0.14324050820937118,0.6316958291435508,0.9182663047588495,0.033238671759122825],
[0.5671320187376496,0.2972577980925253,0.23801941211698385,0.021855888008283864],
[0.5665508311677485,0.9967352135379355,0.7168706791643121,0.020219794161291674],
[0.684711681430009,0.3353701374902971,0.15691855635759122,0.02328231904489883],
[0.6128860717929092,0.6877046790821508,0.6121467835726965,0.0328987112859666],
[0.9650390103411837,0.341079361469938,0.47708766984483675,0.03068340894752252],
[0.5511492331007718,0.860549597488241,0.3447204956245197,0.018154918961089395],
[0.8599214129210372,0.5524805976416548,0.44762959496887467,0.02427928301858586],
[0.3941311791059843,0.45336595070814867,0.5444909793539658,0.018214489578799342],
[0.8830464845967102,0.6687621100600273,0.4444400040463611,0.036285980054850904],
[0.4218165732145026,0.8233241138982833,0.5322470384540902,0.02092455200034215],
[0.5098797289408733,0.5189774673580516,0.3037639526997018,0.036761897179593654],
[0.4396797008531348,0.26762950079666004,0.9479405746393472,0.016077404952632084],
[0.564364079355044,0.24620286983175155,0.27496425752095865,0.01521324595311433],
[0.5224744139028179,0.5245674357181382,0.4987387026945259,0.019559493838060056],
[0.0794737054650041,0.005072943023208043,0.46700825567777127,0.020588015191813844],
[0.6596677749864999,0.6685173031233393,0.5486894048779067,0.02861951741276153],
[0.01627639097242839,0.8638676831885941,0.6183128907238774,0.026366694615256245],
[0.8989792788149599,0.9940481426149919,0.9011421597542371,0.03677446938379553],
[0.41459373902186325,0.6249582769439982,0.02969121738855396,0.015564984650322432],
[0.4608906584562019,0.5406192211550189,0.8912203935465406,0.03278965237530284],
[0.5098535133141752,0.854049424697548,0.6209668202591515,0.025622050090317275],
[0.8456082580211888,0.3096790847933889,0.319240955809177,0.03395531879312984],
[0.32996809628066925,0.05909723436314396,0.42816744270695806,0.02542017761136657],
[0.6294476538671419,0.5908907194282997,0.6411999025731683,0.01570532770834988],
[0.9986957006420714,0.6006174245250966,0.8960465040368922,0.041471129730929764],
[0.7292866567878916,0.91665716150158,0.4709428442283381,0.0262828013231916],
[0.7730107671315632,0.5469119737662628,0.975517622027424,0.03264337087851649],
[0.7194154682399603,0.22147835361028057,0.6514901701579836,0.05138110652062659],
[0.6197364298479561,0.4561016849910403,0.5971552140642444,0.01865713548271722],
[0.6151553360316506,0.6314586405858024,0.5191275844580797,0.03907476360756543],
[0.646929617838743,0.4245250388189391,0.6542660088493107,0.018627287559565484],
[0.3060879026176142,0.17485303159331633,0.2225841806764416,0.018903225866817835],
[0.08899141430485669,0.6381595751963,0.02990745621530566,0.04778893986347055],
[0.9319470219865107,0.9881855596134431,0.5545148247365899,0.02472009772773006],
[0.3304427191400653,0.8729430159315864,0.7209406294174914,0.02245311748929725],
[0.7497457815464332,0.5963629733425515,0.6220739823973572,0.01820353060327866],
[0.7133562090572184,0.3265354677855691,0.4169835908530589,0.02519058263305044],
[0.28043897159681785,0.06597104170733892,0.20661674853974954,0.01537701909246093],
[0.09211951419172182,0.8110247171513245,0.595148073355442,0.01850716633673148],
[0.8164732656971019,0.2780918025124065,0.07469178930288078,0.023790928627586208],
[0.8297112180857923,0.5017442187149854,0.7129674961966852,0.022657781578209864],
[0.5374097322264684,0.13431605611213215,0.8601625060664306,0.026621382246007276],
[0.6391755913642446,0.8843615051476661,0.2757067922245221,0.01582721992010753],
[0.6671306568285801,0.12663208535631232,0.6320651130276602,0.0325774598694092],
[0.4793204659726563,0.9717523161541977,0.6318325367230424,0.019160379250130095],
[0.9576603148454778,0.42547983932298206,0.6465874317545528,0.016739010475673784],
[0.39841069387407646,0.8547577144394953,0.7225175989173653,0.03731259926879747],
[0.9281479246114597,0.7543159089076029,0.409923637260333,0.023897754575842478],
[0.23905063443745755,0.15352034429908634,0.014607796821202723,0.04644508261108739],
[0.22070606504784795,0.7018928632216471,0.008322771907693927,0.13740671526778514],
[0.947538416443281,0.42336913488514716,0.9839175804891392,0.02126798914473719],
[0.6969194124980594,0.5343432346275392,0.02429694264457538,0.01831466428608708],
[0.6715893225271494,0.1887158025609127,0.01661266470061229,0.027912500033471434],
[0.20999295473461388,0.46626967924179086,0.45726127406538997,0.02054582573815214],
[0.39675782542705684,0.2659439947670741,0.7143442410671504,0.023833306476140542],
[0.2998105149656014,0.8256878204585609,0.47215038657893227,0.038725500309031796],
[0.36136396740142696,0.04977725877483896,0.7440947305822606,0.05421558527335672],
[0.9148464041773362,0.37080235799944183,0.27119099687481585,0.03348304916428452],
[0.26169085605871,0.4136448713877624,0.9761354079009792,0.02808636988651106],
[0.9656312851888398,0.9376825276915611,0.9748079215567038,0.07928953252315997],
[0.21394472944624476,0.7319926083755268,0.6005018683153486,0.047699925303543486],
[0.5572829384435968,0.8800805925425097,0.4431839820086634,0.02856165842527969],
[0.7781061188544514,0.31175155506005336,0.3515932623846132,0.025095940624982313],
[0.18964284289850952,0.2860214957140398,0.1851570048828528,0.022233070427662545],
[0.6477957313932081,0.20551109401808132,0.6761082235644474,0.047492711725834996],
[0.8800709491020878,0.10758220708783806,0.42612778238701676,0.04835603047334745],
[0.26896164774888953,0.5800257638126873,0.6091409646435525,0.023856988316774894],
[0.021855073268105873,0.1366108328489185,0.3955469999563125,0.030195218529980576],
[0.6350101461168048,0.015069190413438904,0.6249575942507011,0.03126785065705187],
[0.9943419526210315,0.7715129695050774,0.35017785009732993,0.04510547552924669],
[0.928040685301757,0.4183507310801373,0.25751097248005783,0.02018039850689437],
[0.9341875971007707,0.06948978302904951,0.44709436244522605,0.01835546102549273],
[0.8924894940575512,0.3010859797009944,0.5329147895968329,0.02400705830297594],
[0.585082728380384,0.9422104368079467,0.7431221835732434,0.030536295521391733],
[0.31318649066423354,0.6024519403843493,0.4863706341934366,0.02147325382711824],
[0.9949843235854013,0.4464081015476814,0.817065726466306,0.03596815040284905],
[0.7645783140787996,0.05533459045785605,0.08131018138437252,0.01744882369902158],
[0.8439954728220935,0.4617227177661736,0.3006775410100232,0.020969344115715237],
[0.3681476514910078,0.9220102477443969,0.22835795575087126,0.041637977537537216],
[0.5281682074097735,0.09379592632256772,0.9257614415035921,0.017290402925485324],
[0.009776600277822567,0.9815508739383262,0.6719626609069216,0.08290409942770714],
[0.8300149419812708,0.4673158467802556,0.9118923679131034,0.0184214310806805],
[0.7980325695643717,0.5955597561083326,0.7920224067630167,0.027834427087069194],
[0.17852362245674336,0.46795224371626465,0.3699396459606249,0.025126428126077772],
[0.15012607576195836,0.10057904055908518,0.4134346290146942,0.036070804406940465],
[0.42871799514659015,0.02383568532842606,0.6980088476724619,0.028867112250758442],
[0.46071334866232105,0.18610624353869532,0.1559406789328629,0.030761694745527604],
[0.3659918217474408,0.3564057981153945,0.9280204685903958,0.048000925415422294],
[0.430428349324673,0.4834258116962873,0.3760480826207441,0.022528755215397857],
[0.2015481368378078,0.4537416833334419,0.9022808254196072,0.018233345605878436],
[0.17804275162851657,0.593538285607143,0.9989466069740832,0.05046327894652361],
[0.13158653729761782,0.5264334649838686,0.46459754929125385,0.035817508766767356],
[0.394286441236399,0.5339587718935752,0.7882873385355332,0.026587727523512704],
[0.31243843205803024,0.026128252149549724,0.5253169824090332,0.03208957131772552],
[0.12919554805291755,0.2501649587301874,0.18904230989012938,0.023482761656019417],
[0.6710886823009903,0.1495122481824115,0.30546258433253093,0.01779417972498295],
[0.19829958431036443,0.1732100810448538,0.3924491418060905,0.017833395484021186],
[0.3761647275911595,0.006439285907591574,0.7932107089752767,0.08194801291162562],
[0.9002828940201478,0.9482353701344801,0.556468664994482,0.015698360579737804],
[0.9975425194549323,0.2294060819993684,0.05656295992371052,0.12319772218356438],
[0.04776123900620799,0.6537718940463229,0.33421028647580764,0.0600328562117944],
[0.43690761330132444,0.24541424247573518,0.3142886582148955,0.025735763304148777],
[0.1426193632946955,0.986524139475257,0.5752431969538025,0.0192979421419429],
[0.7433589369046525,0.9689413990234023,0.6005140036371949,0.02314399181258576],
[0.2959344802944802,0.2747353878503809,0.17525920737321687,0.017152073518661715],
[0.5085395585004644,0.013509522176916144,0.16173104284524864,0.026692940062001166],
[0.53451467641207,0.1408388097627744,0.6971000166754614,0.02294394095061096],
[0.5078736780327674,0.5123977719487581,0.6312040593023257,0.0432025822065739],
[0.001016264427384006,0.6057796572761577,0.39677256847647946,0.029043416407036886],
[0.512120643907464,0.039915318902035146,0.702463939766562,0.024689242809561446],
[0.16900286508676032,0.9484305531180579,0.5518901386041865,0.01878050784988887],
[0.33735236473504326,0.09120843491452446,0.390172378958601,0.04396871898397256],
[0.7276299307902704,0.6485420822215947,0.46686583384027847,0.034654618454430124],
[0.23598573140734636,0.3517759212573427,0.49130944331524307,0.017912443813170892],
[0.7487323034083186,0.3918844555722144,0.3568889973321778,0.049926103682426184],
[0.030896257313175357,0.025893824176683955,0.41233641565335444,0.01963211220679019],
[0.6827796718956918,0.00766059932897567,0.35008792137272404,0.0475679282302854],
[0.5302505262297192,0.8011395632451559,0.06852401046083334,0.019505489481008165],
[0.5673658968805525,0.20392778382283383,0.2387284980432206,0.03138501889616555],
[0.9408954666194794,0.9756340809986235,0.7830272623368112,0.03648342751863851],
[0.5151921855982201,0.040924478541826126,0.08868116598893616,0.022570650265008353],
[0.5844694198855345,0.5589334700639875,0.23210696924206942,0.02453861594246519],
[0.9785312739603557,0.4158907371870918,0.07444372775922536,0.03533043167591495],
[0.6900167224832863,0.5875157118556105,0.8033178045403013,0.017228647627116372],
[0.21306155688924944,0.27879923753063873,0.5187747497545315,0.027430416090536834],
[0.38066573034139484,0.765302321748855,0.8419921219100146,0.027892779001175545],
[0.11107613025870189,0.2875626066328375,0.09800140473975893,0.02855577957032608],
[0.41820879845423564,0.8074195018485487,0.11925955105861619,0.021446587837320605],
[0.22908651207947928,0.9318277537647536,0.5884582558216935,0.04060859375921497],
[0.5649172624116607,0.13502007768755475,0.46907501525916984,0.022198601357281356],
[0.8547009151796623,0.22183517244833428,0.08820961402546812,0.026514163861971127],
[0.35703328930041645,0.4434178643705269,0.2322380971875283,0.02722920835698297],
[0.5731921349783524,0.036951680997245995,0.14934452274975385,0.026011982927527884],
[0.62613809063595,0.32301393922937083,0.5376305398030851,0.02094593407707389],
[0.2207763698437314,0.07986119696973226,0.161504488954893,0.018249931913923975],
[0.41696017394800466,0.8072474060532409,0.1438350413644247,0.01754548949890463],
[0.12549061672820538,0.44730992471553177,0.08668715622231804,0.028752077517350802],
[0.18943338300451595,0.0059284076914313255,0.3883842543366187,0.017588690614481345],
[0.3771621468689248,0.27651734551448637,0.3155695654212455,0.04596523038881276],
[0.9590377670853846,0.9764428969745181,0.4251523321739228,0.019784421466303055],
[0.39560710572071967,0.6464153347840601,0.028510350511797067,0.0212799198289454],
[0.25460762603170595,0.6499084411389634,0.49387509339836155,0.04102557938556799],
[0.7076709152287323,0.9461308569179622,0.5044898278671096,0.016484303045264798],
[0.9404659600465166,0.628786700164138,0.7325012382084839,0.028961839312881398],
[0.753458197099792,0.07299059386322237,0.02109579741315104,0.04493702085251178],
[0.8094799771381697,0.013203419008033457,0.511128963891273,0.019299683385313363],
[0.8623857167710886,0.44885324347625866,0.5275162209855015,0.025849067614288422],
[0.05397183176699283,0.06679568258439816,0.13897969230461737,0.07419133267607723],
[0.4423628164975111,0.3972011369472356,0.8495817651969139,0.023069431068023775],
[0.584241829497871,0.3733153894240937,0.6026931712207071,0.015118443261680731],
[0.23491348161501213,0.08963722177308908,0.26266407951465176,0.024326674767607186],
[0.4358343390085003,0.42200991114946085,0.6948774486925929,0.02717535360436661],
[0.7940324488428627,0.4808846642105977,0.8666925793782065,0.015439831362380495],
[0.47285371784635577,0.8124470074839987,0.8928506307527302,0.03655436436127055],
[0.8245531574256741,0.9789014896156224,0.47738696330807995,0.026631092240758915],
[0.5564250679997509,0.14749116622134517,0.7858369227065787,0.016199231918979616],
[0.6718476511047772,0.3536760777237613,0.6708604373227769,0.04842736283505969],
[0.6122000596158881,0.4188674979687236,0.17102583400913063,0.029356025963945598],
[0.7086711916828558,0.5842048514878969,0.2603050127997246,0.02808787595635353],
[0.47811030405425037,0.5578856490987432,0.7252696607426615,0.023003045893140728],
[0.2568061452072634,0.37387011739603226,0.3973556208044563,0.032399493651469866],
[0.9764903091695928,0.3533002736004184,0.5362631497414572,0.03082183973501914],
[0.6016281602011785,0.37485955515479774,0.052590925645616404,0.016369035812175116],
[0.4184346813583367,0.1406734067153691,0.8139696414082042,0.030676742604618626],
[0.3547063828456396,0.09936645107925257,0.18683397173691474,0.041339607394286666],
[0.20076382186275354,0.6945917671428692,0.4225136491859126,0.01563885088445831],
[0.506386306048906,0.5022727198899843,0.13174286298687932,0.029297025819153548],
[0.5443457934813443,0.6052041794798222,0.4423831490862523,0.028313720627754044],
[0.7066651818648564,0.10395980973363328,0.29775248839112656,0.017824677655319733],
[0.7098724480206827,0.7612587457899094,0.7743103950510206,0.015865111212782203],
[0.6493118540200342,0.9899330787009089,0.07897161973725064,0.05463825362915789],
[0.9859817965221588,0.7010446604082529,0.6202649702700985,0.0323185903269933],
[0.0838304636687408,0.32292751875327563,0.09980546438739035,0.03525248832540957],
[0.5461036756961698,0.09113930087405753,0.5214512998271578,0.01894067568600734],
[0.13322836502913327,0.2390545278699594,0.2117296794750282,0.027213359648698573],
[0.8292322035632453,0.7219339245207876,0.5324801743790843,0.019274621195153427],
[0.8620232610619711,0.796213159991293,0.3298158159270469,0.04076844063766053],
[0.6068767725811842,0.6303504631699677,0.10984940655315112,0.022978186937639172],
[0.6696662273117724,0.7586057701974395,0.7335767378388902,0.04057359957451222],
[0.6259891852796541,0.8412607517228385,0.40972962757073295,0.02314081180145082]
