username = nchw73
detector set
algorithm code = VD
dimension = 3
self-radius = 0.0296
number of detectors = 777 (from an intended number of 1228)
training time = 2136.6

det_rate: 80.45, far: 5.1
c0: 0.9999, c1: 0.9999
[0.30149573045096933,0.6866114040855821,0.1887445263708104,0.09071599707838007],
[0.1715029225542648,0.03338971254281864,0.780417612770046,0.1950848172058382],
[0.2830432574119641,0.6617786197590798,0.9166192991772095,0.06762135400562316],
[0.5605875888869006,0.1628895178817631,0.13866522273478654,0.03234990110069083],
[0.6937924266949661,0.35314185548425536,0.8003312964701771,0.0638044677116643],
[0.8766859336998895,0.3533355457824582,0.29190902907577687,0.03519873711621889],
[0.9306436226975956,0.09140988347801005,0.7750145688301401,0.16493534974238666],
[0.6823181364781858,0.8775571909028419,0.034458096010431594,0.06973658497281851],
[0.8794849646522905,0.9377325175835676,0.020794167154075005,0.25778043171280607],
[0.9582507332648899,0.25065237405244656,0.03409085378113752,0.08825606294820887],
[0.2451684519951195,0.3263135988749204,0.7596609095754298,0.0589773650916343],
[0.13103155667983835,0.7284441361004953,0.7690311290098585,0.11743262106610021],
[0.7396831987192346,0.3100364373891328,0.6955732740688232,0.07333136833669383],
[0.04659629640352225,0.9404674442807516,0.3037040129724927,0.08455216254645548],
[0.722497357617064,0.003126168319740108,0.7419970404777289,0.11170421835237256],
[0.7232382873765173,0.8115877701373516,0.8587273358443355,0.06915645385918247],
[0.2805524311434554,0.027480630153523422,0.18537323528990335,0.03373349857289984],
[0.32390263745905734,0.07995078862232463,0.901682262371618,0.0705533194052174],
[0.2997058413792969,0.3824982288525204,0.7232587510559614,0.03437640712515924],
[0.7754892354651985,0.8783983251113474,0.2865201458893928,0.05366405922291077],
[0.8249967151258256,0.8015333133382091,0.8958018670876999,0.07179523371186161],
[0.8922785350688885,0.3046010505029796,0.08282305695824721,0.042314078433179386],
[0.18858655060997087,0.9413476438097662,0.8997598739757963,0.14347101862208106],
[0.9534493008708853,0.9041195212623263,0.4795555874584244,0.0353834377994464],
[0.8921901577559942,0.16536443007988433,0.3681947114219747,0.031468629741614934],
[0.29011795980915356,0.17476905666825715,0.9912921849716912,0.09373098504446192],
[0.2554492421623894,0.6697704869992145,0.9972562092255008,0.06713910050451474],
[0.29807814808803035,0.9825556981172039,0.8115864992113807,0.07148391555842483],
[0.7433828742273444,0.1564742560626714,0.8140443612246332,0.1244565989745303],
[0.4399054390591359,0.07974275882820536,0.23276425783677857,0.040710723306143615],
[0.6477952626958523,0.7645049939516607,0.9531812038243802,0.05493667696099311],
[0.6497574531295228,0.8206882039790371,0.06786422368564049,0.05990641422857679],
[0.26141513469997957,0.19592594824511855,0.6689773205764294,0.04619635536752727],
[0.4149114437822229,0.5267478300408956,0.007318639126165261,0.04336474935142287],
[0.8582550203740034,0.6404085209570487,0.10906998565747328,0.05333497987486911],
[0.9162448963048442,0.6866439578191174,0.8842067449333828,0.07144950073318654],
[0.2873781722339158,0.7859008229779181,0.3347608684936475,0.053646963430455274],
[0.10057325744195678,0.8050375955418614,0.2615545959740033,0.10808137834948374],
[0.03433851484373951,0.03160542191116089,0.12640728511962895,0.09125473963282904],
[0.9759512088244954,0.2415223340445929,0.27228327636189975,0.04277603698422901],
[0.317306446106262,0.9989629231015823,0.2701034403104481,0.05406376030017977],
[0.08871008945217118,0.7095250281192199,0.0267810794287211,0.0959736489877605],
[0.9992723958941698,0.33293140668534493,0.07724743577378324,0.08205979709529992],
[0.8069138784438307,0.9895481065747312,0.7364365966388879,0.042917331199891634],
[0.05614932812234319,0.3649611805767782,0.7216304344536566,0.049305732825778756],
[0.6481675726490236,0.1267912257434669,0.3401147623442471,0.03618600554354624],
[0.300421336685023,0.31253966837759883,0.029407913694626697,0.06603658243730573],
[0.8249770323849639,0.817094866360685,0.24447394338854445,0.06069916544168519],
[0.7054787244755353,0.9380145801828906,0.7850783841592311,0.05392886965242061],
[0.9817889744711121,0.25679412418599734,0.750415394834751,0.12590559426489756],
[0.9802686626695231,0.04050378446843805,0.9745922080338388,0.3457959573844587],
[0.1879977869743652,0.8114128925315056,0.10932030477581223,0.1841484126031866],
[0.0199699747586487,0.8090008436898257,0.00405058861186236,0.19184867964503816],
[0.7125951080506941,0.6338035198445876,0.058033757428793464,0.032726989083616445],
[0.7654529291473052,0.045337004307842155,0.04867479453270307,0.03295709398110319],
[0.05967704519346917,0.8931115662049486,0.9948672590581856,0.2793739182738188],
[0.8887432585652278,0.8495493724028299,0.9472605880115207,0.05092160385265816],
[0.6755309885417878,0.12644147995120703,0.6953032406899459,0.07441345689586962],
[0.32038104630560504,0.208720224539916,0.7204401197146076,0.07915863806772398],
[0.2033028848011701,0.3255153993981552,0.9501755770449523,0.07363558411614998],
[0.12558212717971495,0.3209226163657909,0.8501513321401847,0.059660069758502327],
[0.028437329412784762,0.9817558022573833,0.7240308636650878,0.11263449056225368],
[0.9837257006308453,0.052831290776269024,0.2086406710873605,0.10621952585005993],
[0.29814405580290293,0.6760151271955444,0.34287968069551844,0.0389998799497812],
[0.9885767840363789,0.33182520725821973,0.30573925791695966,0.07509961642018961],
[0.07076176162024395,0.2359919230989126,0.7672939920595736,0.15115229961868987],
[0.8963625488394179,0.299553584903704,0.40183525628800687,0.03169309747612343],
[0.9497375621879358,0.6989018957306475,0.11744215753426723,0.09028265710189118],
[0.8986652295856747,0.08673444943921893,0.2859344908697733,0.035646724451171286],
[0.9686479777672409,0.17970411949853238,0.12223732686436128,0.0779329995598198],
[0.674606034305458,0.711073208496255,0.9174384259531504,0.08291843100689614],
[0.7968790599633968,0.8841544153331521,0.9113196020986046,0.054776876890970494],
[0.8050963007930253,0.14579138506020028,0.008071610779909255,0.041180633201416336],
[0.36347187377840484,0.338420427513756,0.6875871045393002,0.030332278751761817],
[0.996458721965935,0.908239291533347,0.320461955720039,0.0394312244378619],
[0.8993684617158946,0.3595928599926862,0.8683267506411432,0.04297150597165393],
[0.041885653806456924,0.822888705837211,0.7093308701545465,0.088497170289679],
[0.6162188110139165,0.993273722073419,0.6148174985453816,0.036423204783479976],
[0.8125041971023067,0.8426664651301433,0.788661297350099,0.04648447123046906],
[0.13398740642885754,0.3465606424490192,0.6799634851499567,0.03874724344259338],
[0.36942332813146017,0.8482032676499043,0.0715154944832519,0.03641137486855016],
[0.35822160068750275,0.036910769397534016,0.21895018538675193,0.05752741456845448],
[0.8154355772530413,0.7218735687181425,0.8977101465846988,0.11737885346868872],
[0.7496014484451121,0.6079381069395853,0.9618808053545198,0.03076373902919645],
[0.626468053666928,0.8650943760220734,0.9402252918628591,0.06342157571499388],
[0.6508589615150357,0.9368892076320957,0.2519215469845144,0.049919045953437505],
[0.027294914834451123,0.13123556055249452,0.2375895958808314,0.0406287577857288],
[0.6264669646414384,0.10646400898695318,0.9958702343264777,0.036958814695485814],
[0.28151205526651846,0.6426503857316229,0.07205793063813193,0.04344369695843053],
[0.7534987713428062,0.11078077740713033,0.3831809723807096,0.035936677355082214],
[0.9536997435962281,0.7088083088292748,0.7112965361486602,0.06496968526769802],
[0.23567391218701883,0.6578289440366628,0.7355137724489968,0.04213875414294237],
[0.7042855550638021,0.2018287912904857,0.6236727701540584,0.030381298943002816],
[0.77018851722029,0.36187709198392326,0.342148882435967,0.03704451017899972],
[0.02547893628147091,0.6840475068994962,0.6361957662693197,0.04361074176809565],
[0.6382072958597734,0.6878062221631056,0.32322508960310503,0.030767973216965595],
[0.9701675828805544,0.7544115680848412,0.7753814320514623,0.04896212210222706],
[0.8943589962377656,0.1222829586291958,0.04954376861258036,0.05260329670843275],
[0.669353932193867,0.3321099279223263,0.9116158371026146,0.05723304306832665],
[0.7507676617523087,0.7869563918648604,0.1861036854082,0.1257026803027702],
[0.18092465351836884,0.6815700263828177,0.6056433388267047,0.03084695245225408],
[0.07370647207662007,0.11226374316708632,0.936999869701626,0.2785499977457681],
[0.9031555986455505,0.7856093571155017,0.2785939002516543,0.06261029318332191],
[0.28221213228811937,0.32382021379508086,0.7053979903927177,0.0654195480129768],
[0.816628783988953,0.25185454139150754,0.722261469679795,0.1067343782627254],
[0.3794261226887492,0.03899172389242456,0.80954643716591,0.06157904917573502],
[0.38455237977467915,0.7369330936412207,0.7623358582483399,0.03555039646349302],
[0.004401546570232173,0.04304561659034234,0.2768778558772844,0.0994444467350314],
[0.20696822268844428,0.9967699023853713,0.3158270875919238,0.0664047339493931],
[0.18664235483956237,0.08102205305819632,0.3818574368333155,0.031898229899314],
[0.33641059464252254,0.34097016003734715,0.08397110565068377,0.04890849751997467],
[0.9644049982148265,0.875688069539921,0.9248349914919824,0.03636393851497073],
[0.03909013604052569,0.17332296582337503,0.3111216814914739,0.03198769612185924],
[0.8708794346473548,0.7212558976082596,0.31180538518876555,0.07780582881647495],
[0.7599652203427644,0.3550354991454495,0.048302953786533376,0.03480811259812899],
[0.3609535432832979,0.016439189048979452,0.6378773339090225,0.03850779418230266],
[0.3280690682748878,0.791505442398836,0.8272850137503399,0.07032943767907555],
[0.9727527401748987,0.49061732062245644,0.8109142997366463,0.03038932223190026],
[0.6846329223962975,0.9721638925367735,0.9372541260310945,0.0696726655921617],
[0.36821577504221736,0.6753505831788887,0.7621847357924825,0.03389133898933305],
[0.5204545124160158,0.9805096176874651,0.009245158388640484,0.04200115871244414],
[0.2116271538433021,0.06856506185179201,0.06659671574401782,0.03624442622687231],
[0.06938504215554142,0.7746787975513973,0.3782961669594971,0.03522121620657255],
[0.22922412621395782,0.29337791791485635,0.6463736074386507,0.048821133279002046],
[0.23247424891263735,0.9873327398486977,0.7260954002350586,0.10017187289098671],
[0.6886515746455623,0.6727493803725225,0.32673199845475986,0.06165168775500916],
[0.8289778536231959,0.36059196163081075,0.06777935539079749,0.031011267657729824],
[0.8715017657215871,0.7557802722889506,0.7832543443223312,0.06053195796715283],
[0.2097065715576093,0.7285746166308505,0.5972411176371294,0.03395852259514942],
[0.10339826957858933,0.025391675439398798,0.3397612084100933,0.06393436270680262],
[0.3236981611813987,0.7297715859773963,0.3381759677135454,0.04158484390232463],
[0.6816101930307399,0.99794650916161,0.8512376003730018,0.05829957759675104],
[0.1377113878742129,0.6531453860955545,0.8612959513516006,0.045818762279730696],
[0.36539820036063286,0.7406510756015433,0.7169775185036636,0.055459437776131965],
[0.797616798561976,0.3142913237236059,0.3901889631112757,0.033362192598977145],
[0.6985519254632654,0.9968286298986223,0.7522136704447958,0.09340493193416548],
[0.8469144317397936,0.36309473792340974,0.7221992238604826,0.04607403088842156],
[0.11280809566773586,0.8985423997222591,0.620373576856733,0.0407360530576813],
[0.9667115190943112,0.2740552098729163,0.1858286489667338,0.04457890931799216],
[0.2995126451176734,0.14128416242026898,0.028064462000910173,0.03313291065245405],
[0.11705084552454414,0.6826390387252745,0.30046522219448557,0.06268141789286549],
[0.9996814837269586,0.7803864935030381,0.2555701171311633,0.09369829592112242],
[0.2920532417700139,0.6810175347116099,0.7049108466096214,0.0801322540789708],
[0.680447751443264,0.3484966722215894,0.6641842560028443,0.033814509125496384],
[0.9889224470616734,0.9917638664544469,0.3755233476754549,0.04357313916187547],
[0.2018174297634825,0.7567082662267386,0.3403443614388071,0.04556632345459785],
[0.5362715390011032,0.8064478711274743,0.4439752321239603,0.04232078098004878],
[0.3754280582383014,0.6751963664919576,0.7969097938635712,0.033973656757939244],
[0.23614465931844553,0.6630301829649803,0.3246934247718485,0.048127505342237836],
[0.34021610642331246,0.988187699668126,0.9798093286867386,0.053510629985373356],
[0.7330278023669836,0.6210757846128372,0.991084581882023,0.06499624212014711],
[0.9217105586087257,0.7866024095967065,0.9053210887777403,0.04654848499620416],
[0.16067171248099998,0.9540143769642567,0.3413689141132584,0.04868617919566952],
[0.09707993553183925,0.15904730106874065,0.6230843010456417,0.030703837180660713],
[0.7872665944811855,0.018121823205571763,0.029057474144773776,0.059747729047506276],
[0.30156789827412644,0.33638642086009796,0.821291544491893,0.057790741776116],
[0.17291852079235648,0.6444696530967963,0.24027291215693525,0.04814099002600264],
[0.7716074619461697,0.6654765212469064,0.7238104060857309,0.029990154261361854],
[0.7148863696267584,0.783733424022475,0.35226506626689413,0.04710199830959523],
[0.7828682799043124,0.95590850749955,0.7758599437059683,0.04261849869352939],
[0.8999503365387006,0.998928801366509,0.6998424615167407,0.035213023789635575],
[0.5978911554404497,0.976655405695287,0.8349023251493736,0.03786790705936416],
[0.32606202318545163,0.8630875169654766,0.8978771904219329,0.039464388988591254],
[0.34583926516017327,0.3537485288995944,0.6473934429181611,0.04969966599288002],
[0.003107033684419669,0.18685715990845841,0.24289533277611852,0.03620828132052027],
[0.7328482484485949,0.21863105251904047,0.1449714020755709,0.05032212875290927],
[0.7729332384409765,0.9684770719503157,0.9084320789218526,0.0764855700759034],
[0.1914540415126983,0.6297338968649955,0.8252152815476533,0.05099121162729997],
[0.35067222320310054,0.3042233002608923,0.7974735003944046,0.05619165265352016],
[0.0816882667775799,0.6891753585253703,0.2071370218302082,0.07385410012732466],
[0.31245427474758436,0.8155190816668028,0.6988468708155264,0.03663929308473807],
[0.09561458272828649,0.3938946776606481,0.2453207008609125,0.043027416601463433],
[0.4006767651020272,0.7779536265702047,0.8132522968547061,0.0348135901024505],
[0.011053488852453053,0.840255796874668,0.3343550774463435,0.06491095678849637],
[0.9508958200796489,0.1253087295371782,0.38810880886618493,0.04565997218967141],
[0.04187052210521336,0.05008571878366852,0.01579378969719558,0.1163793506316848],
[0.20876427171803513,0.008020513623610226,0.035135852363434195,0.10131726658264843],
[0.8556138581759212,0.34796616219410104,0.8316662025151891,0.049198373327234604],
[0.6816088004323128,0.21138136806578578,0.9393749914971903,0.0711680724845183],
[0.03249792960030051,0.3382195223766642,0.31593081641991005,0.04025933069456704],
[0.9413302519633855,0.8224847255593309,0.9320722008489627,0.0408337256320636],
[0.6483030695502651,0.6723271221108498,0.21026474384337002,0.052792442741635026],
[0.9710393628035542,0.225582611264313,0.3556545598964339,0.04604950594147468],
[0.2003130597849314,0.3775503389825975,0.1738313183313558,0.04390842941631118],
[0.36193134084428413,0.1004136125113978,0.048216452253112885,0.047180705161507214],
[0.7093811404912703,0.9615279083877428,0.6606380158430932,0.048611904760767946],
[0.3285237410581895,0.963358728033996,0.10202091916723421,0.060667157435610755],
[0.06736918688219973,0.7416412025277279,0.3541581482106132,0.058617453836107836],
[0.7646752927214294,0.9824098793163425,0.6366134293398497,0.03353396859415886],
[0.9942590828247648,0.09964692500570949,0.09731319915553405,0.10791080730304654],
[0.22572091865136756,0.26369254338910275,0.714083819926428,0.11145167428885332],
[0.07294461249024009,0.22895581518626595,0.3375336115075763,0.033604200515589044],
[0.13494771217443813,0.2870305691121098,0.06961896470263507,0.034381104980644686],
[0.988883136174028,0.3671332528768467,0.6024668868797716,0.029605931608711854],
[0.22863288844582086,0.7798001836455305,0.6469861389577025,0.05134335166534923],
[0.982803612384098,0.1687629833338009,0.3170763439492409,0.08102329774776133],
[0.747842889316574,0.8311026107400573,0.3347341283466624,0.03534265725803225],
[0.6780541459843293,0.6854765807784944,0.15465600279234892,0.08023491680651275],
[0.8872142820962209,0.5236884413279038,0.41755086836057453,0.029958284801803375],
[0.47972682737427497,0.6609398692231423,0.007639875026474119,0.03260625494770873],
[0.6376634198525832,0.9375548707775977,0.3127630605657228,0.030631060200360938],
[0.6558319231605669,0.3464323909120246,0.008352636027033511,0.031036887234729783],
[0.2562913753449204,0.6909892065861188,0.7989268229309071,0.09175574498180133],
[0.7723316927427432,0.06485070976888463,0.625004366617644,0.034577046650870594],
[0.09815976960983697,0.27118769002714527,0.04774958085795078,0.040437150806701946],
[0.7299559542927351,0.3500414725214651,0.9998340531183977,0.03394193223305374],
[0.8392386674491453,0.6455416951334836,0.9968695824643867,0.0797380147308622],
[0.8171202253463058,0.6734800723931169,0.04267945832134601,0.05218711748996699],
[0.971538948439441,0.6677143641204618,0.766118743544254,0.05477222350033699],
[0.756512575180284,0.3690611414060302,0.9238582225118985,0.03983364724506927],
[0.011498836049569472,0.7618565491052608,0.3991180561441203,0.053037102950478615],
[0.31822827319802616,0.022950746763759966,0.00930376978818992,0.09679763303137086],
[0.04360924089870566,0.33895514502508406,0.37323263377505556,0.033322823988728406],
[0.6574554713090447,0.7356949256189819,0.26765458270927345,0.03466462400243596],
[0.3744532565663188,0.9119636850158857,0.0003279131741529273,0.04521446175780908],
[0.6513269471990771,0.0010155611010713717,0.2647822509189408,0.03315463442764045],
[0.2412088136799041,0.991655611029831,0.14740661809145816,0.11323230738119087],
[0.08333252358457766,0.6436296452240469,0.8455117598441363,0.04207604838813393],
[0.22327455326092338,0.6734035791121916,0.25129552569579605,0.08695952483408956],
[0.9625510624124696,0.0033499737822711984,0.3290387763521274,0.07530977161766292],
[0.18899948330063943,0.6439404414861852,0.999851068114887,0.06285707181693848],
[0.31941324614786915,0.06159626707808774,0.12796133037703106,0.036724150882630396],
[0.6528591106718961,0.02423757266838944,0.8617115799767555,0.04267369453231053],
[0.9637850297403423,0.8525830547121483,0.9780143323210017,0.07975583323259834],
[0.18139590453980814,0.7764484395471613,0.673351545955184,0.0686503291473321],
[0.3810213387408621,0.8085484339506865,0.7352005730613789,0.054979145472069446],
[0.4735914027304535,0.5365074583907113,0.2595056541891737,0.03221211864809712],
[0.0520436944590692,0.19869906691642436,0.37449114438448106,0.034430134852479394],
[0.6695037040603605,0.7121800126227875,0.057804293219305025,0.05571946880520477],
[0.9280389162197741,0.025587507003742793,0.05485771695188757,0.09745733285798723],
[0.2667174974638852,0.07045130417609347,0.10035161720326757,0.03162312546042582],
[0.910505773440853,0.9418889729336449,0.9362946903202931,0.03418686193005528],
[0.005511712195561902,0.36661749651121744,0.6936764004741521,0.03658905386576458],
[0.011947444814871977,0.9393438050866209,0.4192181842909076,0.035005381177235464],
[0.8563527233181295,0.6685744664549618,0.6488718862515578,0.058499239585598245],
[0.6450809984972672,0.1822459070978799,0.9952926111199242,0.047368399541094966],
[0.4746677015965284,0.04922010545835376,0.2069892039236375,0.030189359790421],
[0.6597730938717479,0.8079330543349348,0.3550525970392514,0.038445634551521224],
[0.9001791949028816,0.0039884225680505425,0.37896724452073316,0.04555215373049597],
[0.7191325463647542,0.8336245885866789,0.2995814251423107,0.03773901977429704],
[0.3481618423355636,0.30277978691471275,0.6687074046652525,0.030530430370948165],
[0.8537466860637337,0.8104525058639785,0.8033443719685477,0.03754448783581331],
[0.10321290813687278,0.658373029907024,0.6303504783531346,0.041533041146395125],
[0.3485140813387313,0.6962261510519278,0.7996768414817705,0.05796543574586732],
[0.8825317585945923,0.911498542364117,0.992237371417596,0.09463831988449842],
[0.3607881314111745,0.9831574364441449,0.7381084405301804,0.036372077259624366],
[0.02401061520361647,0.29091272246184685,0.12548995833250354,0.03587457569398941],
[0.31831157650756636,0.6318369410648118,0.01109363510484318,0.03396671812982348],
[0.7599239250604651,0.1706318647312216,0.2074348704787211,0.055529420794914144],
[0.6876627338783775,0.37279021576634586,0.13999136754915098,0.032494861551416884],
[0.703054345210664,0.18896786918487862,0.10672403252674467,0.03277990954172281],
[0.222939986572819,0.3223117002938204,0.06802491635528418,0.03720822021331856],
[0.9931827142705079,0.6614230335504234,0.8392015669305112,0.05446634891082304],
[0.010780407831633032,0.21849562156704316,0.2956554929306948,0.03412001610072543],
[0.09465127639649118,0.10544655635137512,0.11683415215414783,0.04147528140623791],
[0.011033135757601786,0.28916313970245144,0.618345492590203,0.036183530693540314],
[0.9797849143625759,0.7523993668822062,0.8984184964669247,0.06338937698978378],
[0.6249337521252724,0.14246788643271446,0.6388545069151403,0.032833452679834334],
[0.27819016138334207,0.32904394778435475,0.9013438692460801,0.06386971263607114],
[0.6341460958526551,0.30610283979708763,0.7483324277364505,0.03772606392952409],
[0.3650536436387287,0.18906069129800107,0.9227556120661654,0.032327884373980875],
[0.2513122831170227,0.3497090209975655,0.29131208648435125,0.031288168482195594],
[0.66247944264378,0.28514271669662805,0.834735992828991,0.04975521884419383],
[0.7749024314155717,0.8451285995065371,0.9758387694602273,0.11947455047075393],
[0.6892323008198806,0.741836258628314,0.9990978967319133,0.10165549848196122],
[0.015924899310625906,0.6233972744106965,0.7101388947661809,0.03317328491701496],
[0.671802677808454,0.9486695301672556,0.30610051900153556,0.056335184658993814],
[0.09503136000242396,0.9655484325427784,0.23709470610992245,0.13382672117579364],
[0.9994740123544397,0.954271138770019,0.25328372159816004,0.10061974755915574],
[0.04051682209299545,0.23354743311843684,0.3553485527605781,0.05758293086969206],
[0.28442643378717347,0.8769329471185385,0.36648333424429314,0.030841633259531043],
[0.3589395005271163,0.31240600122132345,0.8837145544237412,0.04641356444775123],
[0.18544664690679935,0.6034098010106691,0.19226611294046658,0.030069744464054096],
[0.37109165081598994,0.27120498913629665,0.19580180091994126,0.03150694930789237],
[0.6700258719475446,0.07330185516801246,0.36438209777738884,0.03164475161910985],
[0.27048316369320147,0.03940542604771957,0.13020599847253567,0.053076558124123596],
[0.32064012189424196,0.6497574051299801,0.6326288014630115,0.03176914856963355],
[0.3725357168694956,0.10187075777925148,0.09443257681976414,0.030809965022434868],
[0.34065502443906714,0.8197573710505223,0.6402967623762937,0.0329352339608103],
[0.6744406853145484,0.8238286709772473,0.7048344499091589,0.030123739037906876],
[0.9522394349211503,0.6716536639072935,0.3235109354156487,0.04841434307532759],
[0.37887058988443145,0.17561083577033199,0.09787824600296202,0.036692125468977085],
[0.9443833794149877,0.6450750458527724,0.9866301829961918,0.05894861923216506],
[0.9992721756275373,0.360757933094615,0.42702517781622296,0.044845306728888604],
[0.3838600643765234,0.0608692337746809,0.9917252923141711,0.03317680679352335],
[0.47220162964873713,0.7804225174663447,0.40552778982114257,0.03205358810637373],
[0.8314227144999904,0.32926508695631984,0.033731587535301144,0.05017165430322973],
[0.18122287339560028,0.026785340571171323,0.3374484846474516,0.042214608126718164],
[0.9820628672665855,0.6872815444654307,0.3615868137787679,0.030253645382948995],
[0.4076949531140923,0.31004530345932313,0.7997822828603955,0.029648145823083484],
[0.12191747448078116,0.8897936448755166,0.6741545343427736,0.07042626008392104],
[0.30256896895957985,0.7814299590215311,0.7457940066009333,0.08580855066747063],
[0.18571623948816363,0.3743765961642347,0.8646255013884968,0.03286674258741438],
[0.09562017983093707,0.528401317333196,0.4214665491343844,0.036798528019494875],
[0.4810412636190393,0.4703507562782442,0.3409102603481666,0.03206369621068546],
[0.7502023782184016,0.3090512371417774,0.8161155524473164,0.08832624745498917],
[0.7544869821962488,0.12259769075402649,0.653687072015299,0.03894925539674629],
[0.6599423721065685,0.6591585073108992,0.8325307860393804,0.047828457874343935],
[0.34096112737219897,0.9570036504683305,0.914972368822498,0.04474948853043907],
[0.12237044988655932,0.0193971943083332,0.0993111283201642,0.08685399233126251],
[0.2680202429337686,0.5971925764542446,0.35216784513313804,0.03280811238457773],
[0.7998039140516199,0.6708327034470847,0.34233562088706193,0.04827366765425792],
[0.18232013829260574,0.9899434561194277,0.031226310415104486,0.20141637743452478],
[0.19226949520287762,0.31928794726900955,0.02597346455271754,0.0573689818416397],
[0.8354176502629075,0.7329580544379928,0.6518554943660714,0.04906725699891126],
[0.08997904746322027,0.7201084284305012,0.655221937587706,0.04969236442044897],
[0.3997377471197515,0.76420468421745,0.19163857542492446,0.03170855984871683],
[0.22865423923995343,0.32440404622107444,0.16247317322805366,0.03257030985979257],
[0.346108493744282,0.12529810720227774,0.828288992694467,0.05986223090391317],
[0.7815404441066789,0.6247470526659124,0.8235785487779954,0.03162613062412237],
[0.6910695258962235,0.9929990458126813,0.2307936634469867,0.10691531268430542],
[0.33856388604134735,0.2872497204423029,0.9660944501696227,0.06960934865702936],
[0.35748272513248947,0.42147738395223233,0.08620133438010258,0.03127837756445421],
[0.2549472131090782,0.7457747574569442,0.37345118017779033,0.03436024845304243],
[0.24992999835398877,0.7105571002418783,0.5844054445354091,0.03391048988309568],
[0.923732031951566,0.32736573800499746,0.21134931083293274,0.03347837195090418],
[0.6759331037958596,0.009461826801414497,0.10153144221582233,0.05844776013287853],
[0.21967099912401877,0.011337686486419418,0.30955141787798635,0.034244561478191424],
[0.17645780034608327,0.6571684920801077,0.37066334851249416,0.04188919337444498],
[0.6386279108623696,0.8328598209554277,0.9945539488038704,0.0761673915158823],
[0.9785860534213116,0.9851607508606077,0.7343551016816608,0.05479221011716032],
[0.7588925756541608,0.6771958878717776,0.009293405590234394,0.05291443062444895],
[0.38521713470521923,0.17941178950300807,0.8168847374823581,0.03519895848464778],
[0.851608481795197,0.003071670516387681,0.3068915636529118,0.062279476776688075],
[0.8074450391250275,0.10353832312643774,0.637612828915531,0.03218729927850175],
[0.3875325965473959,0.09473618915613313,0.31531500318705286,0.05367312591322396],
[0.9805413708772591,0.6204917286114013,0.9409487789547325,0.036474144472445735],
[0.14362902790357202,0.32042269196247386,0.36306890474158227,0.036576073470953374],
[0.41685178860170835,0.9922655906148562,0.3317248593743387,0.046850143480773626],
[0.06650458676332371,0.27157894266732663,0.08066592730131072,0.03149953861916625],
[0.3305583287825167,0.7042247386220253,0.886622092070362,0.051303150057609645],
[0.3658429420832672,0.004347544027058725,0.28366442588085694,0.07415141974227385],
[0.42505267916735645,0.1080458068068495,0.8453023151895104,0.03009055318338376],
[0.29970233401554935,0.7700480469277224,0.9195341673038957,0.08774617098342127],
[0.8135496056768132,0.685814637455884,0.6030973398028915,0.03496704213420783],
[0.7294486534584426,0.9869674136764031,0.40130195217217346,0.030658666018106365],
[0.7400125164581578,0.7024855898338694,0.3513431000834175,0.056800432363780184],
[0.6298012154486684,0.3520934343186898,0.9895755581363385,0.05667884317823503],
[0.21961613798389956,0.3509012705985325,0.11382586025327246,0.03621696446814958],
[0.0203200594044316,0.2426883240165033,0.03274039423761366,0.09364020786653106],
[0.25130300203957356,0.027847335312948363,0.3172152641318572,0.035377406270727066],
[0.7148731843602415,0.3885650351353065,0.3509184606070245,0.03406826096845579],
[0.9587182205278708,0.34729865869638044,0.22457751489158784,0.047131972188569654],
[0.9909014487155815,0.7623107822565922,0.8256841934351655,0.06240228606979939],
[0.944372764618176,0.7362867368841809,0.6481874212198797,0.054093257456711855],
[0.27612203030954097,0.0019531297598236463,0.24359052368317757,0.03350882254674502],
[0.11842407078588879,0.6161791686586455,0.9810456816666929,0.03589127119251477],
[0.18814218111761927,0.9316938588098598,0.6533558214271113,0.04729894484205863],
[0.6768516010803751,0.2572768097729323,0.7371973393622427,0.05352093609474286],
[0.6062115145070613,0.6782855978157539,0.11322158379632297,0.03885935830924912],
[0.60365868708513,0.9269276580671997,0.26937912304634504,0.04234496612323911],
[0.7006473537635621,0.006017617903570471,0.026103856580592333,0.067142348197677],
[0.7499827834383751,0.23082995575027088,0.195930937877959,0.05512690829952982],
[0.6466321441777795,0.7918705339700363,0.28198280358336403,0.04590549790955245],
[0.35392795981990144,0.9912802433771543,0.1973115013826744,0.0675741911324874],
[0.28344214519187416,0.9671175313034571,0.3563407792504273,0.046650587646758654],
[0.7576098812660048,0.9322393053239035,0.69371791322822,0.048674567346974965],
[0.8299383985281918,0.6577267988264022,0.7599238458946833,0.05726371522858588],
[0.7917146272598081,0.7292864941566817,0.3024753191253685,0.06870965574846455],
[0.9999685674278145,0.22732783472876306,0.22418880895686188,0.04658869505494492],
[0.8750673524555184,0.3577814725985655,0.04792705483779136,0.04005264226869226],
[0.8302177058830071,0.7851785959132441,0.7313100835519024,0.037826671808152496],
[0.9925706031997795,0.6287395582416595,0.6692154906659099,0.035654878776304536],
[0.8154151352157273,0.2815434032507663,0.1374767900920627,0.030594755416993774],
[0.9292046173675513,0.275494664062383,0.3871616467244937,0.03243636344951432],
[0.37866887290862816,0.24456426241548224,0.014829555922080018,0.03272545946454594],
[0.7546068513405875,0.7723541970377102,0.7876580891061119,0.03427018172052228],
[0.34586421704859094,0.8641142859873882,0.288579438172757,0.030904449264318408],
[0.2989823931431814,0.8365426285238696,0.28739481101369624,0.05720361529718722],
[0.014668780992217578,0.27746037342177465,0.3065389775562012,0.06146748759816566],
[0.342245499595185,0.6726708104012254,0.03396326548357931,0.051964269370784855],
[0.872226113330049,0.3627803638288313,0.6481367295496033,0.047627827301263734],
[0.16859407205112786,0.3211748842472091,0.6311777938927017,0.04409845161749218],
[0.8864424989435826,0.6532725040112713,0.2654958641703593,0.05148506638452528],
[0.34251761524356505,0.1895551336766026,0.2530490812926618,0.03721658740815491],
[0.02754172170829794,0.34119064188261383,0.20265898938891636,0.04197221003045187],
[0.025526034387834406,0.3365726869599548,0.25652702714589404,0.056272748402028686],
[0.24917581763539964,0.008846389242005315,0.1878104914839238,0.036911839313922126],
[0.46478729047391465,0.989103640463817,0.8688161237441975,0.029852232253583043],
[0.403635585278987,0.28042810588158706,0.18836831074766103,0.031380989207959065],
[0.23936545953466692,0.2481805003946258,0.3369247088300843,0.030917180839410863],
[0.4015128536619651,0.10287465845756127,0.19414778802896582,0.030343796734448904],
[0.04860554875337719,0.7074050122772468,0.29559417489226814,0.08922593430541435],
[0.8178247177086081,0.07165830902204084,0.6488229603988813,0.04234552036119446],
[0.1198926701650358,0.2752403112949027,0.6241149279537387,0.03498357854518945],
[0.6661120800142111,0.20950072369779404,0.5795860858924894,0.036188620342986866],
[0.8599525006939865,0.6300656097791268,0.8015476968102132,0.04166303858197369],
[0.6304951624604654,0.9357300254883122,0.14310186658738366,0.0353576450146271],
[0.7817855854292491,0.8134403962348916,0.8135025890467682,0.07877269799061327],
[0.23488437587995004,0.9461480552268838,0.27899114020862714,0.03720841903405765],
[0.32116140485476574,0.19197344602444766,0.8138162399216929,0.08139814651024775],
[0.747713619110549,0.8986987421394078,0.37080164605743215,0.033338720421222476],
[0.12098429968451474,0.20762662462811687,0.6228700958537818,0.03484817635895153],
[0.3410246293221034,0.8271715647815521,0.21354685843449406,0.06876575904970783],
[0.9804414059092956,0.6560699462061097,0.2586205372353644,0.05683841277372853],
[0.7656014933493264,0.28798105038568655,0.6296100581891,0.0336190946185697],
[0.32153426517584727,0.3396443727116054,0.3397323244659619,0.037392852847788136],
[0.3543422602001596,0.8975083345492678,0.9158040663488016,0.030501393050182034],
[0.9268733353563782,0.31463043915391176,0.35597239843587813,0.04501053751346129],
[0.681860810455225,0.3410138210177026,0.3651253752498659,0.03981047122097549],
[0.6747753695875403,0.7384430246375272,0.3211681387471498,0.06642366207395568],
[0.3116349385079632,0.11182717455006741,0.6478613773036587,0.037578219046324274],
[0.15818856056255748,0.015087789478061886,0.29473492019448766,0.044143074926036585],
[0.34497513468209706,0.06932542866580504,0.3987913231610164,0.031559012761417614],
[0.6445197346781989,0.3862887841984617,0.37572381498021323,0.04217679002952765],
[0.6745038948769441,0.7441541569146192,0.011802522871942278,0.05700625171220822],
[0.8701373389554817,0.05142291020647716,0.3845316215759599,0.041439015123084],
[0.3301686702806266,0.3778040379842905,0.1370470821117361,0.036017856732798004],
[0.5787869992777679,0.36685363695825657,0.9450209040135564,0.030420351905965634],
[0.40325591176658526,0.054068910294572836,0.8907378213954852,0.03594824675070282],
[0.6817102793840143,0.20082153130096714,0.1831684167393618,0.038766418541824776],
[0.7916916414418325,0.10139824337798387,0.6746378553917367,0.06444561225631959],
[0.6543112031684606,0.8406138413695099,0.6706548262530215,0.03755452075796008],
[0.13655570785969184,0.6148908715897078,0.7205010903097617,0.0318145975325722],
[0.9350600487690582,0.6870788859488934,0.24095603749021477,0.0805550537371337],
[0.6918101155004128,0.34441950318227155,0.04029183115429291,0.02974667748772196],
[0.6819590589243649,0.2923727831736648,0.0221473883542862,0.03549433721661058],
[0.8180660080286419,0.17359392227322967,0.19209085020751326,0.03378326460954527],
[0.22799874799281872,0.34591310869588043,0.8234237958841567,0.049213954252317615],
[0.24967772595734616,0.6669950876674242,0.5481531756299682,0.03319710818678297],
[0.3684219889930145,0.6364537796800894,0.30338327163125056,0.03227511126708774],
[0.5223098152026169,0.30305828193534246,0.9683574142098492,0.030302041803991077],
[0.07917053404731167,0.6599589565215555,0.6783886876922521,0.04006218674625672],
[0.6781952280438914,0.2939803268727561,0.6464715785656311,0.038997020752334466],
[0.16233709037420552,0.6748542505791191,0.6371519093814136,0.0421800971438686],
[0.32512936312149976,0.9049789104156913,0.792286051584024,0.03738679407098215],
[0.5778170938256677,0.9363303784557044,0.8291940976561517,0.03613739202870116],
[0.3372349515042793,0.0597967012643581,0.3385924415800087,0.060616360711185924],
[0.6850904091811717,0.6398961859312551,0.2562657902145614,0.03357347194643219],
[0.6644629499656939,0.3432005468026066,0.7112310794967511,0.04854455992725305],
[0.3153947227653673,0.3944134732888769,0.24410774833336524,0.03406576687788515],
[0.7137508426967399,0.6779488594826191,0.8149356725842491,0.03929269347635693],
[0.8665188926422515,0.3189278780607414,0.37170421912508567,0.03694092840439625],
[0.761825882756379,0.9432261719091237,0.305133532759294,0.04163716386238002],
[0.8976734344934072,0.37191451601250036,0.7828327293412239,0.03350608434847063],
[0.009858518930808136,0.24152210585309164,0.1754439617519291,0.04490603077832539],
[0.753092290434658,0.008794896547257403,0.3624736189544424,0.03490154094038263],
[0.3309257604436563,0.7300865443733104,0.26385060053426046,0.060390248977173086],
[0.36934145972157983,0.29602469814828825,0.1679412361187299,0.04279766326267574],
[0.8357210426322359,0.6692455661558028,0.178903911344227,0.058892399909379056],
[0.011198042922399565,0.02081500855787788,0.6105596589643211,0.04862133780313878],
[0.029287224731829098,0.11059725533067233,0.653701272807478,0.035327044896547616],
[0.2544715314912227,0.10224205957660881,0.6090181852046969,0.029604089674067545],
[0.3836213866503937,0.7827831735475563,0.25728878445087344,0.03650613198721017],
[0.7163093477006001,0.2123512655238453,0.6822913142208277,0.06567598808382746],
[0.7809023771857524,0.6574200286538795,0.26138184196092074,0.0633267722564891],
[0.21765615837992836,0.3929201036085289,0.24386016834520663,0.03144824097712409],
[0.6473882485788678,0.8696239112002961,0.16635876946418715,0.047950598853021706],
[0.8266984699273923,0.9921677118530106,0.9978424817068245,0.1103289346294352],
[0.33473407389565035,0.13950091215830562,0.01538676509441228,0.05909575624318099],
[0.35314578775384875,0.1314949685211636,0.724178388114553,0.04432915449302585],
[0.3816712857489083,0.1256437175381485,0.1432697448782999,0.03754041487727891],
[0.31618167645062767,0.38122015812084087,0.7554664728580428,0.029625740441990324],
[0.7159701858856641,0.2272151247873475,0.2630628399036248,0.03945616148007984],
[0.10553021335730761,0.02975194460814523,0.24517669332363823,0.03825992266592239],
[0.1732076054015026,0.4467807859778914,0.2063304176005364,0.033734328170279174],
[0.992554252042132,0.2741269097214284,0.5832779495517681,0.051409973622966926],
[0.7889138773434308,0.3688745159882221,0.9895671753580871,0.04652965541088852],
[0.23515482590027503,0.5805583200114213,0.34353814247796877,0.05112600453223157],
[0.08507019766958746,0.3248266761900964,0.0339980022778974,0.05198954873996141],
[0.19581626434931354,0.6836108641230311,0.8689656078003425,0.06752467178935948],
[0.013450737159147685,0.14537898774991453,0.2807055317958572,0.05929679537407616],
[0.14407312813362716,0.1723938122262071,0.007534413375728244,0.042454088716091146],
[0.9255239789312022,0.6573011095596009,0.040039203517420074,0.06483616044359308],
[0.8758929353466206,0.10818845674082822,0.4152067132832492,0.0420234356335156],
[0.7121058845411916,0.832884485390651,0.6717901007607637,0.03407939444836508],
[0.014231733073440056,0.8030760943188505,0.4565423858943193,0.03510848372370835],
[0.001637696110152076,0.32046177084529603,0.3558912181595686,0.05738876677127139],
[0.742732839037396,0.6677383689655587,0.06856139877510692,0.05671935532722165],
[0.28784549657750524,0.884304482887862,0.7750321983941363,0.04692878764760629],
[0.651841088147398,0.3008624587977855,0.04073107546036736,0.032330821702244196],
[0.3480705957855348,0.6397310186924143,0.3498047577361859,0.033768599591479084],
[0.14220010948047312,0.23006265527717618,0.007721000722034854,0.030767314839692625],
[0.007712944094637408,0.376062135399707,0.014086114620581736,0.035823393308553705],
[0.6797427132990423,0.6968978077415309,0.25075999046835595,0.0578330748343097],
[0.7294380423033183,0.08716123825312305,0.017367654693193013,0.03186730795512309],
[0.6666677407258291,0.001016388454171624,0.15888305246693202,0.05103005324667988],
[0.8810724228897844,0.22330055102666457,0.10164532230425138,0.03178963571135135],
[0.9903269817444812,0.25909489850027634,0.4542542349800196,0.045017162149630446],
[0.03692268083531436,0.6305686933722758,0.13548171659556552,0.045563683719881606],
[0.6575779605687552,0.8280622221173948,0.8733213524276828,0.06017077993325015],
[0.9423237358012725,0.7158958820752731,0.9558371142342258,0.12016612911936704],
[0.8307632431937354,0.6854112242333223,0.12072055452153307,0.08811857510487589],
[0.5281975067681822,0.008587790683039831,0.47822696725482583,0.030416149007831683],
[0.35684744500889587,0.632466571087997,0.8290057742228475,0.031270374214860674],
[0.2835996571407404,0.3825051135127001,0.8649762567696808,0.036552390726271686],
[0.16207532354340326,0.36681425845117344,0.04672919682069654,0.03915765046996837],
[0.9779133368424116,0.32323650458186537,0.16622408270760614,0.0545877004002097],
[0.7769397659929363,0.9205123467485762,0.8318642446746836,0.04360408378914696],
[0.6394467415927375,0.8956311701840185,0.3695412334912025,0.03591671563006481],
[0.9850287083151122,0.6995935076083433,0.6513256370327903,0.04809150102240181],
[0.6191177423097698,0.7978527978807763,0.7380277118279587,0.050994111049211394],
[0.9883341905308808,0.32472350046853127,0.5693595726253623,0.03367439687486594],
[0.3247177057080405,0.6769872429565837,0.08760668721251641,0.06449114584362146],
[0.7454222998994091,0.9651721975422456,0.3369014605841958,0.05907276613517497],
[0.5483863230082042,0.22143775432033297,0.19612142757721562,0.02961159667428257],
[0.34586343135320596,0.8207602633032096,0.3245029301632876,0.032926118561179274],
[0.0013198019674433015,0.9831358158148179,0.4301222285993068,0.04262856442885568],
[0.34409696863951234,0.8432092356064181,0.9982421712700204,0.03432776741700391],
[0.6582296436203932,0.024553826845249205,0.3394379165005037,0.03470156687315909],
[0.17542359405383745,0.21142843785539378,0.6183712717460506,0.035435621665539305],
[0.6509894573072119,0.039458079325456974,0.6390332342674774,0.03871120571601565],
[0.4342662067220826,0.06177391686664013,0.6892544858872088,0.03923679569740021],
[0.2923395897027202,0.6848845248592076,0.024509593227903026,0.0938099272545645],
[0.023291862593210477,0.4764090926144001,0.13147033713605805,0.03261890892914072],
[0.6060790267105081,0.8360222161452296,0.14916274010096897,0.03403598326985205],
[0.8960374153685693,0.6754352919095236,0.761157479226662,0.07957603989476637],
[0.2061709141304946,0.3883437704445458,0.9029214140303644,0.03306673376753512],
[0.9801272899023383,0.0802812505033228,0.34747796182554,0.0562112611751093],
[0.7473846460649183,0.1260887687363883,0.010018726270129674,0.036034819138907756],
[0.34047257718184154,0.8884963879395397,0.9740704478078902,0.03349934116168586],
[0.7619299504480541,0.9083862903749141,0.3414941650514165,0.035919931180423095],
[0.10647770590656103,0.8704875881141283,0.37954918844876206,0.03090603615271935],
[0.6201151886504233,0.17120001664569073,0.001838702809167314,0.03873840246142747],
[0.7364282227615189,0.0036901864226435155,0.09768550498087536,0.049475295003830994],
[0.6359641927440507,0.6465537286455745,0.044862341924869265,0.03252280439458284],
[0.7441691029375962,0.8461486995288608,0.7279347824554686,0.04967935180072548],
[0.8247706248780022,0.29657356481768293,0.10989483373934783,0.029989994478575983],
[0.11685719366168357,0.36839435390186415,0.06233217077808351,0.03893926160341599],
[0.7042748321722171,0.8853566291509772,0.797302748630645,0.04038286512454359],
[0.9261045662208943,0.7799513198141393,0.7554344078414067,0.03149259343583078],
[0.3444843696057116,0.7710394810055464,0.019837570817382022,0.056522513146632786],
[0.33267498251500804,0.011220506638011662,0.6684552681435935,0.056587683247558876],
[0.3305329387222866,0.24258835261246248,0.001382369387941229,0.06726261526868807],
[0.29070276970619036,0.025272094615736762,0.2965909460415669,0.05468481480960795],
[0.09068867054930974,0.36171175378969056,0.32988841553723225,0.03826028563568659],
[0.6426904889625518,0.8584483424072891,0.7567683042436997,0.03194080653515155],
[0.6581988116279249,0.3598288327148772,0.13336189089271866,0.03761904332562033],
[0.5358180873786439,0.0015898250372603506,0.8642683835837088,0.02969775057773065],
[0.041988824101240496,0.34364040303280285,0.1331302411114207,0.043433507537884095],
[0.944003668226692,0.37847548385952845,0.6569514619628768,0.03180181254653541],
[0.3243688119867174,0.13857680449332832,0.2879409398041415,0.03468500334925609],
[0.8686851371739789,0.019112002667399763,0.19564035583749717,0.03825334731183583],
[0.8620071378979244,0.5260118442854669,0.6841268036879673,0.029847913316806668],
[0.8431792204399886,0.048624430940236274,0.0041158829113145945,0.05956037437191075],
[0.41998965744258954,0.8015359590728658,0.20252880525355532,0.03961135633572953],
[0.9964915174669655,0.6940628667211585,0.03700947034466928,0.10838606135050892],
[0.9349858932773576,0.6566302473215417,0.6496763110988255,0.035808316695986456],
[0.35638070329368976,0.28832194218857865,0.3783043818561457,0.030562740993855177],
[0.020673848413355955,0.653833018516405,0.8159247648128996,0.044682246407870524],
[0.7084600531952214,0.28565129710693127,0.6232755861725907,0.03619348936610363],
[0.24621618427985925,0.17528817445840428,0.39018080444978964,0.03696504286360326],
[0.01495739697044729,0.25149840066668494,0.60822151174735,0.03750487900185173],
[0.9096285590729644,0.15886931683391692,0.6209752186542282,0.03304252423054463],
[0.01623019841854012,0.28136703319879164,0.2367118212671735,0.048310248356288596],
[0.5233230830045628,0.6678762407653139,0.35331952311754744,0.03131659384516678],
[0.6577535576717796,0.3893477220076259,0.7515801056933111,0.031078012986722282],
[0.1506750125234304,0.741145059178686,0.6126075925127794,0.03586220576661517],
[0.4040216933860967,0.8185334934574714,0.7864532588341234,0.03747902209576516],
[0.3986994606606211,0.5279638428162001,0.05083812789272557,0.036770557179312935],
[0.5074966859685479,0.29884421871709366,0.8453243530004327,0.03243823034325206],
[0.33935167058838944,0.2359164863746691,0.37628425506022045,0.03669179894397677],
[0.3255037116001557,0.23799420429025375,0.6238262708029907,0.031178638616553893],
[0.7105313972480855,0.12811146795129602,0.008850066317421579,0.03397551882409186],
[0.19313077409087298,0.23980640414191445,0.014376738149555646,0.03974524090546287],
[0.307951948819119,0.008326259208952025,0.16765574472040579,0.055914068103069814],
[0.627790191101008,0.9951348760575179,0.03586162600602705,0.05490212774616643],
[0.9588381212590842,0.21095314928899733,0.6352156344920279,0.05359221222794201],
[0.07955770182195021,0.2980924331615926,0.34700897998506985,0.05578071921221117],
[0.6893130257768649,0.8219117019045248,0.638964152069069,0.030001083705937952],
[0.36287980492101113,0.35614206282884986,0.9704701476958796,0.03595038549435532],
[0.3367599464395483,0.4082656137680625,0.1915570506525155,0.03208264469704582],
[0.394279086873207,0.4030656360302869,0.9809711280702936,0.034417177739108004],
[0.3102444334498279,0.6127274353119284,0.8263656901816794,0.03660850395564218],
[0.7375808620593403,0.644823715066587,0.8506365122582136,0.04160537475778063],
[0.5085276269167784,0.06750218939241737,0.4755019988101711,0.030001538405320508],
[0.6930237458290993,0.36699692136643214,0.5918256353209139,0.031683153922202216],
[0.4429517579471691,0.03904567953111804,0.22149615637511477,0.04719723912818076],
[0.6309332359936325,0.004208293439861399,0.8138321643866956,0.06041575021494325],
[0.9258028409751504,0.13671216207018222,0.00637547114958581,0.07872418584826546],
[0.062083340405526544,0.109099506273868,0.33965289846523783,0.031233680515461264],
[0.32754402269913785,0.6685663950136672,0.3107188229871113,0.05823519139304671],
[0.3674330361144327,0.3502167178003037,0.7461002493318865,0.03168240369823835],
[0.3467822706946643,0.7898463913628406,0.2785146462306054,0.04759870835740407],
[0.5747015275342421,0.5503707530681208,0.7105973734869725,0.033098491457470694],
[0.8146149166437794,0.010482486854436202,0.08616544517455837,0.03990207414297309],
[0.3587941050733253,0.752335106548692,0.07180866429031862,0.036708076587184946],
[0.7212130254375498,0.0009155012135561025,0.3956429530437957,0.0324276098874403],
[0.8066961939989226,0.45487889947100024,0.004243422982126099,0.029653289329349623],
[0.9464248506648935,0.9982377145022927,0.9307798761745869,0.05279340801263034],
[0.6368421716364853,0.34671094517068124,0.33535955775623394,0.04476886541938184],
[0.6264457892266132,0.049764385983730564,0.9947056554667223,0.03241318408948955],
[0.6210303534648219,0.8257154053892908,0.3351292408985411,0.0319300260704938],
[0.2009769533928274,0.2883472581931281,0.3757865018185448,0.03338992581725615],
[0.3117082677249061,0.1067183365823503,0.3738738559857274,0.037058083087107035],
[0.9161959381038605,0.7576630254656181,0.379779684342463,0.03318361451648409],
[0.7519993414578433,0.838407847553464,0.6613997369607859,0.04425556193626319],
[0.6869650369940465,0.6205682915852243,0.03648281937193809,0.033070014974138945],
[0.6407159142638171,0.11143421694488431,0.004963691104991175,0.03989448437337818],
[0.9168729179250396,0.6040768634101071,0.2695728376582459,0.029680501763707616],
[0.8173090295710352,0.6238736543481279,0.8171317073083786,0.04949506415375257],
[0.740474840059238,0.04145789081277795,0.32552463371647766,0.031004858199638274],
[0.1916922296103779,0.7061910218049496,0.336020582569332,0.050199055548400734],
[0.7300855326477401,0.9004588416366991,0.41492505915806244,0.03061654443534203],
[0.9933376399879427,0.9547334823840957,0.9980435095618266,0.09828837222982066],
[0.10473602558914508,0.48913576851393736,0.4028505997089603,0.03298583327968464],
[0.08038353037266743,0.3199166187035789,0.28914546138845343,0.04843702710009554],
[0.9947727826149699,0.5819638047596697,0.9645988286825066,0.0332401581170438],
[0.7060732246833668,0.8922051618281646,0.34361552904767856,0.04787348612767034],
[0.7604014435732472,0.31900520611786254,0.955080768814724,0.07778903859011281],
[0.3722792141940213,0.3161079549278968,0.003374949711097086,0.043246055591859886],
[0.8788547734304406,0.05560852056250454,0.34171386250416425,0.05873250649500919],
[0.22785979836784964,0.3280759973034788,0.37221883992977867,0.03482143905362799],
[0.634825679822881,0.22783127993800312,0.8312785563995027,0.03598654663421562],
[0.7103736100596503,0.8845793260757847,0.6831029277639243,0.05627551056076725],
[0.33040769626374067,0.49886917432108746,0.01968934171951875,0.03291036974875994],
[0.37137933428978553,0.0012762394261627286,0.9398194623302736,0.05861123665721067],
[0.8861425067098317,0.04171088926281219,0.1563447484153223,0.033514698860991954],
[0.1688535161580914,0.988080063150385,0.6435948790420266,0.03334150151568109],
[0.32615804716078634,0.9393917832406137,0.32081235583132084,0.03749243488579758],
[0.37069192176031374,0.747692289295812,0.11243198670681831,0.035150131815201005],
[0.1902504035453686,0.8497551703025923,0.734370776311778,0.04598688998486067],
[0.390446015706286,0.767643057360496,0.9828027240290544,0.031835431038579914],
[0.18418170938748168,0.7224354843239293,0.6289815586261184,0.05794217664270222],
[0.13498882476866458,0.603451558933823,0.02075696389682724,0.03149916119202092],
[0.7942373308963162,0.2917425439569824,0.10566114045494102,0.03227003140291463],
[0.5807634516409105,0.9433571667176852,0.6157206852764661,0.030112544302404703],
[0.6236414027538878,0.006942428016223912,0.3211320719747136,0.030581554978823228],
[0.3225788266363876,0.40155222168080973,0.09287610973683269,0.033570719433889076],
[0.36148563570465087,0.30030223183092,0.2996182361740599,0.041216910678692695],
[0.36762134377218536,0.19230409153007777,0.051068771006735014,0.03169657182596816],
[0.6314632011036804,0.7519519717225227,0.16250152753315006,0.041152903501954705],
[0.7097602648158311,0.6325031118392969,0.7972256319804557,0.0369581290075751],
[0.015797074307556835,0.8527602646030041,0.19842865882349192,0.1900891571585953],
[0.2663658107411917,0.37375346701347945,0.9865982710582095,0.030806566780767],
[0.34464185543009473,0.12594814347811956,0.34437813200000666,0.047218398640449896],
[0.2428909670943583,0.3354731951714681,0.2482360087224671,0.03340092776689707],
[0.8283378068074085,0.985825696999739,0.8303700799298035,0.03170478313141277],
[0.2915598135426073,0.3477767327187792,0.2527463944795647,0.030646984754643218],
[0.9850319314724995,0.744121454124377,0.35528592402585113,0.031337881076893837],
[0.3390027620658913,0.022318627676053415,0.46729080908033516,0.03339519064712268],
[0.7163076413415891,0.1853660493548942,0.001781981308759173,0.037793782236469994],
[0.377501374130887,0.6389117706849328,0.23289266430303224,0.030793613049880236],
[0.006564052809197696,0.7032710297028609,0.7265752712727054,0.09041755371624116],
[0.060542966300893175,0.09071361462858385,0.20943976649124652,0.03029322071466657],
[0.2753800868197418,0.7033316162823073,0.6143796987787518,0.038072377347598774],
[0.09120536304907223,0.17246211553860136,0.3407439464599117,0.03177688616508418],
[0.6305585734963137,0.29114217569921275,0.7038139699448892,0.03503706608393331],
[0.6349023447470538,0.41730573948253247,0.13549335763571335,0.04034704943568125],
[0.3693177604851895,0.9774022610728897,0.2902852014644195,0.0520550919876831],
[0.0035303486977568133,0.8904268016005743,0.5401316498758901,0.0323563765526199],
[0.4350007503784378,0.4092973209130265,0.42710260628211627,0.035708804750326714],
[0.2489968161284687,0.37402570266908,0.21582321087920886,0.030609602139437316],
[0.9734870571450546,0.35338604007163466,0.656812294245739,0.05062937828248125],
[0.6418130542757788,0.9863441405696106,0.6662131183298656,0.04991970950220906],
[0.14959938811435936,0.08067139532044043,0.38576611731953725,0.03442274774011449],
[0.8333363933484003,0.3503164623545212,0.3639722223565811,0.03548623575655749],
[0.34255901600460237,0.27524576952848046,0.06581854588663316,0.03939134665024295],
[0.7547963613864362,0.8804060555996787,0.7812944099693901,0.06021346757988591],
[0.05671966031339071,0.13376237730788154,0.12945073180741606,0.031575284303898214],
[0.23987618279818468,0.7771654838199877,0.3107069994968571,0.055730510039771225],
[0.34839958383755687,0.6210307119692438,0.8721112522360053,0.03968178613738192],
[0.2575253917841013,0.6225131701983776,0.8647123210937278,0.04682856712621737],
[0.8334358489239228,0.11937259591328253,0.029727976885121632,0.03557560633005474],
[0.34974814360746775,0.2865153871742909,0.7409067574132006,0.05305896435657918],
[0.019758981782808105,0.6393582703713824,0.17789941512570406,0.0554074437130318],
[0.6835036236241918,0.3743352502969527,0.39621109212311645,0.036639230156517266],
[0.7124682622460177,0.9123476238607391,0.4484074079952005,0.03092685679793636],
[0.028287737506791477,0.18322471728056033,0.1085423817283957,0.03633047974642317],
[0.5876269785361529,0.9943804040790988,0.25976785528493074,0.03561203246094391],
[0.9939688060395845,0.6391255520809276,0.395892889291269,0.030431681964939117],
[0.3543023619524276,0.8046993685325325,0.9855544307066442,0.03918043189177482],
[0.27130069080158437,0.9367662124541606,0.30206964557834703,0.03726605953102957],
[0.2318200278582242,0.04816607268248663,0.37505262921120364,0.03016108036501207],
[0.9982505708805435,0.40580123037393867,0.6192401038895008,0.04352773779222242],
[0.1910357608902049,0.339085360155164,0.19903410548641898,0.03287839893098957],
[0.3552204423441466,0.6786540108011339,0.9668750626628521,0.04284707065207967],
[0.6265441348425249,0.9877703743311196,0.8764506668230778,0.042207298486105924],
[0.5358414509584972,0.25716927239403764,0.519278659394158,0.032054472705133015],
[0.21767251963715206,0.8030375102375272,0.3651336880344168,0.03151775360533922],
[0.4025920171229652,0.09656908298717548,0.23348554488291084,0.04175930240221533],
[0.36683439558844233,0.28577814362011766,0.10790259782972833,0.031582729332476134],
[0.44521471010403957,0.9903271962781325,0.18604526228774154,0.03236458291496392],
[0.613284354700656,0.3594822628855605,0.16621995009941692,0.03590962894921765],
[0.8859603329473484,0.6232434486028366,0.1604790176463754,0.0359874906936682],
[0.9025551001875421,0.35475694710216676,0.692900099568807,0.03987467256241757],
[0.32377290543573933,0.9999279139569464,0.3796462543733141,0.04051790341468808],
[0.9081282987740198,0.3436087264140375,0.3119718894819177,0.044841117788659735],
[0.20581197670914042,0.27000462312633544,0.0581586317054702,0.03251337948989798],
[0.28329047658931295,0.33989248491110935,0.35802571431246966,0.03902362311963188],
[0.1704748586379945,0.6333185873529089,0.033982694239442,0.045444859678924546],
[0.12043474491332407,0.35650334033265874,0.21697940458015952,0.038838414421534864],
[0.07863957781179376,0.37107215206775257,0.15882767810168663,0.0330246489091878],
[0.0772757197297117,0.010833105747881766,0.5733132620441237,0.034451409116389886],
[0.662364505103773,0.8773115662288489,0.7313570611574529,0.05265338183168351],
[0.4184699895305377,0.9080251290770034,0.012960591075322436,0.030475735535290017],
[0.3578614823223669,0.042536162040408776,0.12712328483367485,0.03166710673382134],
[0.5280909427766578,0.7082922296838128,0.06516016580725492,0.029629038622796755],
[0.999555367022247,0.40458967687175085,0.45008557696886586,0.04280703778843034],
[0.35192120114290115,0.3754087834657721,0.27918118616968113,0.03117400530201058],
[0.36737672256445875,0.36144362909162775,0.20962057049993887,0.03067793630603728],
[0.1720940998757413,0.8997158241649882,0.6064061626353501,0.03507272723038628],
[0.566327096800568,0.9987909453030679,0.6267609731530549,0.029727192647607863],
[0.011499682604014683,0.304059817397033,0.46653966918937173,0.029722516432031235],
[0.7694207540555581,0.9967608708994761,0.6886620155305242,0.06360037332262704],
[0.37482761056212055,0.0027821683362088123,0.7130987297895555,0.05653457951749076],
[0.8183904385920285,0.04957403855277853,0.33231227987896106,0.032825807249500114],
[0.2635428937104588,0.23823840404747743,0.3649335016419415,0.035030454639423975],
[0.3612254784805733,0.3572219916283845,0.8151487363391683,0.03624355427550437],
[0.7174377420733397,0.008588907139651436,0.16933375158382513,0.03963734530982509],
[0.7394716677381755,0.08028264228196791,0.3586546430643357,0.04417283480130327],
[0.8131004996628125,0.278410096019046,0.3609531436556509,0.030139454353952315],
[0.8874790325778906,0.7417712906247629,0.6758999443037025,0.03963229423430169],
[0.9320731764027258,0.6046710489633781,0.07884538021037657,0.03987128336525454],
[0.7175367937508935,0.2843520064300825,0.8979682672977927,0.10174195442728427],
[0.19382828093325488,0.3502191959632488,0.3221891962715684,0.03118458804199028],
[0.6142199185476811,0.930610795915311,0.055744319467256886,0.03210033587487876],
[0.38839428783953545,0.0369985099099116,0.6626013735038725,0.03713174232239949],
[0.14059489458083319,0.005920848169803761,0.2312822392115984,0.05256335696542894],
[0.3693235561092366,0.08779802474950815,0.5185688088594868,0.031926839921079204],
[0.36776411195266767,0.04798132384039544,0.44645037605986504,0.039994666449962565],
[0.6368888287742914,0.07957240568305946,0.8441593328654722,0.0320661080253163],
[0.7220777592374128,0.5867543420095239,0.2484380110990968,0.029917241729847728],
[0.6072226121086857,0.24617090522753926,0.805525552023782,0.034041435374042736],
[0.26442475314817904,0.3711454490913789,0.17254964946125073,0.0319989156868203],
[0.37529413182151516,0.36216671732101735,0.004173976780098898,0.03184961591823062],
[0.1175170366327224,0.34325404644522073,0.642328633897218,0.030990423185475492],
[0.32378866961266317,0.3370833493554737,0.28233053897360016,0.050584328642996806],
[0.9050641107288205,0.35858731579550085,0.23179792144231803,0.031836588506333606],
[0.19205852157718073,0.8940494829236925,0.7002389733235089,0.036112414394300116],
[0.3477874642063975,0.8367982033798027,0.01779424908200189,0.04455455428074745],
[0.2793024709138997,0.3092831778010775,0.3298684992424239,0.03577012788677293],
[0.7185027485354873,0.49706578941269386,0.5172402466897765,0.029747820084305453],
[0.3828894877387853,0.12622321387959867,0.898382366402946,0.03260683588058975],
[0.6260265120629537,0.7587074977898638,0.3630585776137606,0.030874730964851084],
[0.49938235886363214,0.8135265943808471,0.005112519014748074,0.035176049054801206],
[0.387915582642142,0.003633523874561728,0.43244935000952245,0.029994824008993233],
[0.17355861082494928,0.9257711341630283,0.3901689266152848,0.03153372366862092],
[0.2929158169878845,0.3781974800832273,0.2192750068081888,0.042454746620230924],
[0.6012887074748295,0.2110364931089015,0.19661416038902357,0.03231792011178259],
[0.4010925620301351,0.15067016559883661,0.08239462372243322,0.031907986407221825],
[0.090821934599007,0.986233637766761,0.627453104822517,0.03618994201964702],
[0.3771055427433595,0.6971192447896252,0.8540016207875486,0.03222032700582975],
[0.3328760207394518,0.5975976439604114,0.32584834444998434,0.03461177034296216],
[0.6517474177337805,0.05892119379429084,0.33472757609107906,0.031533542077143636],
[0.5767063073584282,0.2338474789300944,0.1936386191766255,0.02975859176138012],
[0.2495942911743162,0.6096860751799906,0.19038999072954055,0.041100770091285904],
[0.3537555252466489,0.8985500637388887,0.08932417892083477,0.04306773922466839],
[0.25666702099428074,0.2718914078593776,0.3947397468042475,0.03341081279687118],
[0.6403161031573075,0.10515597707012136,0.04627650375502257,0.031344841915386425],
[0.6487543098084205,0.6613156473021908,0.5181093136224791,0.03244121169011665],
[0.6440738764044598,0.22576521252485926,0.011710856379143375,0.048765812188361846],
[0.7258554534480874,0.009983798746965977,0.32034377630028354,0.04126004970531541],
[0.6276629118907862,0.6425407121413876,0.9721950706101151,0.03663718482794856],
[9.867632784221758e-05,0.5290402500538007,0.6383432090074814,0.0370361478934562],
[0.31246740254469674,0.3182871701248984,0.6374471949673689,0.03142418627782802],
[0.677104328753024,0.3740104628856038,0.3407389877029694,0.032967962504056814],
[0.6281806785884118,0.12561541971355894,0.0806815901989878,0.029684472029829725],
[0.7762068279762705,0.36203047066166394,0.6552204310051548,0.03596436661494924],
[0.6784344904364419,0.20825044488151367,0.2568574216191041,0.029691318167857264],
[0.3281580820774552,0.2720733287994711,0.8879540349667331,0.05268988720606223],
[0.11573144152536785,0.3977302599630046,0.7397159294462299,0.03254611248237796],
[0.8023237130377298,0.21097619859781547,0.19398368743300953,0.043390988871887054],
[0.3434637966965298,0.3426105099583602,0.235332013059385,0.03884398421408587],
[0.42454168418448934,0.7633972372319782,0.2138509140070537,0.03282066438740874],
[0.37487511205529667,0.8909322839060079,0.7728074636197028,0.031138272244249206],
[0.7718578004542426,0.33592190949951994,0.001689256998408717,0.037547047321391816],
[0.4794078034406326,0.9847322230329701,0.2065380461844215,0.03339430458089368],
[0.9197174443958501,0.3034975081133592,0.24682347311812547,0.03221442861840491],
[0.8836849186936441,0.7782979374495457,0.7043398253142057,0.032942311666437005],
[0.24201222154073287,0.5967076813503451,0.8171842506994833,0.046267486790774054],
[0.9769812962677702,0.9503789499939613,0.3520598956520006,0.03766787963743651],
[0.9970016967630585,0.48564185675780147,0.7222093855535321,0.031976478235636006],
[0.6515795547650515,0.6720999522890417,0.7722122765408577,0.036572013321346825],
[0.86381484399101,0.7302585376415234,0.20297234983418766,0.11368104531956606],
[0.33763260176534216,0.2708490939028998,0.6331919428769497,0.044593929618926165],
[0.20592990457676097,0.1364056612099548,0.6170241782017842,0.04349812726052002],
[0.5669867095936213,0.03213206075756436,0.408519350147333,0.03010834433935502],
[0.8054357041601028,0.2325058268980269,0.15211926039115642,0.0373657103616581],
[0.9071022595952486,0.3602890219671917,0.0780720950258037,0.03569696056752887],
[0.38466125767894543,0.7027118718068696,0.12223174120029745,0.031798256013916434],
[0.6382349625229623,0.7425755716922225,0.8236156765844458,0.03168643307023187],
[0.2934061450539247,0.5306249439744909,0.012766536124410477,0.03425885994787288],
[0.8777595170644839,0.14115301522820856,0.38679062550587084,0.0351780081873492],
[0.6879480331290801,0.6792353260913525,0.4908151439138225,0.0324869796498472],
[0.9030151676093339,0.3537195474117787,0.1321190729269477,0.0349038013578814],
[0.0386318007986729,0.012812354289962524,0.526018205843858,0.029624340424822586]
