username = nchw73
detector set
algorithm code = VD
dimension = 3
self-radius = 0.017
number of detectors = 1000 (from an intended number of 1000)
training time = 6.9
[0.3857629664109018,0.11995119676828747,0.005127406097584997,0.05209797687498044],
[0.14722401603687219,0.25708449440732795,0.06791196128415133,0.020564687381511043],
[0.4804393582963308,0.7346833092442919,0.558346538024231,0.017974205987700873],
[0.047456338881279314,0.3201243690683556,0.8260114800580561,0.07513902580427054],
[0.8739284536955962,0.815392489305697,0.5249844455584938,0.031195058511855007],
[0.9850861833159559,0.863468606475476,0.1278427670682485,0.18034938288701846],
[0.08141936554890594,0.7404661074315361,0.03632262984885515,0.13465904071506085],
[0.3527418458734639,0.8058704272892775,0.8939663084688575,0.05365703018522382],
[0.3612348861880966,0.4732125623724899,0.39289661125628117,0.027451726164554623],
[0.9398119372453283,0.866241965005087,0.9621683478944073,0.08080208414948468],
[0.5050349258535113,0.6683935506946161,0.6884510136620483,0.025665609126859924],
[0.2165644201067496,0.37367568402539086,0.7734550215002839,0.03291365988193281],
[0.4063356108702607,0.33324831250456965,0.8211536004203939,0.04489195629165012],
[0.05204298805145402,0.9615615115534002,0.856821025877049,0.24898428542385564],
[0.15425126473203654,0.6249288983939807,0.19087440119871457,0.02342292221925192],
[0.25032124029240244,0.30421862334244176,0.7116798137557054,0.08721495956222738],
[0.06051677990304338,0.3533091113785968,0.9648567966203513,0.06465952931068848],
[0.2442477124069199,0.7068371940631655,0.9814489190290066,0.11457405978165354],
[0.8502221525620207,0.10584918713874325,0.546185871014702,0.018888710328503207],
[0.7619336449793243,0.3010625209121134,0.4642306090357936,0.019819754226710166],
[0.7209837749465585,0.8495575639298089,0.7021633420073213,0.05536521623603659],
[0.18742778859463594,0.6444998171526177,0.3511747715998783,0.05764545357800166],
[0.740523712206884,0.16974559941735812,0.11716802605055898,0.04194934721019208],
[0.9208623155852871,0.3980030556979831,0.6422257527072606,0.02074806245972649],
[0.021654891129137988,0.6647208624791923,0.2633194519236284,0.06395731670574678],
[0.5185038223348903,0.3075131568243027,0.5784182590214201,0.02943754523418389],
[0.9201729455768306,0.17395246627841754,0.8723776436547293,0.21620749703793307],
[0.7760366220786157,0.6759993460618139,0.8580475420029061,0.08320394238425695],
[0.07028438872518561,0.056222639571266275,0.636432600681805,0.06881188494445456],
[0.8137373727439229,0.9041055244190206,0.90137553642973,0.04386533951296395],
[0.013577747506474447,0.12260500873395608,0.7404371338941399,0.13063407623944],
[0.08229332471507622,0.9507029497117363,0.28136361039330393,0.11580737538178353],
[0.6598410763712919,0.3639735093111863,0.29381732411209094,0.027642419037722757],
[0.9521183110570917,0.03206255141108427,0.6217812346587384,0.027831264698084474],
[0.3721373463238211,0.8562606629747399,0.23322690888132336,0.03451617674001768],
[0.40364462201708584,0.31177949663487625,0.36277226936801976,0.02394096713562672],
[0.33190599848774527,0.29918456126394155,0.5569731731106562,0.02649086523717417],
[0.845212388533739,0.13713851237863672,0.5605444013749944,0.029528233650136133],
[0.04025118103091607,0.23220094853146256,0.27269055922403684,0.019795890732969654],
[0.6586436161181517,0.9521687712354658,0.11944325203790496,0.056149779552822326],
[0.04088889338016777,0.15371484297245785,0.9915841031512681,0.2646325806303556],
[0.842535549360545,0.7729490439580512,0.6088258483414383,0.017150232284193774],
[0.8275795522050706,0.2031641339772109,0.33927362257842153,0.022835035928073434],
[0.5828120424119925,0.39300303498357847,0.6710327573131151,0.018251200140963125],
[0.8801941991855656,0.36091721421857736,0.13327660981519873,0.02950694407323464],
[0.5124640071203925,0.38197266148264264,0.8813411951015766,0.026453318494252087],
[0.7032498275844212,0.3907540246377943,0.8262639974163962,0.03934836115649242],
[0.8691938700867566,0.4618075131914885,0.9976416443670835,0.022242439788810006],
[0.8081659704618683,0.8038739446125444,0.908711664280299,0.09566594118447055],
[0.39861800724029084,0.04088381886965209,0.7630387436312425,0.041590480164934614],
[0.325713935676887,0.7223358001386507,0.27451313145605616,0.07410158366922973],
[0.03934085759209749,0.2993675049257587,0.17377373138248287,0.02940193368049058],
[0.9487097513872274,0.31840079919773445,0.1426370034073836,0.04627178524474432],
[0.7008751224845717,0.04443442292438582,0.17072398028933722,0.0356035713069689],
[0.9905249292243625,0.37836362957498637,0.4427190976883696,0.05966095683806481],
[0.2103820538984269,0.9677165026586044,0.1089086507906043,0.16168682894262437],
[0.5591401558535982,0.07017006182963981,0.5402739439821881,0.0237914543145473],
[0.8817617276942277,0.7060776739646978,0.6736812625077713,0.08497212642670554],
[0.026478124975097606,0.696820228411808,0.8157985228801178,0.0940505863771377],
[0.18956213925742293,0.643109290411947,0.04329790596650962,0.06937181955815393],
[0.641898242199033,0.6289993380254946,0.8113398981555423,0.040735315208255636],
[0.07732694816628416,0.3814280393989441,0.6784350044975013,0.019978712885598708],
[0.8977607677574256,0.7520508150344231,0.3803683041649263,0.03293149628855711],
[0.3244060233858259,0.39288571801734706,0.16828113515100074,0.046849510461261054],
[0.2844411181218077,0.7771723994652894,0.07205373394735959,0.10901524583287013],
[0.11451016700643757,0.651754291924139,0.2673195090773115,0.0584122044744132],
[0.3173845345320011,0.31292304529381276,0.6555455786513589,0.061307770684806875],
[0.8739362993662236,0.5547050034518273,0.433454974473501,0.02388934565366805],
[0.8017454220827497,0.6690700744867836,0.4915717074292062,0.017354202931865743],
[0.618445545441772,0.23620981229575144,0.6933279018233849,0.03875938607734787],
[0.03615132384966724,0.011239375094730386,0.4825983376860554,0.03157959281495402],
[0.6741858450591703,0.8206415894790061,0.6560650614356534,0.03836048003773528],
[0.028142278941205134,0.39861573479282475,0.875321334391598,0.04082407665299217],
[0.8185208707451507,0.6745645711973984,0.4744355080587457,0.03019733299776737],
[0.29911462170641323,0.0735770150048447,0.03349880804169825,0.0766535366409717],
[0.6611304995383297,0.992175753983268,0.8539608881047248,0.06010922282426734],
[0.6814705648646783,0.6534295508673996,0.5050538600623273,0.021159333161200285],
[0.11152529274616052,0.06975758871230009,0.14118193421744551,0.04247412636935523],
[0.28927661484622746,0.013404758220702973,0.29425190253844324,0.06886585059871748],
[0.6192223612927878,0.8466044798725234,0.9664071313016018,0.07340769717765429],
[0.32755095055082595,0.18981643219176614,0.35667660324303896,0.03345569474136726],
[0.06315772278958831,0.13853772606299997,0.13872455590423105,0.036061102055609556],
[0.7231283661937423,0.07683694028106214,0.11802681968662576,0.02243186507216824],
[0.3444747431919457,0.5952085188161625,0.7626489700463799,0.018153651985028982],
[0.3705885915654207,0.39485578062319404,0.33772646163200026,0.023567118895434933],
[0.4551659040463789,0.5575189691006106,0.3000098770855202,0.024438341808639824],
[0.37335808426300443,0.6433225892389444,0.06586700967152537,0.020103020590721978],
[0.917774318357942,0.0837410624898216,0.336136823409638,0.0740168925824205],
[0.7935177158088871,0.6858878010969761,0.0001404659102294259,0.08663525600471038],
[0.20174081946390354,0.361261266059976,0.862170032807758,0.05966169029436412],
[0.4504832206635889,0.6751706189798484,0.5897589920221366,0.02423994798607739],
[0.8169274445224114,0.643573230507089,0.6506336139360869,0.05021121832982288],
[0.15883288940842333,0.6719371623073376,0.19104792318650088,0.06583908689162607],
[0.5124296782311037,0.06679169050412181,0.2924957123516674,0.023471469351548195],
[0.639108979244547,0.9032090273734618,0.6713193729307385,0.02287083728810748],
[0.7043464104582406,0.8112989965126719,0.4006314464238576,0.021858671485320745],
[0.6104128300007158,0.1244226503374739,0.7347280584918335,0.020641336320410368],
[0.9748252912434945,0.8170099766062622,0.4045603774830353,0.029282030821609795],
[0.6214750551136031,0.3135276724587781,0.836005050609413,0.023283455058625557],
[0.22955585801806966,0.28614293378013544,0.37523665742003354,0.06279041773506469],
[0.328271325673839,0.20986274951246464,0.7548909691314494,0.08758440514943383],
[0.6140963887348261,0.014575706791626897,0.6636378508737867,0.032089787838035864],
[0.27215193338206045,0.6721387402305395,0.31988577828173814,0.07142074902499185],
[0.9953310332552031,0.09164351722856956,0.02640428600052447,0.1509660779140068],
[0.5646403829628056,0.8137672414251336,0.30393408775066355,0.02213099100366038],
[0.8010672486436836,0.413791538852888,0.46103014285393995,0.024340181829947252],
[0.5562725932144033,0.954103602352478,0.8454887531476564,0.037068659748203184],
[0.9888805346489039,0.037488827260548585,0.5303683128478224,0.02961840481853477],
[0.26464841786924675,0.6197665748838858,0.8132543596932993,0.06602809765905462],
[0.5583092591364507,0.9335043328945032,0.4732382404544775,0.02310534302894012],
[0.6327239106791794,0.5907131548089884,0.9981552229617415,0.02524185015567003],
[0.3228736555116024,0.795796748359716,0.3697364629171187,0.050681556809584],
[0.6307395205874168,0.6260353258628261,0.18702182477514018,0.02406638060806917],
[0.2726669579300529,0.037366565202480495,0.36067827471927993,0.04098702501285301],
[0.2624052584224946,0.8945006918668936,0.34989645155507376,0.03134481218351088],
[0.8555881600114059,0.2634920094415737,0.5457179964686564,0.03399909672512514],
[0.3929055906392287,0.3238360622283478,0.05239725579382504,0.02088098990291913],
[0.4701456102330688,0.06745639748657406,0.06961445063877247,0.023927271534304545],
[0.5688589399853046,0.7290929621728143,0.5635004659182052,0.0323758942503647],
[0.28825455141448364,0.8846624619739343,0.9851965524395141,0.09669450055471462],
[0.8255694291900353,0.9126363184854718,0.5900000995314292,0.018100152408907486],
[0.7876805359648269,0.16186031343186658,0.25004316469985755,0.04318754151858261],
[0.5629608020190168,0.5900817625512638,0.927880145915273,0.02153787828963183],
[0.30768962607807504,0.614079446639553,0.6978328073165984,0.038916383370201],
[0.28746318865205855,0.20269189092636009,0.8645313921027449,0.10665830796262865],
[0.0563779804826432,0.6018180840195527,0.32800657349945184,0.024380688520089983],
[0.8034720581640571,0.8781168339736819,0.22958687176602044,0.09828380838902324],
[0.26597711138639246,0.7383045897031013,0.6504002119131634,0.052325728837727625],
[0.2994933787841074,0.3644128190691296,0.4643417814563253,0.026563668335708064],
[0.7102787986006105,0.9695794130028171,0.4572202072631162,0.0353935739172229],
[0.9815509634730584,0.8804923776217587,0.7657298849246116,0.03312793580475219],
[0.5681173240122719,0.5155035027097278,0.8697362381429229,0.027762841618601465],
[0.33620355511457023,0.8821552683174446,0.23570438574047414,0.0305781441727695],
[0.6245924870763057,0.8619267776690244,0.12066659431255744,0.04588473595625414],
[0.8720981565859802,0.23984519291283413,0.11618875245204208,0.03786894696778179],
[0.6354865282341057,0.9628165296443177,0.6181872947123045,0.03971505037384119],
[0.40888039839306434,0.11432703916880549,0.153936905202409,0.038168118700635946],
[0.7417461880137319,0.49843385042176824,0.8606985585628192,0.020135930075788996],
[0.5980868315454312,0.952907338604241,0.8314248559592141,0.04635442145416803],
[0.9124615169827267,0.06938339261923498,0.24828814963725077,0.07050254580902171],
[0.27975294061010936,0.06406529770772318,0.1664967917755843,0.021412813031931682],
[0.2402266208359507,0.031982552390406704,0.7089751522108657,0.13024104485348542],
[0.9352482871979608,0.6042019062404991,0.24983752420994632,0.03287912516731217],
[0.9334120809196149,0.3721741895685726,0.783873019157882,0.03610906388762759],
[0.04914507244944788,0.37686500510167265,0.5970177978523329,0.02378627901571393],
[0.6832897652050846,0.3425525578313362,0.7791051328805205,0.0806249904414998],
[0.7863663250545683,0.28824794285694755,0.6702723890988102,0.073148157420461],
[0.05444220203366168,0.38318898413996094,0.21696088623093557,0.046183158066626345],
[0.2974929107212153,0.9833754559287993,0.731168590858985,0.06581577588812919],
[0.1623166339430867,0.758312383658799,0.30611192600223947,0.08141723945211198],
[0.05586931362948433,0.5678132016284889,0.13300865935708928,0.019656888379671604],
[0.939835314803658,0.713725526934201,0.33912525962651796,0.04651083723053773],
[0.21879436532965424,0.4864531251323849,0.003574833676643796,0.0372822782773752],
[0.8221981729055241,0.13541794605835544,0.13976161616756388,0.023280847788382596],
[0.5162587695415859,0.05971775919305844,0.17574448060100467,0.03151934393838771],
[0.43288876762131057,0.8751620911701562,0.15639603801871427,0.019733655941397324],
[0.26296939329223357,0.18974894351423544,0.36165814018747444,0.03960492713569704],
[0.7850120985700518,0.4265619057354767,0.10106744026549785,0.019166110640162742],
[0.27994655780844035,0.2629460338480418,0.6178446305188479,0.037365534967349255],
[0.5802779033023232,0.9853152486258896,0.9079633105994808,0.01704745633290801],
[0.9199328236609343,0.5962789285388537,0.9882748518733053,0.023512410968941355],
[0.6177839022101876,0.785144433792053,0.5046228311491217,0.02384459463789485],
[0.66326559255564,0.6856445797283814,0.09533237661883798,0.0790662563557953],
[0.49483565077424285,0.08546046605623403,0.36577051419656736,0.02419310273677395],
[0.5685855301655496,0.9948999263124072,0.769513591090368,0.018943422123726315],
[0.3620780138115939,0.25361094309179133,0.15962896166868723,0.039170216228865934],
[0.8509512978771968,0.3377563794614544,0.01697597576282306,0.06377497446420062],
[0.9841286280006674,0.23015884983418222,0.16883293034212832,0.06495969018239163],
[0.8164359327514337,0.9613591063350233,0.7243590560136967,0.03205077066687127],
[0.0996601274434068,0.284242636940763,0.3669852660850831,0.0480522558785144],
[0.6777632215470846,0.6002813107407701,0.8902482223479447,0.028188748381977616],
[0.3241571043543702,0.23295963354822902,0.19751214736357947,0.027279167656779867],
[0.22267530713944161,0.320561330162463,0.5238449617293094,0.026522941521031296],
[0.4421495608661612,0.36751513275465,0.4447393444299379,0.02009261935311501],
[0.3691994448511903,0.7959284514709227,0.9843913436142624,0.04373641564233693],
[0.7292484802769609,0.8094779972399004,0.774638139395286,0.060245078645505434],
[0.7462471000129829,0.16976193008962537,0.00753034820085019,0.04327922569188834],
[0.4096674822109786,0.8185193674893619,0.7924540791848054,0.0437176118911877],
[0.6148956001451272,0.7835997925546171,0.37972305357841485,0.04151105998750069],
[0.1792950263748473,0.18714952068830748,0.5876546464668773,0.02093254242725647],
[0.647063147212518,0.1851141299139929,0.20637317880012462,0.033837010737907854],
[0.28774671923982553,0.9889772107409347,0.2998311951572561,0.07211508401502616],
[0.6641882452974613,0.9148423342487816,0.20571050758837128,0.07482929637970405],
[0.22096490496556132,0.20652461773307773,0.6881160698245149,0.09663241679699035],
[0.5105531389825236,0.6351107935742681,0.5838682258757041,0.02203490259803026],
[0.6789523150482504,0.6298686096529362,0.41146829802363016,0.026508750983567163],
[0.8445476803250794,0.19036360156260335,0.14730586805834645,0.04101674481472117],
[0.7082493777066506,0.2953479006397596,0.5120133225385055,0.026537309918913156],
[0.9384506907953397,0.7844157302029774,0.6267262710576651,0.03240057825994476],
[0.3376686494684761,0.5180146561454106,0.2369700087472849,0.0179626505257732],
[0.32679576453641235,0.6866484627764389,0.1200481348319018,0.07497683002237392],
[0.43817216841640894,0.7152715455265394,0.15967543475831358,0.03177969745586112],
[0.41650819685683604,0.020597763633247057,0.641220749272138,0.026394163947554727],
[0.7679317785250707,0.8918378497811004,0.8144824253969074,0.06910339586634529],
[0.012252622974313843,0.9596718441922167,0.38471431961407854,0.06412528606667069],
[0.5958693275988717,0.609707636561386,0.8430390744887302,0.022995567858369766],
[0.7296252271941416,0.9271758868414923,0.3593590912174399,0.04337760342694965],
[0.8684486372182957,0.7881853259505547,0.5411163692154373,0.028972425063670704],
[0.9008731412566973,0.719951159679172,0.41933763611011765,0.029701974774449122],
[0.03959885168469257,0.03330535038682447,0.06929063575476824,0.13113097683063452],
[0.02822294163220629,0.26720407667891666,0.16646549965015223,0.039057482894176467],
[0.7897613700285471,0.43765441308875186,0.8691457478218931,0.021626520894500928],
[0.9625610389314454,0.9834947236285606,0.2831700824145089,0.09543972330494736],
[0.21984061856122428,0.19019745935772292,0.290094153790614,0.029740307984958594],
[0.4678893127970658,0.4885906272052526,0.1402974678517488,0.04308034432763251],
[0.1041609643061221,0.6696690785100587,0.9845222002557252,0.08107162346442043],
[0.0766145552346903,0.35229144337151674,0.44306190443209403,0.02772454055801777],
[0.33562228448063114,0.24264835983363542,0.3122323789584839,0.01916341050848739],
[0.9830868088416026,0.2792123613278027,0.658412941633939,0.08167543929809842],
[0.630059873817884,0.2716594739592002,0.5403464113029312,0.03496271477939271],
[0.6454501368662193,0.06143979913833131,0.7498987959454831,0.051325932502675004],
[0.44667380529879597,0.41855928961634403,0.31529094045954353,0.024874805811105682],
[0.8866464327609274,0.29754939473420416,0.12148538624743233,0.021383891505608765],
[0.8298153373256612,0.44821354020223114,0.43159415980918026,0.018523516939078763],
[0.5369709637996777,0.628148009791102,0.22330748574366188,0.022553701441203805],
[0.9247552216261461,0.29025197862691055,0.18728105137544104,0.031111369120955926],
[0.11101501293068794,0.1396767024172696,0.15465720693189422,0.029701384447586687],
[0.8943711871386463,0.827098244118435,0.2893238554627008,0.04121122677461994],
[0.30939835044177155,0.12587013346686005,0.34843969312931256,0.0490720367051814],
[0.700133764441207,0.5111130972915462,0.010991973437531777,0.027489390566768995],
[0.41779632214699913,0.1714693334467451,0.43397490778529013,0.017525983554506713],
[0.3649507841515135,0.04026085215484232,0.3442544977003452,0.05735824491207056],
[0.21493649774091272,0.2358620459120121,0.08445943396006073,0.02362536863112598],
[0.9927503408360956,0.755554689022453,0.8965261437936524,0.07497964088126717],
[0.07001152676095712,0.8152080520926018,0.33938429017412375,0.07198596135970528],
[0.979446453436081,0.48025833987883393,0.6520444003920288,0.01957055276779998],
[0.9850502645916372,0.5705843156121556,0.36496057807696647,0.02988896575487658],
[0.35454455765326254,0.5219683648162496,0.03501142500242693,0.03498935058566204],
[0.30066142058249024,0.4693309343892852,0.2687569761564558,0.01743943524259048],
[0.5119776965783246,0.6905538956273634,0.3839162096062132,0.02557165583989228],
[0.0287058168473171,0.5805667335942164,0.18058869732397742,0.0207044568392252],
[0.8576000945551995,0.35102612929090593,0.3283875007956908,0.04836363936026192],
[0.6154090450137024,0.09372976263367916,0.3496994261616664,0.01884230040630936],
[0.18358902686027567,0.7688862731650881,0.6644797283877996,0.07953407399787288],
[0.4446306443892102,0.10258047489994249,0.26806653293017313,0.028928146120477963],
[0.8080766619496846,0.004201177716576465,0.4086632136246928,0.02620432117758644],
[0.7939318671315668,0.012925309553111664,0.03991383916213265,0.06828275674109628],
[0.7969685757208913,0.9823640870397478,0.7449215612814387,0.06457193229114776],
[0.6363253147925965,0.19951503049149877,0.7441410386229393,0.03318697669696054],
[0.677788541481077,0.1545243557505953,0.7796638390280327,0.06770064830436712],
[0.5166980493734875,0.8172629921727143,0.0694532306941591,0.023867709578510365],
[0.06806230712113981,0.30964149847933353,0.3403232640126078,0.08365562129896495],
[0.36548118524663475,0.9404992259102231,0.80785648215574,0.04149086388761048],
[0.4393432443252161,0.7833861564242587,0.8198722366785275,0.024290388441497224],
[0.004989951091091682,0.13913923952633,0.21120876702684044,0.04994713579833994],
[0.27369595664066837,0.5214682048318459,0.32309897062212467,0.03482654557722129],
[0.33866184329475557,0.004334418886186575,0.13621549122503107,0.06810225113051083],
[0.32397053197515335,0.6188475885302559,0.7367450800014141,0.027377612285045885],
[0.6626354070888991,0.3358107741705848,0.3367525857901402,0.03998688173531251],
[0.5713480659418335,0.9362311105867499,0.03041117541017868,0.020650772713126805],
[0.020495952889549418,0.14078636530589284,0.41516878683814606,0.01962019289226106],
[0.4767912811137801,0.4262358303426236,0.8803223480204289,0.02329786562528468],
[0.6114335268333603,0.45687301770610067,0.48801532526321345,0.017370930712667196],
[0.7681236462279122,0.24526387456590004,0.29765392864513274,0.027403868471886902],
[0.9897134237691406,0.49828479485508903,0.8525280489591717,0.02323586610666767],
[0.9579165898204077,0.17612244210911998,0.20536480829472048,0.018529289884366064],
[0.9455562900858264,0.2594469878180429,0.4539269696495283,0.03543773043282537],
[0.49613592720091015,0.8746254540726398,0.9529843598722847,0.017753947479861462],
[0.35865738243582845,0.9199895003147501,0.04454899653105959,0.037631518122651426],
[0.44229436336168404,0.050620006982718846,0.8754514280382572,0.024831339651681925],
[0.833714010585582,0.08384103100356444,0.3313773587537746,0.024399037697606436],
[0.7423558783010218,0.9893404498939958,0.9206241246493783,0.09206955114439933],
[0.7924628004496181,0.2584050062184968,0.22009490358839834,0.02890883961460288],
[0.4473154884369841,0.4495853111680892,0.3836371390024558,0.017093970819262838],
[0.7254722589402602,0.5826665206132516,0.07758825070083064,0.01860673709856526],
[0.41474322736121494,0.9957856530329655,0.29579370813504635,0.05196093827763873],
[0.5845365183862485,0.6796729522249266,0.9038925489567435,0.041907996531095365],
[0.8762689579077075,0.5542750370076528,0.7384522279926024,0.018834454125072758],
[0.650994038601517,0.7141825781949046,0.9186680743492659,0.07809679555711735],
[0.9382402551222842,0.3357455347044227,0.5326566019217672,0.023664675252797022],
[0.6590932755968167,0.9812422176263619,0.04578466863283981,0.07647099928591528],
[0.19820440716230658,0.6896682252332069,0.6232181143462531,0.06403036976248293],
[0.5705496452627538,0.9244855691959394,0.28158288042632773,0.03158086837475138],
[0.7005270145543256,0.2467096231995386,0.2717059924893299,0.03801760129850378],
[0.2244472980565244,0.33643797175741275,0.05800209704210346,0.05581333177131832],
[0.767253920600454,0.5201057760973744,0.3888541365750201,0.020439205782851542],
[0.04762601940841782,0.8780593111384247,0.5190238617726468,0.0271868829760293],
[0.6097885306141431,0.6322879347851353,0.637075811900252,0.04512278063951699],
[0.28214786351036614,0.002840682559916763,0.8986802457279407,0.1432060680848341],
[0.8259472049003973,0.7159352208600605,0.3161734670841885,0.08974870852412903],
[0.417624552934475,0.6468939818722318,0.6522988790435666,0.023359882242257775],
[0.3844663699112414,0.2944633454470592,0.009380096991718379,0.04640415376571547],
[0.4636552904013945,0.41092707130711337,0.3630593722758131,0.018624196178316024],
[0.4682746413644585,0.23257980162454572,0.09424099593747315,0.01727410038009168],
[0.4705348058940856,0.8781481135097455,0.4875647715880408,0.020482430039251077],
[0.09550292880193556,0.501193388818627,0.7527976001318871,0.024979861805482693],
[0.6704208193329979,0.16120229034799816,0.12595642475923452,0.025119352579681384],
[0.7389505369147616,0.34912125797573224,0.3033183572677044,0.02562447120956108],
[0.1765880810456666,0.45793968940550245,0.6697503866249258,0.017373045815480978],
[0.9428217192325727,0.9387196265516251,0.49351935820499127,0.023923413832514763],
[0.2894631438218498,0.8198431868978895,0.7069530096133574,0.04566521749101747],
[0.7989600565190753,0.9210139926489382,0.5230135936439481,0.023518456021849855],
[0.08955209360763394,0.32017300349970657,0.018573794143872724,0.07417446782119548],
[0.5779956307521671,0.21671394931410104,0.3566616130575154,0.018774982955542217],
[0.8469317297025923,0.5806612009567811,0.44288870888515797,0.021629175030511684],
[0.01040356874094428,0.4570145794002881,0.10441391102067266,0.04589274304684418],
[0.8809805137459691,0.6242868056423425,0.2972915556992648,0.03850900751140453],
[0.4579989723969601,0.9952821428063915,0.810704688554122,0.034247020834719324],
[0.12806284829067416,0.5437542696432578,0.1608655210033001,0.022081563769243855],
[0.7620005180656091,0.08218627082701624,0.37927097300028567,0.03637967737022573],
[0.991479945513287,0.6004612930434785,0.9619814911722447,0.05330636699450357],
[0.7242135053740457,0.7690040056159522,0.3915299099791335,0.02276466804293889],
[0.6541178048019611,0.3792447946102644,0.6380939561129942,0.02649025148024551],
[0.33859614182513764,0.038539361600373856,0.4403139183517848,0.028615642251968644],
[0.8616966457558887,0.5867271496321007,0.8659732117384947,0.030631851547444217],
[0.44055604407179816,0.56039232711014,0.3262035464517935,0.027140547325092336],
[0.9109537756556941,0.3481656241430803,0.177828142471106,0.032816801747168355],
[0.13003157692204947,0.2770175890342811,0.7487662547304651,0.12654780087538353],
[0.6435821383141216,0.5157711300103159,0.026012624431115294,0.022870964377210055],
[0.9981592817584215,0.5167742472414778,0.6982866264524515,0.0350967094066954],
[0.4763609530630193,0.2998743060850785,0.8137118521286788,0.041076707559042414],
[0.6696200177596656,0.8296980353234114,0.5683439622607184,0.029039015599816823],
[0.13616807764442052,0.8268448253025099,0.627495997930222,0.025499538767630434],
[0.4654557320489653,0.30720092172890534,0.5213637035724571,0.020135832689789572],
[0.19483191003178046,0.6190410030123454,0.6545230434022322,0.022074202568761844],
[0.6654024042591994,0.6113970946543338,0.05008494976624889,0.033580967025380666],
[0.24765328123986152,0.5922207011134134,0.31631642197856646,0.040267986629640304],
[0.0812929355610893,0.02306448079935608,0.3062439732842358,0.08141183227469699],
[0.5774055993176525,0.20636794288811044,0.9941685254554509,0.018027112727163078],
[0.008679986991658284,0.5908703307676257,0.7348815536471077,0.027353434231002845],
[0.8428622858730962,0.35352734694592025,0.46257698411541703,0.02995665617006759],
[0.5348317539134511,0.9020035650973001,0.778281905933756,0.04455830065125475],
[0.05202293328332486,0.8798132505799845,0.169445159118776,0.21099695558922038],
[0.20584069996312238,0.008903511819167598,0.3242791094543649,0.0549746912012678],
[0.5380447495386187,0.36919914080915417,0.22310531856980786,0.024222223950545067],
[0.502414049186255,0.04906999198769402,0.4772187593207561,0.040443868008982566],
[0.4832913204505518,0.5960856076979841,0.11384542916469009,0.035273123885065],
[0.20992612516247178,0.18182168867371917,0.4994264962564168,0.021837004555625705],
[0.7649719130825872,0.25885875628768595,0.232604611714599,0.03248478781658233],
[0.910536781221113,0.5924767681108739,0.008935039674213718,0.01837981811549904],
[0.7779951054245522,0.12360241643932746,0.4719915280472532,0.01898574783465371],
[0.8863684278952453,0.6073026559607425,0.8780732593696461,0.01811127059762139],
[0.9770393845804345,0.8196512406545784,0.7557853602594807,0.027537002560408294],
[0.7475256818351711,0.9115963489301607,0.6865393120760256,0.05609914096299996],
[0.5938528296110414,0.9205538688161014,0.9187646370612388,0.028628673327597012],
[0.7746911495564611,0.6102010859778007,0.22283264434001238,0.027365945167436158],
[0.4544148506229765,0.4005151732004021,0.7215428687093952,0.02661562898005404],
[0.8880221165482405,0.5690893129907829,0.0796787995173468,0.020186684522670327],
[0.3720196512055396,0.04830783829508567,0.25192153344850976,0.0795927573929694],
[0.9398614600932078,0.7564754376705094,0.9522641801879461,0.10404953329077217],
[0.8794042905924502,0.14807211319886238,0.16157312370743515,0.02441304741879248],
[0.3320824458641508,0.36922219635780107,0.03891711075005466,0.04962117217273079],
[0.8289384126247749,0.2464009824104213,0.13267863477466268,0.03892580554912921],
[0.7337860627969879,0.10457233130280108,0.32434947281387627,0.03324605909236253],
[0.6859733197852513,0.27186865598000876,0.09946116142568706,0.03064785124642659],
[0.855169503240746,0.9930142573080266,0.038960964956110344,0.24968336863059504],
[0.5130078528990423,0.7839152072469238,0.3650745346158837,0.01732197708067408],
[0.4216846390001343,0.6091715745566478,0.5667300801749087,0.018693149825691494],
[0.08974113481837231,0.4990009859790395,0.6872119465721224,0.018570105502127766],
[0.96733268413212,0.9789777943814283,0.7516970250161961,0.06133994023667974],
[0.7606360381913925,0.6581464798033536,0.20719068749172842,0.06157386246584143],
[0.34059694424498443,0.18444597165975285,0.0026536781962496203,0.0572180860311792],
[0.5738476232974405,0.6523780760986123,0.10100908064757241,0.03291517550024497],
[0.9910284499004544,0.45334923796273396,0.5735469874058801,0.041656545099962326],
[0.7538961691929532,0.7746384491228588,0.34948517798322754,0.05844135104515914],
[0.6655019095809892,0.36939538590030374,0.09783625092526527,0.03518775372030576],
[0.196199636080994,0.58971553403516,0.4529781492031836,0.027574668649028772],
[0.7847005475341097,0.38004191941719323,0.19759213947872223,0.02278764371696898],
[0.606586548703739,0.4962276554447068,0.8400772589738293,0.026678560630000327],
[0.6968861452667917,0.5071045942120559,0.6677100047069989,0.02595000164096977],
[0.3769076886405902,0.36026713226841633,0.9201647717325895,0.03746943636838089],
[0.6890429391710523,0.751824464228673,0.27921781936703405,0.08306731048080619],
[0.39818042426934375,0.4173531143651583,0.17105122900241843,0.017673310122225727],
[0.048251120441844986,0.502397630686161,0.44453289212068925,0.01866461513485311],
[0.5857990419844192,0.371841667376682,0.40229642804179055,0.02410459835978942],
[0.5624481239732037,0.4706054995765053,0.28759022633921927,0.018797611975098362],
[0.2670256444956106,0.09386338520446313,0.1584573885696624,0.026241674770628762],
[0.1792507231160646,0.376510074820564,0.09316095998234086,0.034497505555231164],
[0.6386174922310742,0.9457935560609226,0.8894874019862754,0.03462543307840516],
[0.33496381338218895,0.8957419320210271,0.4893221082196767,0.01795384234565888],
[0.7110650256569776,0.36183728656781067,0.5274308268396197,0.02785936300567681],
[0.6858672601003202,0.16438773162327802,0.20596413458668994,0.04433272986786192],
[0.57743187669503,0.7835483616435283,0.0548512422910189,0.021658482492096724],
[0.08094918870222989,0.9404288849389492,0.5796260048175839,0.01840627742174221],
[0.6787728827675357,0.09974958241017329,0.9646124177708952,0.08888482300339878],
[0.8147759193105666,0.5103581711831392,0.3376299639688436,0.02062459075648934],
[0.5987653432961422,0.9802648717611814,0.5736144074640541,0.037156794701724644],
[0.9954498943626052,0.05936401768704336,0.5893573641121796,0.033409002523606034],
[0.07610122411871423,0.45423698880821317,0.7236465011300556,0.02755704925279734],
[0.01397383584122569,0.6497837177250029,0.920425709890619,0.06038317151596166],
[0.972578995625817,0.14144254390775046,0.256667136424369,0.050791825833955695],
[0.36796578743635366,0.27229896874905346,0.47939919609188364,0.022609039565049158],
[0.501744985071279,0.06964024926957857,0.6222691623557796,0.020239239828911237],
[0.8701536607164768,0.31836152990590727,0.2862615166711989,0.046082999017612855],
[0.532134032464767,0.000670464518037428,0.08563389428523882,0.02441859145399114],
[0.3634570309193207,0.357152301280639,0.9741536006022398,0.0483874591740798],
[0.37947018804754284,0.9724881980024674,0.33205958200998786,0.043502790457192686],
[0.9659012244663221,0.7783978697065911,0.38678731940364697,0.023274459388862495],
[0.9441445156760532,0.8699143663706946,0.7537008301621264,0.028657593690428224],
[0.35265455297501547,0.5312022006716299,0.6324078117694101,0.02335326342465069],
[0.2131145165050382,0.7472507707657188,0.37540641271260056,0.03526497257304311],
[0.7279143640549129,0.8723812078827315,0.9478976468715179,0.07872209738091689],
[0.4978213197797854,0.8414426591190751,0.8256352550246284,0.032354540502931135],
[0.3822858777954772,0.8330212959930516,0.2849053218230202,0.02620594885020547],
[0.23877397744650586,0.01679618101447522,0.5642310236576108,0.02242690585295684],
[0.7234487405826304,0.8318715716772418,0.5339060747263484,0.025387400042509625],
[0.2872766717734453,0.31610770582412595,0.9883288793470378,0.0762617933442367],
[0.4620395446551505,0.513418674483857,0.36106091814776853,0.033847143043595845],
[0.614530883928171,0.33784863572614754,0.9789087283533447,0.05043749610869827],
[0.6425347939844511,0.43901991396793416,0.5031696972573465,0.021905463308927203],
[0.5976690511675232,0.93851898254805,0.0641453504403402,0.035463136504139285],
[0.1613901376079323,0.0436501655592374,0.23010253850084272,0.04335909181208372],
[0.7646533925683169,0.046694896315762624,0.9553928333288446,0.15551511505817073],
[0.597713910431862,0.6238616562957569,0.9046485879624091,0.018203568638773426],
[0.25151371484625007,0.09039684447431606,0.38189240943624836,0.03812639797095356],
[0.6687309108027115,0.23667959668866945,0.990155883575912,0.07006576438473922],
[0.047132206110776176,0.8065708663360931,0.43664157230808076,0.043135714329537514],
[0.6096284423755524,0.7684675499361385,0.9587934439784421,0.03133993503079921],
[0.9500616579731985,0.4136689070735985,0.5255570647706794,0.017140978938264884],
[0.7851847591722678,0.726485392435866,0.9935152543507214,0.14954324639383848],
[0.12538471733445922,0.5848660654324492,0.4560809702056676,0.018626290484689438],
[0.7208600267228928,0.34093508385780125,0.6227081954836925,0.058272218408041906],
[0.47454394866877925,0.36536822949236747,0.729480093237272,0.022596950435882654],
[0.7507613431800145,0.6419088813233601,0.46018588194249654,0.024158817586409136],
[0.7745334029969783,0.8456849221217091,0.5009851215402853,0.022925630515497127],
[0.3214888425704264,0.5239379675715515,0.18437826362551502,0.021778928916388086],
[0.6527107901107185,0.3300237681566053,0.10577239007175554,0.04463448631706348],
[0.46492280596484625,0.06204476189088182,0.8247016215471343,0.03202430757100729],
[0.8972902368607295,0.5302761468309599,0.7074087943456346,0.021839532702157473],
[0.2514587656512819,0.11471300298501763,0.5150778814356314,0.028361189215161543],
[0.7291114072679546,0.09730074957669022,0.5456466028986602,0.02219911663058658],
[0.31557746627111616,0.6527408903277917,0.7410461157504866,0.058508905541521466],
[0.30262886178664294,0.6286771092740009,0.04495723280317543,0.05210633889630255],
[0.06321873741458495,0.4546613885033287,0.8637116315781801,0.02449402345476749],
[0.3296153318891668,0.6246024776022422,0.8896026219674995,0.061024866189243465],
[0.887441378503617,0.12821367982026033,0.5715211175788463,0.027402446142450146],
[0.4928087999802889,0.997353991666573,0.41205488067055185,0.024175087544638943],
[0.5081007155435499,0.9106119723379686,0.43398776969051023,0.029506321497961882],
[0.7463606653503845,0.866348156284688,0.6371742010702537,0.03273736673345219],
[0.1242466188621687,0.37345867974126856,0.3207271401935625,0.018950926077878683],
[0.8536391155482427,0.48738683132687655,0.6473032655346721,0.02195473242380732],
[0.7202600479283777,0.35407509878931787,0.5016668852966403,0.02774546511317033],
[0.9770215455277376,0.47030970338143896,0.4891085030947929,0.017065104947586326],
[0.16771514025060152,0.28405438551873674,0.3084510343341934,0.026164941518836707],
[0.49171956809773765,0.04436299717412362,0.7162144189195255,0.023563977642203915],
[0.48576999951716493,0.10809334878850718,0.22923864284444329,0.023737664544190462],
[0.5533866345771014,0.2398601763119198,0.5978328964562919,0.021030179629453902],
[0.9032957200025427,0.6997068732296098,0.5047159120110397,0.02590136430191025],
[0.21939728615149034,0.27125969996495136,0.04734142762073201,0.03941392287518536],
[0.2541259452502911,0.801782331710556,0.3117130511083055,0.04850270699307306],
[0.9042434920730726,0.17423563141145237,0.32913102215902656,0.049005483234844105],
[0.9120455401788721,0.7931551906413488,0.6863690934635583,0.033815278049550014],
[0.8412981285816287,0.43651795711793084,0.5378480489861586,0.017667765902339226],
[0.26373455966899795,0.9901348347443184,0.5009662700430951,0.029672719315766073],
[0.30836489714726145,0.2654820066039433,0.35650487271881415,0.03206107956669062],
[0.9623017875692832,0.23037271346120503,0.08236254518086694,0.08103388000327731],
[0.692281885902625,0.37327645157328904,0.2540313888461805,0.02594949487707942],
[0.30017759112356346,0.4305338380259671,0.5967631659712928,0.027942492670453616],
[0.4478107982367965,0.8249893610621017,0.885275773882189,0.03316706422763347],
[0.7817448914988744,0.00947965451111421,0.679599757028005,0.0806274095300288],
[0.2858688975832221,0.670029665971357,0.5687873717639644,0.020932634173779163],
[0.3012801088419892,0.9633812711007456,0.3889706207303847,0.03841693735401692],
[0.09421434167189491,0.42064852170936373,0.43398467121407225,0.01883722425313958],
[0.10965590171021278,0.680219519640559,0.3497406159528642,0.05466950375853334],
[0.1487365253199876,0.4026178711505487,0.7403785516119329,0.03476774660133452],
[0.6573167176608562,0.8187748695877275,0.42303668807824524,0.020187942464388556],
[0.748123612854615,0.7654866409352057,0.4096712958172588,0.030596008105944615],
[0.5149155855764747,0.541177818987858,0.12261658141711862,0.01951844624464706],
[0.6349300670608055,0.20072331478509242,0.7083428515100748,0.03910751990614445],
[0.05884429855465234,0.34732422850724565,0.09579873542668782,0.05459577917244432],
[0.7566777461106089,0.5381162373875392,0.08605990076821735,0.02467436431440797],
[0.22059119162716068,0.4263826754824579,0.7810946425527825,0.018877247671128528],
[0.45567108485645125,0.17571890305081717,0.08026006474700209,0.02132364774533],
[0.6578226257902781,0.5241891719934009,0.323723480745964,0.018062891622897106],
[0.46294840936755255,0.962950755549303,0.9225365290504354,0.02497421063293609],
[0.7098882362488085,0.8838282384267059,0.48246270213697673,0.022736934893250384],
[0.4932771688827109,0.7312060091709544,0.2907100484723144,0.019817227672602918],
[0.6587571784908002,0.2640538845967383,0.7822194843193923,0.06085928899774795],
[0.627136107754258,0.16825379295333676,0.2927661699975297,0.019355624006715172],
[0.1047938805766141,0.22724038211612096,0.5929407359171796,0.028687014779836935],
[0.47558041362677717,0.5432067653749209,0.7797087078856834,0.018661639823166175],
[0.3397316270258115,0.2784056326685205,0.3007347858601537,0.03221098033763818],
[0.45194057494756523,0.7428832832694133,0.14911814714982718,0.018982319845892257],
[0.465797607552338,0.4816686074165605,0.7966637597214234,0.01825147457255523],
[0.8005953326965075,0.6591486112704494,0.5449941072783079,0.01879445575273833],
[0.4167132921096792,0.8020318825054229,0.995712737801754,0.036660373802470364],
[0.9313278091838288,0.0851686950495748,0.4994552588121811,0.034660229910477874],
[0.2868361666702337,0.7991245574714654,0.8506500906285079,0.11415727017766748],
[0.5552136268172232,0.7759879083524689,0.4360493354353119,0.03887087274766803],
[0.8217623608727946,0.14044711291743983,0.511566809317071,0.022922954628304987],
[0.5191649705958673,0.21186885206817896,0.5670667793249076,0.026728541783932025],
[0.8300378155899164,0.5263299951077681,0.6155659606276694,0.04038972770291544],
[0.4675706080886479,0.42284893003690127,0.7311377514887281,0.022533562633401408],
[0.41976646970346276,0.9435328934054279,0.003734243766532086,0.040655312723457106],
[0.1201424667435882,0.6612854087661392,0.6798645254088441,0.04978536674393336],
[0.13807725784383262,0.4606634606070864,0.34765120096406765,0.03451158854141062],
[0.6270056405030345,0.7738705165720277,0.011972755842579286,0.04354010358356407],
[0.6415255528950563,0.43968183728498245,0.5791975200712209,0.0198723041262207],
[0.7711725666119258,0.8833444054717116,0.4646350804324273,0.01986846333722877],
[0.44791082229676926,0.10600621723255066,0.8764910385154722,0.02880645410255943],
[0.6858585917301047,0.39802352096504845,0.9235898718784554,0.027595692373098654],
[0.5954532679871001,0.9780029795168925,0.2135223362105494,0.03236658431711906],
[0.4713866915026552,0.7568561893198985,0.342568148912446,0.019067952204328775],
[0.43622840411530683,0.4425835668826298,0.813515056939938,0.039709423086224334],
[0.3999737176249667,0.9957184026958291,0.11343003626086312,0.04141589896293328],
[0.6696221828836404,0.36849955991044214,0.5583156956413007,0.03311534793240156],
[0.6312410687570439,0.6684718380430161,0.8187060040405029,0.05823866598703273],
[0.47706625497715727,0.8068774744785309,0.35584315270347555,0.021427125359872887],
[0.7505573888729586,0.7201333136990234,0.6936034348190387,0.02105314066046144],
[0.7824723614597653,0.8329178653365917,0.7236328040660789,0.05227071255072496],
[0.771422139034866,0.4051960736847141,0.34377779632086514,0.02639889399543629],
[0.23068404583987823,0.49955621122797145,0.12920524661603527,0.018148229330697756],
[0.9566164392333906,0.36788945683184715,0.18884817948155863,0.027565072456820466],
[0.1965742293945475,0.373239471241819,0.024660536311748804,0.019217728067589132],
[0.8624884747767176,0.22266850644703462,0.1796502061694909,0.026029020086135522],
[0.8053924165217288,0.32526575212590647,0.9847209200234386,0.08505302675503223],
[0.9670673181286632,0.6357939283019326,0.6067083302192908,0.04091690790017175],
[0.7608265859784276,0.038404315696380475,0.5634271368645702,0.018781612727353778],
[0.522726735977353,0.8565883272878989,0.8922373525371199,0.021848132086624665],
[0.43377037562529364,0.20827829327032532,0.85145745342741,0.019053771849093626],
[0.20655896168575028,0.9127922527637988,0.5222029060430943,0.01830280626315236],
[0.7506014412441818,0.1782193173994342,0.6708722500411874,0.06593659765844256],
[0.7296992059461477,0.11806148545774964,0.4116899122878398,0.030461009679055365],
[0.8887623870769907,0.8710118297186022,0.6064682022948855,0.02139734341355473],
[0.2280043206332263,0.4268493741421703,0.8071680844365339,0.01810113372447953],
[0.44275133509344256,0.27667126693931277,0.3973539442500753,0.0187398852589776],
[0.7964505092848857,0.24357692470202308,0.6037255673663212,0.021567082953412017],
[0.8221565409801443,0.37958455848583883,0.6869717773895041,0.04363369735422],
[0.2172257739468748,0.06306353916646734,0.05336505062878871,0.05592116988536561],
[0.5638201513451392,0.8433122688982316,0.3397438360297492,0.017375805264050227],
[0.4009966371143756,0.7248679396359141,0.9060393985762505,0.026627790571690943],
[0.9706722060453019,0.14017682664318032,0.1893052188648484,0.04793516134464344],
[0.7786476390046935,0.9757672078299459,0.28942922913852887,0.037743531575028584],
[0.7262953814784415,0.9960788486670552,0.5558037489855654,0.01933097044061021],
[0.4777095623141653,0.8939158982326172,0.15209795850906638,0.01703947748568406],
[0.8409311634352076,0.0038324785833114827,0.158786926174053,0.042697990996332785],
[0.5999002117215685,0.1510058612989168,0.25590795253513754,0.034723184206331095],
[0.8697051294323477,0.27693634207497375,0.09854425338536921,0.03544669281763739],
[0.1605141087173747,0.09075606626756672,0.4242797141831681,0.02372328001343122],
[0.6897665690139211,0.6921922947174537,0.19832249982013328,0.0909059362555077],
[0.13294612537371608,0.05254145234917296,0.3937243005753269,0.035007241642132314],
[0.05127828314825256,0.3835848270246017,0.6681519448324269,0.019151136334981216],
[0.3673469615375491,0.16261647149596814,0.6350598175625971,0.030903220324806552],
[0.5933044004342336,0.42360154743559897,0.9509294742057529,0.03393525804664971],
[0.4054587805003146,0.902921561408064,0.0005973797676774861,0.05492926504871859],
[0.613407206837976,0.2544746974383254,0.27936637242070284,0.018824279209963497],
[0.9726371096275502,0.20127682284006365,0.5382114399377077,0.021812161721918952],
[0.18697221693683375,0.9975479217240844,0.5286223232126421,0.03270147076764045],
[0.7376220856682006,0.32866521103608737,0.7178326708525904,0.07015953063629694],
[0.3916843122924949,0.7200217982218358,0.68824276707449,0.024622664944538165],
[0.4914928161175327,0.13124576919516673,0.8778144029906579,0.0312167588262321],
[0.21196794053632573,0.5689343612559395,0.8267090076418052,0.03410376975250766],
[0.760305266196387,0.3743967463130333,0.8447954045412277,0.03263052818312623],
[0.35905653947438976,0.9931032402061143,0.24795420257075274,0.07325849272112811],
[0.5375519340079631,0.6143589725146128,0.9428412119208421,0.023154824600289628],
[0.2820038624396608,0.9570970242696121,0.5627106087269111,0.025701600175405563],
[0.006218284812194441,0.6101872091651088,0.4238915555335201,0.028586498920141118],
[0.45892960256708937,0.46367317980624945,0.3716808932457607,0.025784363067175922],
[0.7756334521857314,0.8165943183265565,0.6550266957346329,0.04484040283839705],
[0.5252445242807443,0.47633577503081836,0.3904853626329655,0.02362205471840656],
[0.617617467917078,0.5050074790617094,0.36462426697658856,0.021727194751296156],
[0.6207766873574767,0.048799125653443465,0.8154184383358276,0.03760997064531475],
[0.6057533059502948,0.16628284768104218,0.36974572498002445,0.02563617628774159],
[0.12075910636416975,0.9899324335001646,0.4387550698843623,0.027141648666013783],
[0.7943088346050216,0.0020708494011669742,0.4671558041910111,0.033570087713337],
[0.8679646887160127,0.24674061267117064,0.6136725952278564,0.0387687441481184],
[0.7852102185402153,0.6524349365275838,0.7654723689443904,0.04181645865973805],
[0.6601357425458452,0.558723740348901,0.8520753486660633,0.02105103206745427],
[0.44712438318196746,0.5433628931702763,0.4021530122413913,0.024858095546645267],
[0.25835184325412053,0.8172523464393198,0.5080762311855804,0.019644955640374738],
[0.670352905663076,0.4985523267029538,0.014131386038486182,0.0271339041831012],
[0.7232127995475758,0.26895639745216005,0.22625767867464608,0.03427921863654387],
[0.09612616320202971,0.4916327348982116,0.6565539402915624,0.029398770977912658],
[0.6235319841638243,0.07886674443092534,0.6182265470998276,0.024790366034718646],
[0.6399186148474941,0.09684861862397487,0.8123397752640323,0.05099358342508763],
[0.027125664453641618,0.46006746501023144,0.9867515174034962,0.020208526935880954],
[0.5809617275669229,0.9903208030264962,0.6280116021066138,0.043582983854421345],
[0.3045233399110222,0.9145487827303086,0.7404752915597117,0.021444489657689858],
[0.4322422141591389,0.8825540644824708,0.3313943404187528,0.02617635751890146],
[0.184774286065302,0.16005225248641608,0.4569519745541635,0.031667719362397824],
[0.920589743533817,0.8108954454172078,0.4368601264270503,0.021801400653438593],
[0.0027522466609004592,0.23373985611116066,0.2545082593034007,0.05794195292071859],
[0.5028866086371341,0.5386683949074967,0.6535113465509108,0.03648914308377212],
[0.48336791820702685,0.6054651850234746,0.8594654302784279,0.019064942235830863],
[0.36813128168707465,0.636141174806274,0.6887358173938026,0.0384109356798071],
[0.8075039695310878,0.07525511837662391,0.34600994355996795,0.03322563858689236],
[0.5857888014654036,0.8179543614188468,0.13062931076764284,0.01792632431138401],
[0.7910722170584443,0.9891209409122458,0.6293357493740357,0.03302387724627767],
[0.17631931806297718,0.9035085203201241,0.34878867564076743,0.029698460987010213],
[0.6462144282908159,0.2002482141632942,0.5238438146876494,0.029436731120437022],
[0.10933197737962108,0.38084991123179157,0.158081786294062,0.02299872653723508],
[0.5672079051891491,0.4673021593091169,0.9725436984110397,0.020590018399644416],
[0.4943810884743439,0.9763660780603876,0.9838044216493943,0.037772966450635756],
[0.9678739462701836,0.014883668826528251,0.24627952563454192,0.1348895840321806],
[0.7964142601066633,0.351966388356026,0.8055083505172397,0.05389920240205556],
[0.008848105713237131,0.24787914302346792,0.0016134699582414092,0.1338120732557765],
[0.778061053903114,0.05151803008133937,0.5596800506642778,0.03414212215268323],
[0.5207148378957672,0.5605850128312925,0.7203791674528405,0.02397468718332011],
[0.5512957980656028,0.6216082429851989,0.6013939852988435,0.022564602201129637],
[0.9578670736335376,0.6048528064981572,0.8600719168908721,0.028595237178960876],
[0.020668085586045826,0.07138245494771933,0.44234880843797186,0.025076675396570852],
[0.3215937921436336,0.659771854375759,0.6810953356024994,0.06745200060490526],
[0.11361766867322554,0.33847161428547623,0.2169001887316795,0.03484768632602359],
[0.6476927371601348,0.8376045737078585,0.7910031281600465,0.044081280934606316],
[0.5496715776179807,0.2417295718916067,0.13771789373230103,0.021119791179095737],
[0.7134946389964308,0.25755634676773886,0.6945727514391802,0.09129178730649683],
[0.5040144290663909,0.4917192883327549,0.4519855061606919,0.01940494312261326],
[0.211338093100645,0.5985191685773849,0.5128583716901398,0.028680887307830166],
[0.8995467519268981,0.6766535493242327,0.06588954189370033,0.0857488851461616],
[0.8327613465654026,0.5916603174997213,0.8983231111179736,0.027998211904629443],
[0.2749157071922156,0.043431761992276496,0.10654748256353197,0.06499463134650649],
[0.30446177468413016,0.3378248570625927,0.3214707476038027,0.05586796159858018],
[0.17315486993700813,0.5931614145119003,0.4359319311212848,0.023703177486817995],
[0.7030892218464256,0.584033135314247,0.5379647969151272,0.029856614906546473],
[0.874575784154572,0.6871259489162841,0.5695123966548551,0.02927500546000012],
[0.30948589680396976,0.535844159954468,0.04261809088191182,0.02082458533144628],
[0.5657634234053889,0.7618524721198828,0.7561525288866203,0.030530851406643744],
[0.7847334367335175,0.3077220670344135,0.05302676221626923,0.02098842211374037],
[0.3096374344842242,0.5771448932505242,0.5816226663305668,0.018185622657763745],
[0.5379836557823353,0.17491475541007973,0.8234586513792331,0.01952911364287368],
[0.22832710401976675,0.494428038732442,0.9467353893152562,0.02417789310628525],
[0.6352804066853567,0.3868615650713759,0.8841303677447795,0.02559093557176116],
[0.5752708443573923,0.10934289304487732,0.835092436992415,0.017538017159626627],
[0.6130207801271722,0.0004829122060515667,0.2676845510481397,0.05608664519178563],
[0.7255297443244768,0.3486395479493235,0.8517525359389782,0.05492853732237518],
[0.6705026393330397,0.3650025333175174,0.05969692690426953,0.03520871578556572],
[0.3496603618746684,0.11306938956643897,0.4625170579596507,0.025879169167958148],
[0.8721588626427108,0.5020309427498644,0.33080717138000804,0.020714508240489878],
[0.6847470077544768,0.8099149619099915,0.35209746644912165,0.05053935644803749],
[0.3910772597853025,0.030232931943060315,0.5298145253028309,0.024900158075309632],
[0.1695449810659675,0.6127795030503224,0.15938320823421703,0.035293014030285785],
[0.7569470008807315,0.46140454665715314,0.7622040522740748,0.02256060182432306],
[0.16114795082697708,0.5159309241872826,0.1480745560785287,0.01772973950902318],
[0.6819789954238069,0.4443673700709435,0.0017669325590793372,0.03278386048688769],
[0.8802901882758268,0.6602798301558908,0.3750061806336503,0.03177405460759269],
[0.41137540323426447,0.9540331822018006,0.8216592663799398,0.03197880059586219],
[0.09193522518811381,0.6923521359172938,0.8996646877171356,0.10107978561787952],
[0.07502721654417044,0.5010228378395947,0.1099824914475569,0.02042851986246822],
[0.09820603986870535,0.3983013655058314,0.17828032772695435,0.017017763774961975],
[0.46861891953703183,0.18308411018181903,0.5510910861501197,0.021750891515244335],
[0.7398018606333377,0.34338941447207216,0.9082924819890288,0.07142107177649411],
[0.24899443797985543,0.6626311960945525,0.48637496227797716,0.033548359434967714],
[0.5030975703021876,0.46385525698829255,0.12350365199760849,0.025370403643517524],
[0.3906114501187029,0.6911664078847745,0.8151175805705222,0.04466593950707462],
[0.08761792470987495,0.8020377767268233,0.41220174080833727,0.025280619389260503],
[0.4011529517021861,0.028161943111328136,0.6734492302105276,0.05646927262136432],
[0.24607423093680136,0.26087319423085775,0.008785897999106007,0.04474128634585226],
[0.1077929865234154,0.5387211305964529,0.7496472790338277,0.01933958861763481],
[0.24506241728279754,0.23698600103263578,0.5918758699631406,0.037091755002265164],
[0.8620848650337652,0.42694876127159054,0.5497471325794647,0.025103767430922387],
[0.3182799923578201,0.3406862655653342,0.9153651502484799,0.06103692389334808],
[0.21633045813597462,0.17338992073574266,0.007894376417515558,0.043397838518613056],
[0.08933083562871647,0.6752380665394786,0.7337807472417528,0.07667697450423215],
[0.561081529705818,0.29762546437728976,0.4606386093017689,0.018947398987617096],
[0.00634222649373295,0.622057158742469,0.0350604397778248,0.04379111930814628],
[0.2430394965883087,0.6339975837938377,0.877334012842727,0.04917630352198678],
[0.4421610403386349,0.8244532845280977,0.15244846753165198,0.03490072695015552],
[0.6699784683671691,0.4722830368844819,0.4142887677424012,0.03935725501431835],
[0.3810834720255297,0.26921485733665096,0.21313365552859997,0.024865515171177015],
[0.733365528058413,0.6376859281592462,0.3290919834864281,0.04044852503738874],
[0.38946042971117734,0.31937458726847134,0.2275370925742034,0.03573613511632879],
[0.44743037293386634,0.422356757931028,0.0752951528426331,0.019011037294701633],
[0.7195911853555422,0.635865722916528,0.6319860183485245,0.0183160878034103],
[0.3258755061305779,0.6051791902263804,0.7771662073400971,0.023818067368816226],
[0.6039004314434462,0.06435277931244465,0.3852006841674418,0.03608452512650242],
[0.6025832850605652,0.6242320739963365,0.7189048016518612,0.029915008559858063],
[0.8418799464573123,0.19786851437161723,0.6467462446895663,0.0506775381122562],
[0.6366150767107644,0.4195271062820688,0.9069584762117532,0.03010006614454682],
[0.8222449884448827,0.24123767489519687,0.3040332061322746,0.030201304283912274],
[0.34820050573255823,0.3904080052773786,0.7327840525283312,0.021283369029308365],
[0.6189715906698255,0.25588756649849864,0.8846834138209483,0.029809843486538805],
[0.7422204617248785,0.566990792782743,0.770231622973604,0.01815561168776421],
[0.024628130012191773,0.307547444268213,0.4135708871740351,0.03980775803680797],
[0.3225024008221169,0.7729846864127098,0.2026989773704524,0.10439037427951448],
[0.5030455055074939,0.3988907353254677,0.6216636910529068,0.018621841620001474],
[0.27995504086222833,0.8205253214003704,0.3538335216654993,0.043298947785795294],
[0.9881043284067856,0.2000933299386538,0.33571014926887144,0.08570860886818307],
[0.5551860828425635,0.18396550832976144,0.09842900555761425,0.023151515699017418],
[0.24542396438562653,0.5477743753042963,0.5183079435351501,0.028115853322293438],
[0.8542413368934861,0.8523468397880936,0.6242830908657522,0.030545775441137492],
[0.848517876583003,0.9457667434873905,0.39628788374354507,0.021151837092999948],
[0.7706361450233296,0.37620398098385854,0.22114227206475368,0.03420197809698544],
[0.3010894391495371,0.5935908190263647,0.26680375658064537,0.02612699817971091],
[0.2489036263749428,0.15635119439962453,0.3828796071207551,0.049512588792679654],
[0.9006724444331784,0.4203143808161689,0.4347412481780232,0.02567366493960946],
[0.2796935401348588,0.601660365895939,0.3518767488513975,0.045299006421089506],
[0.3455122754810872,0.6938004518553096,0.8831238754673015,0.04950646088966687],
[0.5331038825968019,0.03527844402134428,0.9235086086479022,0.022462935497281136],
[0.37428774050622016,0.7506990712404705,0.38662227214466816,0.027892267585447494],
[0.5952303662875815,0.8416268498623365,0.45122049408637255,0.01926296104709877],
[0.2944668374443957,0.38584785534579447,0.4363469897773913,0.022066674148704425],
[0.4239137352136645,0.9182923835220931,0.998948368390331,0.01786824811183063],
[0.5357205210813561,0.6531273521811707,0.15604696247824668,0.024193893327266895],
[0.5301673731573411,0.6271385603572339,0.3258751231883905,0.020986273506468735],
[0.25764165629411995,0.522378705671896,0.002871165244992646,0.03364356124578394],
[0.35136578124248086,0.9455475458725797,0.8871617305501953,0.028113197780159284],
[0.34440074708607127,0.5326265642216411,0.7420900933869424,0.01954705106436342],
[0.7850068836560273,0.1016337827596202,0.701755303736193,0.1031872842785345],
[0.7655231407871229,0.738493283719126,0.547181430335537,0.02254592117469166],
[0.9000534830430432,0.5865337324370101,0.8092309821192232,0.026267305008397628],
[0.39360600552075087,0.8991018965652964,0.10120285686528607,0.022299995339137332],
[0.6149074331343511,0.7978309405100807,0.3079220219800074,0.03725886049415136],
[0.8953163087570978,0.39949785849349095,0.7619042877908605,0.023369055113432367],
[0.37334520527695914,0.4507429490306546,0.12310168393302001,0.017853326873080902],
[0.10573563210630121,0.2052173768562513,0.0940852949372517,0.03025740858324418],
[0.013637775539827035,0.33344089591506876,0.46112095663697117,0.02618180295540843],
[0.7407911465504402,0.9490437557747805,0.6200573342133175,0.024857707778279677],
[0.36028866818568595,0.27163359433108303,0.6265064949540194,0.04324774150293863],
[0.1637449088435513,0.5953310367286984,0.8700904207642174,0.027476865565514763],
[0.9337434171368871,0.6078625267067679,0.6934947108615416,0.020886503459387244],
[0.16229046634857613,0.24721978165908354,0.2782913768859526,0.03170518951772451],
[0.16892020709360878,0.3958663650661711,0.04971821123688003,0.03693858583315126],
[0.3190553638601703,0.9993978891912219,0.4132776044147336,0.03280164793011993],
[0.641166283598001,0.6848147986882742,0.3685367206386658,0.030984416099164365],
[0.9253082431335912,0.6209269532211532,0.31984647528408783,0.02133259779005718],
[0.051305577786710854,0.6900747636620091,0.342183696182791,0.05860549020042899],
[0.5086611969688822,0.8624676169058718,0.9210838134008683,0.022919880053973676],
[0.6770174810216042,0.6440340134610583,0.7373430626765693,0.03552163894512417],
[0.2377232879499247,0.5736349819699512,0.40119457728738916,0.02782657508255515],
[0.02917031817484561,0.6620678035151633,0.654155827799092,0.06279275940417826],
[0.578851108899887,0.3690591500811301,0.9312378582716445,0.04449968279844454],
[0.8453299832705982,0.4520310850977084,0.46696308161237876,0.02149630794854475],
[0.3714559906081498,0.4858472561183581,0.18333140621080735,0.023755314153848787],
[0.6243888394115965,0.7779971280609645,0.6212186451391564,0.01902706204213244],
[0.8603128992421828,0.3702974431593431,0.6286310504401739,0.05015381404851832],
[0.4938638693451113,0.7823246156406161,0.3973164834172247,0.02820277740850624],
[0.9610182505378394,0.8617014800405893,0.7962702169014785,0.020431318291176767],
[0.8863418878370367,0.19119668311167348,0.17202140554660994,0.033568495535030364],
[0.9981611142590419,0.8360942408484802,0.7862970309788214,0.03890822654214125],
[0.8918592444344781,0.38970389836339403,0.1940280289872699,0.027828955395879283],
[0.485503535886219,0.8602478357785958,0.6056142032235015,0.01967787282081436],
[0.03004139569728681,0.9435712151445965,0.4527544893339154,0.025690038311058858],
[0.3482595308057209,0.3368214772942739,0.11712758442074656,0.04168626339334022],
[0.739386801428765,0.0002224700089935583,0.4382360091692715,0.04415215745248182],
[0.8947481878764407,0.07702999507417985,0.43531586148463564,0.036697401679274974],
[0.2604491688319791,0.6645916759537583,0.5947543440032224,0.05327893262684977],
[0.6351161404585536,0.7450255492459451,0.5171568892451055,0.034380716058997146],
[0.646895783447825,0.08699897720905192,0.0036807113131489544,0.06066971913344843],
[0.5475491545081304,0.20755563307881653,0.9096533425278357,0.020952932658399433],
[0.24713973669898082,0.2954587724971286,0.22345600517918696,0.030114896023897428],
[0.7156725636654966,0.4865849427908917,0.040145870790003424,0.026322726159207346],
[0.4422622164567257,0.9436233367487739,0.7526102518769265,0.017821848456442788],
[0.7054909007932898,0.053315821323363766,0.37710328006244154,0.03116715448378319],
[0.4892109130618928,0.7722213425536217,0.9525402119751408,0.026357978336180664],
[0.22538908204119834,0.6639240550836412,0.5484426694962912,0.0260447982435347],
[0.3247012894212731,0.21753601065052097,0.10630969869739282,0.027285204942045144],
[0.6727474064497313,0.6895025117183632,0.7738896033556271,0.02744393906995849],
[0.03813102992879047,0.2871645821551331,0.1317009830479634,0.033650975178802126],
[0.45787888851738623,0.1263687306838105,0.16237584240586267,0.03571412422782259],
[0.32233510963748613,0.9858668472098719,0.9254412705387578,0.08842074016329884],
[0.37704216464296125,0.2885180044131179,0.737552532165756,0.04915995465708829],
[0.5499662025416663,0.894492975482388,0.4079842811574129,0.018432651209956373],
[0.9786171872185088,0.290485313722332,0.28489152375562254,0.08219619625749774],
[0.7412633566963815,0.8348542378573341,0.3333022139765346,0.05509657450787685],
[0.5364545758253646,0.47488278598146605,0.036530923960756745,0.019437646634094197],
[0.5034334823593306,0.2037850214964375,0.883218960646788,0.01752141528542285],
[0.17704986692796898,0.43050158898740765,0.3684827099165696,0.027861880689032982],
[0.6721423426848958,0.9330962138318264,0.6508783233238091,0.029128406425448707],
[0.7798343272782552,0.3248454733627548,0.5776335882968074,0.019469279071191094],
[0.3381483869450126,0.06794010147962626,0.1702691374467209,0.036737183106597675],
[0.3726196112500335,0.6586732627902668,0.6071444225327385,0.0327632614013773],
[0.502038885917792,0.5530327606626718,0.8067095943674801,0.020305893335714933],
[0.4633601427953621,0.13237752194201358,0.69736231297749,0.01908553981307317],
[0.658223799156102,0.05892762225653514,0.33075871983994165,0.042795528896944546],
[0.37166082580118753,0.12544620644452498,0.6587571369987796,0.023334563004467408],
[0.43789555936748126,0.6501040621978547,0.07935362690426628,0.024428678423788763],
[0.7790938243981064,0.12036005025698993,0.42024392374254316,0.03276331626773315],
[0.6884700778683825,0.8252541240041159,0.8728271861903292,0.06609083987659539],
[0.7184715167966982,0.24597328235534444,0.5120024048797573,0.019774229490459712],
[0.5345183252667214,0.7013527468113545,0.9116827745502368,0.02040369680301414],
[0.08301653474747717,0.4845419242287752,0.15433727952202492,0.03246302726843458],
[0.38247344828281093,0.9480436831747191,0.7514509365272052,0.027349584288797225],
[0.38671481496487514,0.14541614346663034,0.05573476614998496,0.046322693188232025],
[0.7844631985660919,0.035066771499866145,0.33113625548218373,0.04088270553485877],
[0.05899894644155235,0.03234050183373316,0.52466552596,0.019025128524097525],
[0.5249160506288937,0.7898011722510647,0.9300938208701608,0.026740245749838507],
[0.16186879497413675,0.39718400071942705,0.010082274472448582,0.041938443792699606],
[0.33038445231318136,0.27926074750553675,0.42384193734007813,0.021519175771761462],
[0.5929992011507905,0.02549217428577355,0.46341520028313277,0.01927700690199561],
[0.9597820258061964,0.6639818404817561,0.2453114436929742,0.07792898752786954],
[0.6090020189823816,0.7531639355154274,0.4229219359823698,0.018971086400632053],
[0.5911911636871263,0.6109460355472627,0.39159038466158624,0.022514577173902213],
[0.4880910872782874,0.7676847287619301,0.5440103945409719,0.017783790264562394],
[0.9195750100677688,0.6499625805581498,0.7631514677484429,0.059614767182905676],
[0.9211924028205148,0.6303793852446872,0.45999909998158706,0.02606807512923299],
[0.20704825872130717,0.5116668061685307,0.6632787145917759,0.03377172816983683],
[0.23540832831661274,0.5433842195709645,0.7281356757428917,0.0259307367730739],
[0.44227016663650665,0.5289352352095479,0.8928278915535504,0.04306042753542793],
[0.7930539068340884,0.7060072046613352,0.09094984398312089,0.11366498953997427],
[0.6110031825635156,0.7874114264484392,0.7601591513068805,0.05336101867845071],
[0.8016899642920802,0.5266740814088234,0.18523237965877282,0.0368631557189541],
[0.6173061511818685,0.6698949508689024,0.024137378704038093,0.027536805667900323],
[0.06421402265130804,0.31416929022435625,0.6459290771662969,0.03798050070535666],
[0.5646853229258848,0.11161549926391579,0.795947004808094,0.02435407793041995],
[0.35836717672998664,0.07924100325857619,0.5325773842941649,0.04232201750279732],
[0.63743292147708,0.8178371797632632,0.13304613977257662,0.062249615674107264],
[0.9735265084316849,0.90059757654416,0.6812654593806284,0.03176709192490813],
[0.524267680433779,0.6312973811437488,0.398854734902659,0.01878941055771397],
[0.11265977264406446,0.5263978411703253,0.942334834156468,0.023905720552375373],
[0.048378647569677025,0.45461398975457246,0.14233370942236556,0.026208476973881983],
[0.3793964407803079,0.2898845317781017,0.5002662338892527,0.020307906398647192],
[0.1764050051288416,0.12143601980433794,0.1840482118034611,0.01918954481703016],
[0.8428605559509604,0.41989955972440585,0.6899292837262684,0.03412664526331668],
[0.9838122611792193,0.9897862466521343,0.6285661723663155,0.02028481356899408],
[0.8827865226031868,0.6640063961209669,0.4511294114570894,0.02647987866242152],
[0.23236678505824526,0.7699334690204335,0.40859627232048745,0.017046783588192206],
[0.9745728480803033,0.6020393035692128,0.5730872901423751,0.02185014866304471],
[0.17465614821384579,0.9654567906005217,0.533335246837321,0.019720944325463674],
[0.617892503321671,0.013337167445982456,0.14087695641085807,0.038798417186139],
[0.21563465285781191,0.027051815319743766,0.5639394206908013,0.02708341208060229],
[0.7757858802945812,0.4058736193800947,0.5960094631419293,0.020582557189996166],
[0.7205012265368105,0.15635736436941106,0.556504544832455,0.03294376706005086],
[0.6065192766074115,0.6135656802992105,0.3703216311357904,0.024513597922608807],
[0.6082780877850922,0.23210358782622498,0.0668264194946625,0.036622941783839624],
[0.07565587954223651,0.42743879433188525,0.3566620178287302,0.018239573838039508],
[0.8637735087597807,0.5650047710346541,0.9693206143691953,0.039933456438163595],
[0.9562534729981254,0.3737629659866164,0.6825175109170557,0.05024586475796866],
[0.30696981307653903,0.46393677053774496,0.8679065504932683,0.02794126493445985],
[0.719717291768081,0.38210603465508786,0.30773132259649627,0.018231509369012848],
[0.06587583244142936,0.5257931706893858,0.013189645194594202,0.036280611686655445],
[0.6384168763986356,0.37870049351249424,0.24988640968837572,0.03323497256698271],
[0.41673742458210206,0.14238616790119074,0.8198767338575832,0.03418727419349569],
[0.8568654135836197,0.6034127913854814,0.46720363671408616,0.028065278561227598],
[0.5550043465323422,0.29536211838272597,0.9975577012072484,0.0254543892831273],
[0.8181204426413479,0.1020526068460994,0.5602966518054635,0.029801541345645013],
[0.9129789761702248,0.7983695610653844,0.5298982044820998,0.04197183764304068],
[0.8931891004882349,0.9157186562106456,0.890691756830481,0.023018107108547306],
[0.16439140511710637,0.9928337814508967,0.40090936194090754,0.02672654624423041],
[0.8038722621869127,0.622318282439119,0.4299024815810554,0.020401715334145316],
[0.9976867647636778,0.47819080636002376,0.6354622074168611,0.043554204521186586],
[0.9116556432568426,0.15727831102653456,0.4055278728662859,0.021026346844116625],
[0.20382507044594556,0.7379245296662016,0.506760510469828,0.017811281845223126],
[0.9715010099879692,0.3777590672399942,0.6097048550550705,0.028994332184708413],
[0.36730006188411823,0.21051133928312094,0.32363186524703336,0.03433910596677145],
[0.6658675505224227,0.9611265455155491,0.3345500528688744,0.056153540657618045],
[0.3147811716990031,0.3354844288204142,0.5913487730260184,0.02831454180142441],
[0.4448268570743773,0.4423185558418895,0.9865646261268652,0.021837222906102148],
[0.6303060020073701,0.5598371948175276,0.7488038757913901,0.02202656968219671],
[0.04549753343745411,0.5207102237944662,0.12214780723898777,0.039476122089284534],
[0.8695096034437465,0.6311642186609949,0.1602096127362077,0.04681309377151753],
[0.19297934880054157,0.8946919347635193,0.6265134117336959,0.06299355935402819],
[0.4398054917832137,0.3592112079792954,0.6198099849182998,0.025815436273753323],
[0.21699627391861398,0.9603914341776407,0.35813287299191576,0.050091696642729874],
[0.16481936051625712,0.4693599134560592,0.6933393136402156,0.01942882853954183],
[0.6114858659549205,0.8975801467914631,0.8926533459565968,0.04406838851517272],
[0.05285057197718268,0.41861338721000385,0.5178936347904368,0.021845353408364042],
[0.6196809539218661,0.2142486213075916,0.026288779329267653,0.039059635954886596],
[0.3506777278759078,0.5987688560858693,0.37284943365044876,0.03460167789859629],
[0.785181475134403,0.5310124281681812,0.7569329623642695,0.04135924705641331],
[0.17260307206012304,0.4235468635507512,0.0868279298767809,0.01782767001992678],
[0.6454282427143669,0.2986256720481437,0.3043033498473239,0.01741448110786243],
[0.3752080310163529,0.7407757174229358,0.011221037044613524,0.0642679783418409],
[0.9226864756298848,0.3748636576333183,0.026359368582240084,0.04467980450916284],
[0.6772902019368546,0.045355129469208166,0.6964714240028169,0.0718358855976004],
[0.5961317429861771,0.4358035983781995,0.3764717356702244,0.017552857414241008],
[0.32211085672673123,0.37698458719752326,0.6200266730321792,0.03132932509181557],
[0.41823362108471673,0.02064801578872255,0.9532381227157367,0.023993554222033968],
[0.5051226074846823,0.4946193858382366,0.5637337097835314,0.018256719918295174],
[0.3905452997580615,0.8794883237920897,0.1749204394235624,0.020165997998847142],
[0.5906266347829302,0.8367751045339549,0.03345540640440503,0.022715435257777986],
[0.41239398408578,0.9198242348030049,0.09958878430917517,0.017279783664107443],
[0.30550280259536855,0.3396167076148,0.18359904264736704,0.030580236398877518],
[0.002684752207215646,0.002915504732374674,0.3793286421237707,0.05395929697112113],
[0.4548010696977899,0.4639300356718915,0.18105283354534185,0.017866651278736656],
[0.39021561058136245,0.8606478066490175,0.19181810665056154,0.04512434710761292],
[0.6300786670852431,0.48795784988404023,0.4174952523707124,0.017400443421225258],
[0.7140069211711421,0.6059963423413551,0.9311959954825496,0.04290578071621705],
[0.9893246595450337,0.5893157891461563,0.42619710197304495,0.020677287603285854],
[0.1981375906812648,0.8429078231015807,0.4331761612748838,0.034659062220894356],
[0.8690097044043832,0.8520790240514956,0.4835016915062016,0.024405535816076025],
[0.7760583788921858,0.20004976198149826,0.2722139154354236,0.03589983409542635],
[0.5945424527225004,0.499154042753976,0.27354614007282985,0.017056312156737807],
[0.6981928898876589,0.1671368848488235,0.5082409682842223,0.03578834085659252],
[0.9867106504227614,0.7162882647093392,0.7766147656419295,0.0901089556929949],
[0.606150777357799,0.5604002077877405,0.9197634245611923,0.02230631676568654],
[0.8296933418108781,0.6120550398341502,0.7390140594847391,0.020719921249338163],
[0.613972489377501,0.3875686153208524,0.13775600074699257,0.05122115770522352],
[0.44455293729340695,0.5816112843525767,0.7469283161275875,0.021743558244706356],
[0.6036306988355753,0.3628787832145004,0.6358817767941599,0.023841351378973183],
[0.04901934814865261,0.6002011488227735,0.1664913919550004,0.02916615336623294],
[0.5764714291971964,0.7449736755154782,0.2307706142288224,0.027179907824093456],
[0.7511005683422013,0.0013728467034868075,0.23539491051930828,0.04813249587994037],
[0.041775858960665824,0.4904504545225735,0.2737823447396889,0.020167152810942203],
[0.5138802470164507,0.04889893706610804,0.22219594713406565,0.029324082035835593],
[0.6802625226797502,0.0034372524520376313,0.1083321582207517,0.07299830507951206],
[0.8982385987365561,0.2783002957016856,0.5453278971911154,0.029906720291248634],
[0.1989181786770433,0.36973728014464835,0.21393880867906478,0.06403572014088602],
[0.5101996186299473,0.6195179441777025,0.26676849824910576,0.03730515959360757],
[0.30500009952651697,0.12356874009620344,0.4525512190041052,0.030829680791567712],
[0.7718120432399702,0.0544481312312588,0.2204601113004916,0.03559481943138602],
[0.6631250247517494,0.3092565322770945,0.4147156016071578,0.024059289889211716],
[0.8037028007966283,0.7413055410489452,0.5352291637500665,0.021527859751171975],
[0.47799857485152375,0.0761102004623706,0.69060795758743,0.02515946957578704],
[0.6608974892260024,0.04547578730781432,0.46655998992478087,0.026466925913649547],
[0.9337006541155025,0.1039060752294273,0.6126842835252447,0.03703998077922327],
[0.8290075459785933,0.8025762908530464,0.363232602665433,0.021415506082867332],
[0.6286116132492693,0.9312842161480566,0.5338185184672034,0.02676071613814894],
[0.9365838034881896,0.37747818522219534,0.982477906160296,0.0412398265352724],
[0.9052170471506311,0.3922752147479679,0.9274629284745435,0.03581203072410554],
[0.3208679631125396,0.20292141427431376,0.6222458458298109,0.02206957468557532],
[0.7580696588657505,0.7653619155111266,0.6308770378238727,0.03409880298997322],
[0.7560159929590813,0.3633293296375055,0.00790970470829866,0.04294829923661857],
[0.6889308277389038,0.40747608686701975,0.21690786680729113,0.02767503423203873],
[0.2636484402259227,0.7565139855189855,0.7262568089493469,0.09545084762426453],
[0.1716232451464318,0.23445810957039726,0.2415909682290981,0.023184899305553452],
[0.19287420031942626,0.49459557554227995,0.9668811845302053,0.021958400265207324],
[0.6037665011279155,0.12503480303726666,0.6289751234435641,0.01941840780537727],
[0.2980203909249134,0.40477874738593445,0.2615236211044395,0.021931202070893198],
[0.7481862383325519,0.5173113238337625,0.3662740190663297,0.020341316690940227],
[0.4497106603528981,0.07290427793054388,0.7380942033490482,0.02594354159361345],
[0.47284744464537753,0.4594190046204999,0.6164125141715646,0.018338884152583793],
[0.6114909488621663,0.9151915683010533,0.6877822936162966,0.03816044439979138],
[0.9615405123550828,0.7630668005444248,0.29595562366220596,0.06766893962069588],
[0.4308564280439544,0.39877975501418683,0.990139113714372,0.02308782246811812],
[0.4493502569599346,0.508844712715965,0.27464175603517793,0.022448195391651944],
[0.7433773829691692,0.5838976380549914,0.28805025219716673,0.018081356167708708],
[0.477568004076954,0.5490494839387663,0.24064939725696988,0.030593887862232057],
[0.906506777250059,0.47751369438003033,0.37716377386894284,0.022876109936043477],
[0.8285557767441298,0.8823884018797952,0.5890800456985813,0.02014474040749846],
[0.599232114525004,0.8734082264697473,0.7051027209515744,0.01781694275286641],
[0.9319375103981895,0.6894415603793861,0.5190788415938972,0.022464254978990024],
[0.0657400468425603,0.21869790046377136,0.3385107803829688,0.04557810904755179],
[0.23715853828033207,0.5774674460545108,0.21766662364854217,0.03742923082486281],
[0.197540920070023,0.6173336772330725,0.8479492961270642,0.045959069679137626],
[0.8990625308167963,0.016354854273357033,0.6662809785579915,0.07186512396663511],
[0.5396237731363541,0.0271994974853359,0.5434001433660371,0.030062796295463844],
[0.5180321272020767,0.9159624773681414,0.47244824107843586,0.027172329194811384],
[0.48342228854357794,0.2563766594007769,0.9125702210820857,0.050807843314947185],
[0.6954014385355314,0.5643110907569033,0.025845326986589034,0.02573091912055247],
[0.27013604326066587,0.3309067992614271,0.09233296596894458,0.022796352655642345],
[0.6057799162619475,0.22612206407858992,0.3773126283753784,0.026402366505325757],
[0.6079069452764435,0.7604922435112895,0.1202879179747447,0.020409585814364598],
[0.25839886419002933,0.48355673664945076,0.8963385183576639,0.02737352043853225],
[0.6164340387141171,0.28784070806944906,0.6857118070078335,0.03395501564174812],
[0.6146259673337578,0.9233843557501045,0.9892754763518254,0.03778999985957375],
[0.4691727404782855,0.2981354626097782,0.11008790078019726,0.017841971907523617],
[0.5088956295195558,0.2631856370619995,0.9776118899770523,0.029464472420161814],
[0.9197202904682324,0.98468828487139,0.7019090820707943,0.03886468872061778],
[0.14937444531527178,0.11670436561539765,0.6070503714562657,0.027451427643228485],
[0.7650998490457559,0.3737208092934493,0.4027868810249594,0.028926560998564624],
[0.04415962723968225,0.18328514550685182,0.3838977804549464,0.037787679522815046],
[0.7939631214667469,0.5682814213122789,0.8779559349119538,0.023363378122727513],
[0.5978685749870903,0.11990951048446152,0.48707053597585537,0.0221900127623407],
[0.001636352676053332,0.6155328216008261,0.16343270536539722,0.04202645603566086],
[0.4656260516653937,0.9763661758071932,0.7658259293463237,0.03276392890318576],
[0.9027955833271002,0.35013733351185106,0.37143241264078386,0.03293183067829542],
[0.8057209589142682,0.3085662693049651,0.5394854209466158,0.0172451995658889],
[0.8409542616324396,0.6680541751701643,0.7736149437849167,0.07783724903157069],
[0.48691185850415075,0.23164611043442396,0.6770068222967045,0.0295639859556125],
[0.8820906292061513,0.9325352351904321,0.3170846243861103,0.03884937336096215],
[0.26126869182487644,0.3058209787880751,0.9143407865884634,0.09263302805359391],
[0.38587819258206035,0.9693677417112387,0.6279374033359866,0.030953804480847606],
[0.6352453836072215,0.021951322889445346,0.024700857334734372,0.033434732764066485],
[0.7290295248760852,0.9832554567514317,0.7515638005598209,0.11467816542486998],
[0.5974097182182219,0.5054970570670329,0.925057987278313,0.019042941319263033],
[0.8155295634345966,0.8350888555974603,0.3670649509927719,0.019632149394612455],
[0.5325026400601167,0.034678431974053514,0.42109999067945136,0.01873406274834214],
[0.7743191010371745,0.3390844974251277,0.4500353906208807,0.01990034015354856],
[0.30844852084621355,0.8733894761921758,0.48408197530297703,0.023584639233775143],
[0.39897672381893046,0.6442340672790574,0.7250164487707302,0.021754284977985705],
[0.6876280535040235,0.6452374081140541,0.3096007639045726,0.05189741047062238],
[0.43858077948251695,0.3121938456430874,0.14948847779036611,0.0200071533373579],
[0.22818431759910163,0.4704168522410509,0.03928960201259857,0.01742581744158022],
[0.5402644937117492,0.9832218072396173,0.33123145041922386,0.02254631741088592],
[0.3902507737264048,0.16790722544314562,0.49769830925480396,0.018640856995617988],
[0.842015132577407,0.9322681156329317,0.9231037797642184,0.049437517644530415],
[0.45030339083986626,0.4336480825594212,0.46138061052335466,0.025860330301560208],
[0.18956870892504663,0.24458157662848845,0.1515674908304585,0.01881378730200116],
[0.3054365208411447,0.2794004495440874,0.45759313670046353,0.02526546831705572],
[0.30652692642489143,0.6304501848141608,0.4666384098740157,0.020470946613234488],
[0.15834511805921692,0.08384521771888931,0.02231547268135814,0.07337012699400824],
[0.35553063109558847,0.43477483915720894,0.40107894918747977,0.031766139363090765],
[0.81872297022184,0.9295721640230832,0.5669201872039721,0.024495289343586767],
[0.47018615729152324,0.08845130207744045,0.7246128377279853,0.041790023804651424],
[0.33856974148845875,0.8864864977685406,0.7805923867695879,0.04220445383645306],
[0.5480424813971568,0.7972930814971707,0.47255194740886297,0.02307874735671204],
[0.9178638382731554,0.9846208506763473,0.9079858056221568,0.04138459683473388],
[0.8719872656966032,0.6286181707099966,0.6330298671649515,0.04010552140155166],
[0.819500600549938,0.9646795354966666,0.8677857598092059,0.03994141217671338],
[0.9175546870006847,0.9950715986909899,0.6506690644641229,0.021782364161866977],
[0.8399708279048496,0.23961316444029424,0.5800738567484582,0.024927068425190872],
[0.6122276157805464,0.4415799815351845,0.04090736150075547,0.01775486994599166],
[0.3882013670400213,0.4309443323095392,0.09408519471979715,0.028483135426730345],
[0.7588785387577631,0.1108863597963512,0.14513932527231665,0.026434230355079066],
[0.7004600982184934,0.46626008425418153,0.787090784611536,0.026029227321708426],
[0.06893614287907168,0.39425914945524665,0.7545677526382757,0.02925345881782703],
[0.730321813156896,0.3613614531803455,0.07920735871629092,0.01905194781954389],
[0.7475505540777984,0.8762254275226441,0.39400667591202165,0.040064224082944244],
[0.16721557627189687,0.5455468812872234,0.573783807871908,0.0227285408530711],
[0.40452447030992333,0.9553523438445221,0.6584300446162794,0.042958701289050376],
[0.14047157225368723,0.1420310201443996,0.6481008016247563,0.05725462199338599],
[0.23978000216207662,0.9717011039495558,0.6166535680177196,0.04886170668796316],
[0.32179735696363476,0.47571949459643703,0.2919681781049577,0.029374441966362963],
[0.8530728563012744,0.9869962628757997,0.9357922501550754,0.057453852280385256],
[0.6414108043213297,0.5421514995982598,0.9486615203544719,0.0227736185640652],
[0.27704705797927476,0.3252548179497833,0.4806040203789945,0.02352228619395881],
[0.4565190231022975,0.9223835041267486,0.5350444417207533,0.021454294966194977],
[0.0716843883114181,0.7711997692514392,0.6253447974011119,0.047256386308482],
[0.9977291791205177,0.827896297626439,0.6841359038678125,0.02834731947136713],
[0.5348346823477866,0.4568361486598369,0.9495336591330286,0.019804736560544038],
[0.5070755510902443,0.29755297332322217,0.5390158637294108,0.039261198993893937],
[0.5921232128028391,0.598556614564657,0.07981030437385939,0.021671212620936048],
[0.9322978608221303,0.3648912593648771,0.0863373524046841,0.040294109358643714],
[0.2277895233662105,0.3210581169316521,0.1519817397058102,0.0368983850354724],
[0.20684027403480743,0.6715874259494873,0.7853443911782719,0.08719847215896494],
[0.8418269277307395,0.5579511582287856,0.5702456968970689,0.022885972175498495],
[0.25182494894926866,0.3627366118789471,0.2853438372936823,0.032276419375036315],
[0.3234622246576372,0.4322768199781296,0.8741633110263723,0.01852293054390952],
[0.4058682026156395,0.5147687093695856,0.3407984683598906,0.030808881462962664],
[0.11788332998844075,0.5603527122110732,0.9802809038733415,0.03212850434694006]
