username = nchw73
detector set
algorithm code = VD
dimension = 3
self-radius = 0.02
number of detectors = 102 (from an intended number of 1000)
training time = 0.7
[0.9693115919258363,0.11852965206771915,0.7066659025177595,0.12433323652975088],
[0.06602204892768726,0.6677161105429711,0.2946366415938402,0.06022627404280223],
[0.1877079698884757,0.5771187030556486,0.48892002871946094,0.020538739129003353],
[0.6191593384814369,0.027263586343307833,0.8259559369387064,0.04594293266407176],
[0.6961271138529024,0.20500063419737502,0.07998320748112553,0.024211961026625577],
[0.6216965837256241,0.3490690105601444,0.6235567398308947,0.03836434296844418],
[0.40267215662731604,0.254480435622899,0.0030594350862034325,0.02927165121303363],
[0.028012858005949215,0.9018987160911361,0.5303818407890413,0.03307830817741411],
[0.25883166889891274,0.021749525421586258,0.5725533133973233,0.023630161774806525],
[0.40427982327061374,0.11466608928917599,0.22390831582789616,0.03291200405742761],
[0.5475768896220088,0.8915580402534559,0.5984091551485196,0.02347432350182844],
[0.2384597773852516,0.05447721789562743,0.06505539264934657,0.05387567173277377],
[0.17014589464960073,0.7317492126591025,0.7186976984824923,0.12762321772454524],
[0.01375474895743467,0.6062781529608767,0.1804539883882883,0.03416774390223644],
[0.2581827594701067,0.626216429628369,0.9359291843758533,0.04193421876195516],
[0.30814177822194655,0.9862745224939616,0.641253591208041,0.053447679495604083],
[0.6371536326497894,0.9603051357133205,0.26179135830734546,0.05703318144225267],
[0.6670439252400835,0.17631580890005893,0.7365497827608406,0.05390408334349911],
[0.5904391674875578,0.7873038092740979,0.6136445510134947,0.02486325548018373],
[0.9639247268467132,0.3028694450142475,0.3549968124336539,0.0735687745252174],
[0.748719217089205,0.16066075121679024,0.18273663216469793,0.05211601722630718],
[0.8261782746002184,0.246591578931311,0.16883974442287675,0.041373985781896105],
[0.03388344950281341,0.3044919848936317,0.9649350782773716,0.11620749333584808],
[0.15996942803737735,0.07297481033377506,0.0319650106883268,0.07450378024834915],
[0.7814230641546305,0.7504592567382058,0.9910530510517982,0.16699964970698838],
[0.2132437228802362,0.40801159228904704,0.16692391296206033,0.034379508196437425],
[0.134210000559137,0.03245420984976288,0.6957760612060645,0.12373020505576106],
[0.02309574138098547,0.9075738749521778,0.7197802295640038,0.10023164377274425],
[0.371036957122416,0.7511821669190173,0.061850304294999936,0.039561108960908975],
[0.9488753278659273,0.20911246668724104,0.9693402697867275,0.1889382964877167],
[0.5659674238534095,0.2852082691731951,0.06955595869897913,0.021590202680745674],
[0.6708445505504901,0.08280844537853427,0.8499597089766706,0.06584524444196391],
[0.9753659750873347,0.19983933524255604,0.5634283848538814,0.023394746846094817],
[0.5850297206292421,0.17429997000181352,0.1555844345511599,0.030254418764892047],
[0.6791762110695402,0.8925482613176456,0.005566982731194381,0.07672708521838187],
[0.13060185613893094,0.05396657798559967,0.9170376773693325,0.259865858085395],
[0.5123172783700216,0.26569875660373066,0.5732554480717873,0.028057053960912254],
[0.6816394563494669,0.6531552720214864,0.789839376856351,0.052612848514792976],
[0.9107352416456453,0.05545703092637433,0.8346434211757456,0.22898902454321715],
[0.11452364318554742,0.7686570463461462,0.1439433202778616,0.15375411401302755],
[0.8367206157761239,0.6879720960757395,0.7839603728664705,0.06653226132008305],
[0.7529590051347966,0.91791823183591,0.16980871085235671,0.13664105308389055],
[0.46586901960255855,0.05665024372216465,0.4801816236128187,0.022445766166824515],
[0.4105743650242817,0.22472363609621782,0.944198027393096,0.024349153051511373],
[0.7147629011146771,0.9051281406688794,0.9224099182385207,0.04097044380105598],
[0.7203316177677968,0.3840557143281279,0.5828143094647866,0.021286400609771616],
[0.7595071775236839,0.9122121196055545,0.3212816805936983,0.06277540618440995],
[0.7182713944435746,0.7697552480808607,0.7517141457717624,0.02708820267206161],
[0.8805507905399177,0.6394393494514824,0.8348466224675162,0.04280947711972735],
[0.4796418573027419,0.5501159261410349,0.9201396954387643,0.027882792860486675],
[0.3638110759386597,0.2948817074193706,0.022852444963760266,0.05372894226171651],
[0.8040779088500554,0.7634094939765432,0.6594027210268195,0.033421548964181855],
[0.8440085082174316,0.7980532255825776,0.24707518485962499,0.07508506921365672],
[0.6555842169585425,0.6482898647174669,0.634428801295118,0.025382308673114914],
[0.7003587720450573,0.6699709081914679,0.06507124843354839,0.06678338364360038],
[0.06535337734582292,0.2785956830622002,0.359519673855081,0.06098461176983823],
[0.24857308843314962,0.4132207929683279,0.3577031098216069,0.020676771044931635],
[0.03240574214668379,0.19053812750762678,0.3503579621960802,0.05441488770619034],
[0.12514876832598432,0.8563076964646156,0.7432786155646589,0.11225734138293848],
[0.964206821599223,0.7323273263295638,0.26287997719889855,0.10957223321683622],
[0.1426789906610506,0.30982965419503283,0.8428812781348894,0.07404128464475265],
[0.775464874480084,0.6554639838039623,0.14767060890448813,0.06640068076868104],
[0.6235619832238011,0.8399294932263163,0.8164224384641353,0.02589271280946286],
[0.9352675918642247,0.7566009468334652,0.8068723448246938,0.061192638384358136],
[0.11536842021912685,0.2610796856373313,0.6375072645025033,0.055459968756015915],
[0.3389503244892902,0.7259576374284256,0.6612966486646087,0.0562663142385659],
[0.37578554126531094,0.047290300921372985,0.03106565149297813,0.040344502154456965],
[0.9056231106575674,0.30392183070629786,0.28736372768224494,0.03519572636588081],
[0.8801442551830242,0.6331260072783594,0.7196332005178513,0.0313881544940703],
[0.9511363112159695,0.9780347395231579,0.20230178689001554,0.12912713776214424],
[0.03421252301378386,0.886143908664604,0.31126327111171326,0.08714884124921195],
[0.11243229211086125,0.9601592803245026,0.9604644211246858,0.24684384981993743],
[0.6717144858139735,0.18339489908003115,0.8625311034811249,0.06293751396699733],
[0.2855618767798278,0.06049540148054555,0.5848197895680469,0.033665545506786826],
[0.5856800821810938,0.8608783391021136,0.18815444449435947,0.030781542966052042],
[0.055022911979467626,0.5297959141365455,0.39726603223820844,0.024516092526434472],
[0.5864803360242451,0.7346360474593318,0.3693095015962723,0.025909831933638622],
[0.04307730392422715,0.6047751145852154,0.6642996184060705,0.023957302974947702],
[0.7166558615725513,0.6166333915021216,0.8528421440428959,0.030608274712585943],
[0.5670957790442411,0.2669366525226111,0.8662225165665053,0.02875831469197083],
[0.8037115259625819,0.36704316901127343,0.793369153923811,0.03548048893888765],
[0.28096400160900226,0.5919575307016327,0.9040117037515475,0.03578259239408345],
[0.12625706252782176,0.6039962873164421,0.9999122920725039,0.042855383332885064],
[0.3393897092865049,0.3078042082497169,0.17356759260224108,0.04072561623650452],
[0.1268628565427924,0.2907836684930083,0.47024617141961844,0.02003831557954529],
[0.8796748718025629,0.3617049498700867,0.11743122226574498,0.033343739100563985],
[0.4495482835097885,0.5082635592255793,0.9894342219273328,0.020318579272605063],
[0.7298063526454454,0.767161300435367,0.7783234166353558,0.029122333954655907],
[0.8733620216328591,0.250881018343055,0.6731956992280828,0.0750123652744407],
[0.6813300482600468,0.8301014055195638,0.28688090670063615,0.02079299891972883],
[0.19514213529414715,0.05018779817645502,0.3623617133441521,0.03568242829921281],
[0.12489487166142244,0.9220954863638806,0.1876383361760665,0.1469308971752739],
[0.9096236433128193,0.38958328536084674,0.045749789804376495,0.02853058452737404],
[0.3886823959262512,0.6273210382822075,0.3435593428844854,0.030820591495988887],
[0.6669770343870756,0.1858105048115577,0.21335014287163157,0.04133093333073641],
[0.24746159945615853,0.3282951606143555,0.9371475896464158,0.06561883854136732],
[0.7847447573521941,0.3913024992689754,0.8324338542041763,0.02026768771190941],
[0.23189399759023954,0.6724970948096931,0.944771648629782,0.07329072611678786],
[0.8700606170074291,0.8042987450359108,0.03247553753265431,0.18808963600730735],
[0.7869915875365553,0.9828126348796429,0.36619099517058784,0.02450931190558917],
[0.6220472389365157,0.29694620710985975,0.6774957822618267,0.02616683632930186],
[0.04763865704002512,0.790502825968764,0.3530369445293794,0.07674673024017224]
