username = nchw73
detector set
algorithm code = VD
dimension = 3
self-radius = 0.017
number of detectors = 1000 (from an intended number of 1000)
training time = 6.9
[0.5966381751091161,0.09284449045938159,0.009957879582478735,0.031907889935142236],
[0.23902147262831108,0.9817087706808485,0.8100162051873381,0.1255115064532858],
[0.5865581198755658,0.7030194990056015,0.314855641743215,0.03274321103071591],
[0.09644636872835477,0.08249301982451118,0.8701849022956195,0.27330169893940875],
[0.21857409130499594,0.9937548721073195,0.3113375635371245,0.07609915543925375],
[0.07249903084682907,0.9683802126590639,0.28547353041990187,0.11802623388430951],
[0.7076514649390673,0.27768820672258254,0.4908531973196354,0.017797719524842597],
[0.5066460616699329,0.12815760822482825,0.15705426325502903,0.028736236673973382],
[0.7770078618089374,0.9982197966549632,0.2543833053727651,0.0630402956337062],
[0.9949869447905165,0.9558708687496628,0.7854115656005354,0.05449258231179445],
[0.8425838584079685,0.9002342237996513,0.24711600332415184,0.06786125182450327],
[0.31954809065827516,0.3904676578280041,0.5613459903091064,0.023898228643125026],
[0.14527065084222446,0.02162678503185622,0.11392808123720788,0.07907944666899032],
[0.014205608500923339,0.18542968041534658,0.30213522912980617,0.051286567075955164],
[0.18148839480972456,0.8230499620239535,0.8637671758093683,0.17685637795486348],
[0.3838451213099766,0.1739863281911992,0.8949166823088296,0.027934894157125648],
[0.005004358585873003,0.9158368954226583,0.7960568982857096,0.1805600337988036],
[0.32570660279549224,0.4351370301257702,0.13178548717205374,0.026808142590554605],
[0.7366145911576893,0.7799427697407675,0.9267753975281573,0.12998410035788083],
[0.3620126902970343,0.968227138451728,0.8580613533811767,0.04011031302986088],
[0.6067136790240057,0.3173550511645815,0.31967478479607414,0.023865962540294355],
[0.4349447424413141,0.5353546079232316,0.3951762834115192,0.0329412991390346],
[0.8304997922583879,0.3388228301953653,0.9260421620138888,0.051199593859293194],
[0.8356124345335206,0.3790123635063767,0.32746578064942644,0.036218883434704516],
[0.7260424656624447,0.9576568557497509,0.9017920128730057,0.05189760570706643],
[0.44124262844499573,0.5790292639210762,0.999959635310574,0.028258215625681447],
[0.7976736798907439,0.7602824419985047,0.1755285018938837,0.1528188725192025],
[0.5947619580348088,0.2610703775040102,0.05307692445409118,0.03625522862756589],
[0.31289093035589555,0.31720401067392723,0.012459014165390414,0.09566999412282486],
[0.03196638375697369,0.051994848742679456,0.14132067966488815,0.09049829329546298],
[0.6318027322916144,0.9338722069264539,0.3009063491763291,0.044286951764114346],
[0.9939285155472384,0.15433752048616378,0.39452183852367584,0.07011185323719706],
[0.3482794246821429,0.27211939485418113,0.5466840115589456,0.020695121280064524],
[0.04333911058859241,0.44720049895527614,0.4298646789573862,0.026720713180740534],
[0.9793152478280538,0.6808719002811597,0.1609465040164576,0.07061676798259978],
[0.5091989210049259,0.788212914228027,0.7941103514881984,0.03167328691175433],
[0.7743129936403599,0.1932147485904112,0.02432702704849421,0.02106356469621249],
[0.6192247816283786,0.39952646690595783,0.6394245571246604,0.029665907928814864],
[0.834495662662645,0.2291936937110236,0.6379087620175745,0.06591699194849532],
[0.34922443747525256,0.7629355731722278,0.47254343046082725,0.030280972219304876],
[0.4136372885089048,0.025109898155110888,0.19191871011988682,0.03363491053970623],
[0.7854130824587486,0.5004969007854189,0.6678728215910907,0.023201455721419753],
[0.8173107605599634,0.6601525747255076,0.6224574262072788,0.0537615239947751],
[0.11434643372997666,0.15457499517957174,0.5130717957433951,0.02179434506671831],
[0.6752251668757472,0.8531668893440832,0.06287174453838795,0.08680256680615889],
[0.10981705621971338,0.3643705656713815,0.11392906100199385,0.03086247891261154],
[0.8734051962972612,0.17267856800615244,0.3121660145108245,0.026460586695530877],
[0.13374675743581443,0.6530007510895492,0.0018443483184596987,0.0860907262265541],
[0.19707071469559,0.7930286593175297,0.05192546567314016,0.19420183493991794],
[0.7004568815908824,0.20115170429618356,0.1570928074928758,0.057555584217695854],
[0.6996630509137497,0.009405550857164324,0.7395035523646133,0.10098066812162669],
[0.5908266154708247,0.4095357803713323,0.44647547713118607,0.03040458424235997],
[0.9732612825734861,0.7132455547365328,0.08575977113322797,0.12333552552762499],
[0.9206384352264025,0.6183469828385406,0.1960646895880992,0.02087232028720748],
[0.7937626748394057,0.6547619348180189,0.5292025200805062,0.018568307609801306],
[0.4439181010764709,0.5551503928300965,0.0033145488253006894,0.02791843781581234],
[0.1272992767397505,0.38445405529301235,0.06511639094634725,0.04573133121845656],
[0.49184347300981623,0.7523048075137743,0.4689062764721196,0.027154310987983335],
[0.09474479901616029,0.8889249366654418,0.4298461427975152,0.01980913784025718],
[0.28796200760775226,0.4377258384707333,0.7240774865314876,0.036304623307876524],
[0.9083894798916979,0.2641093883552331,0.09747483004963331,0.0339955536729373],
[0.9921673747733472,0.25819256735666685,0.09382365252549951,0.08782016458383582],
[0.015052703831471947,0.697291970372264,0.6451227569304878,0.05704404357046726],
[0.42638210061059945,0.9757843821571215,0.8532045208371333,0.021220313816320134],
[0.7773066534491571,0.9694038624928137,0.38262603474555623,0.024947714625389625],
[0.9689082817683554,0.9931615635449245,0.6865446379685662,0.03565234848058388],
[0.8040374877790303,0.2635834046691602,0.11087589448682422,0.029128004807206134],
[0.608796542935616,0.7050446290263124,0.7717117479799516,0.04514565809975712],
[0.6036175603753166,0.8656672125502844,0.2494238776026788,0.0395480642638052],
[0.740462124392961,0.13091028974128438,0.7269721295696795,0.1211554891384287],
[0.15740109547330772,0.18833443006574968,0.013534671353836236,0.04724213252393761],
[0.8859643795101428,0.0030813063200908486,0.18420950330033414,0.07386163278011082],
[0.7867094081721044,0.5741014236713605,0.976944840606796,0.04415953612944718],
[0.8008209686653925,0.41050408028681806,0.7368717631834513,0.02469619452723868],
[0.020975206029858917,0.29823416783872203,0.3417346050611807,0.09097607683812843],
[0.18250400631835995,0.43823645120939647,0.8120479933911497,0.019552485840800764],
[0.29203752802382255,0.15223507975943562,0.6273678981191289,0.029518195173539076],
[0.3816337082110114,0.3625672932910565,0.7656733499619873,0.027983174938059262],
[0.8942562076834335,0.6850873532118529,0.5557970248801615,0.03568400190120669],
[0.845860974297382,0.22289425007981323,0.37318238027854234,0.032645474074443695],
[0.5155348653470124,0.18852430199196357,0.51364938246315,0.023912550079009623],
[0.398950504860179,0.8008436155641937,0.49155822451667497,0.017157686780039455],
[0.1909235582053984,0.3395892947207797,0.0030311580060556897,0.05570507186797534],
[0.6587478617256768,0.7903128835240424,0.6352316876994638,0.025116193769362583],
[0.8534020243159234,0.20368410307421925,0.8726184356227322,0.18914790921643482],
[0.4103459785964175,0.46375759193247035,0.7760229114041077,0.026923307233782],
[0.26888773871888505,0.5719437768151213,0.6604417052038882,0.0354296405825077],
[0.8352109717337296,0.005750075712585123,0.9293015100676515,0.22800677969320737],
[0.17896713069802683,0.06942789222040902,0.3159568512777202,0.022831365711529585],
[0.2962774277414787,0.28429063043651337,0.1766870350450227,0.01839111432732879],
[0.40523037782736127,0.9769471254076995,0.08441864748321815,0.0255060262952206],
[0.69135911558009,0.8334726705475344,0.5748940788358461,0.028959984759594097],
[0.6645524114319391,0.012511133338388492,0.3723528801503725,0.018204588068110372],
[0.17478192680134574,0.7130034678986148,0.5962264018354159,0.04077290777491999],
[0.38175290382659877,0.1606973359869437,0.3191499319971792,0.020446350421387142],
[0.014287082385022964,0.6957533188248126,0.0071789624085791814,0.09549484312795516],
[0.8920195192294713,0.06741592169520239,0.32354706794144295,0.07024143542197951],
[0.9592546724396476,0.3909237359009614,0.31668549993407025,0.050306790720966665],
[0.8535695885136062,0.5618189527416962,0.4395877039162541,0.02547562518989529],
[0.45426113513155675,0.5365022979119137,0.6331506927994472,0.024910482254207368],
[0.9217476921406911,0.2627700566697969,0.393739056073254,0.03018924588985819],
[0.1418442811599806,0.8323235364190825,0.29259946612164034,0.06320372500820338],
[0.9747067496627125,0.5523277153129084,0.5082595639951181,0.02757270824526805],
[0.2930527407322907,0.09830018488064518,0.3789529348835401,0.03542273317722508],
[0.9484050479806322,0.35716119019736636,0.7810188997173021,0.039096295514551155],
[0.5730435481140786,0.8037788852380131,0.582728976436661,0.03591069652544068],
[0.8398288346588128,0.7194281511892171,0.7800573037876553,0.07123820714153244],
[0.5227382221768604,0.2453366414882895,0.9354099183436163,0.035666835362091656],
[0.6957452587532178,0.9359622292102714,0.5661327495993738,0.01989669913812235],
[0.7933893707476589,0.47977765480789847,0.9424356729738074,0.019702681439510573],
[0.3689678678621553,0.06476854456585379,0.6636948764247544,0.04928416403070819],
[0.03227460121600889,0.5934469142805253,0.16914062526973062,0.026880609116687992],
[0.17019287585149057,0.9335320475949247,0.3717803485843164,0.05593086694577466],
[0.6164951510794234,0.8196708993396307,0.6095671990746526,0.039478366395703644],
[0.9822748849898744,0.9780218552874428,0.13358620659863785,0.19564182966178723],
[0.6194877887724578,0.33780777076212787,0.46863242300198404,0.035443158665765494],
[0.4060912747133554,0.7954083496216305,0.38988922040368623,0.021146557094593253],
[0.6474129793890514,0.866989147668768,0.8106383945349086,0.02835829776950914],
[0.8829497253358995,0.4601272114401176,0.42476456199795765,0.02367914770147707],
[0.34862821276370104,0.8215088347180554,0.47846981276389855,0.024147330792941395],
[0.8580337632810865,0.7070136514164205,0.984914860102757,0.12347567550763046],
[0.25497945629441376,0.10841570937561851,0.6043053717135468,0.04307304085131255],
[0.9913122042290824,0.37151845065402567,0.9024409833914473,0.028724747441930328],
[0.4038859916856291,0.39179308897367426,0.9218488096624055,0.029256563274195985],
[0.14163835639909372,0.2980357386606396,0.6949731845985867,0.10076085144710814],
[0.416161552489945,0.9640731112702295,0.3946106889694072,0.03303550831480309],
[0.6754227152349872,0.615122798083078,0.04462182564605399,0.03812681827112777],
[0.021316368981499467,0.14361592174623083,0.21657118837113953,0.03734803110456742],
[0.6299334989941118,0.574197086046956,0.6624085044313296,0.023281160740359137],
[0.7656770089607139,0.29478537727248766,0.010281756201339198,0.017482123696263778],
[0.8355462591898137,0.9011820784218773,0.019619373901800796,0.23514443084155223],
[0.3988986828706136,0.991754767345357,0.6665584045483878,0.03619430256648002],
[0.36741003772777614,0.10698147212937992,0.20000122542646182,0.037143539949207736],
[0.6780697002488546,0.9768500315052805,0.7495449290145801,0.08200156520734474],
[0.3936596442547994,0.03577780385098983,0.5203200382381526,0.030388291832519045],
[0.32315535589804667,0.33729951438365824,0.4025169300665258,0.028956697554567562],
[0.46714704376117033,0.19715115719616483,0.14860106995680378,0.03118130601400851],
[0.2597256574867206,0.3592369681166159,0.34756574599685075,0.038129508250999644],
[0.4775824411401186,0.33753734515831446,0.9476221127596829,0.025384396289530535],
[0.5658026054154464,0.9816758998524827,0.7745728618020582,0.017696372674799704],
[0.4198053031039314,0.1829842002200226,0.8105553234345423,0.028597041394351555],
[0.7465075374324154,0.7365423042394701,0.5369043473250665,0.023631985592076098],
[0.3220657992398548,0.6348259311957851,0.8498073802838557,0.07062035745958511],
[0.21036178527268656,0.6918247666071582,0.4230562710250202,0.019480037785575166],
[0.5666849519734072,0.7776008975358721,0.2871817135829545,0.018153872569116325],
[0.571795313882272,0.662052874398674,0.8740454828648485,0.03347166550235495],
[0.2793027749958201,0.408239260606295,0.39628087662041267,0.03163113976622754],
[0.7358605943584835,0.06983632212117397,0.35309121901401874,0.05639328949342853],
[0.5833149291902793,0.2954274370416228,0.5604328199026428,0.02738755642711415],
[0.06281184349617397,0.6038243174085144,0.6809115201700362,0.028952479483237023],
[0.2316756228117136,0.3365938919246966,0.9230581170759034,0.06399278286454275],
[0.7361485782366481,0.39407037540817746,0.7989813495473023,0.027290730415953],
[0.4394804753766792,0.8415027961576456,0.32951590328091485,0.0310526322072815],
[0.6940429731412955,0.37334753130388953,0.4106034672584946,0.03799144942464867],
[0.5995454938056269,0.23397440777306255,0.9280793598803605,0.02981735861538922],
[0.8098950290608529,0.9108567783244621,0.8561476226986874,0.02104030690353828],
[0.9224487428226448,0.16000280051396887,0.1328192430317695,0.062118519122015034],
[0.5237652343658507,0.9913765834103241,0.5204362942462997,0.018409048371551197],
[0.765931618757037,0.41624934240917844,0.4013717517379618,0.03044581560664056],
[0.34471995286134816,0.19680578761681156,0.678792494224992,0.05125693281772083],
[0.20616913853076613,0.17709510750446888,0.5886775820195561,0.027601069411432394],
[0.43056842476367607,0.046252547303574976,0.6796301044003776,0.049119611369903796],
[0.6360596761441873,0.25841896135054876,0.8057140731076512,0.05054964690389681],
[0.3134252263469586,0.2887727694147869,0.7815291780630638,0.09378465674533937],
[0.31651563811891326,0.9869918019790545,0.26592487719189883,0.054031243107867805],
[0.6411191185315098,0.9750531952733325,0.9497496003355129,0.04094728929813627],
[0.855132472875935,0.13097947941220456,0.4522361605418663,0.026225125235396163],
[0.18453611377858137,0.3513296354012586,0.8793444418973675,0.06732749067964887],
[0.6086917245533656,0.5325094004923776,0.05253216616007084,0.03042135902530583],
[0.3921728378603997,0.47893645599810486,0.36643112405617506,0.02956605534219179],
[0.32417346002729663,0.030670414030769422,0.0696221670845979,0.08895699957515532],
[0.6215340171417048,0.8337032908978145,0.7678340593324625,0.03453167556521039],
[0.41036525015380354,0.21264909375044339,0.25878031302753035,0.017709504934068025],
[0.9547583695422994,0.908623814781569,0.3995436556922779,0.02852282526194365],
[0.5360467404890812,0.014778324835101553,0.24300066997533287,0.026319847714846252],
[0.7191861344700727,0.634127236043555,0.815965150100167,0.047524347787622795],
[0.7612714442675101,0.043085216413167315,0.05517419779998056,0.04269710470742763],
[0.6761799148581153,0.6735464033406423,0.734062399033911,0.03614745458606124],
[0.7971295954802662,0.5269628670818524,0.03582054774678556,0.03475991074954333],
[0.00913746763014156,0.14791011331455384,0.13228781624641295,0.04529971902451864],
[0.72749770898632,0.5485649985128765,0.7575318319365043,0.025119498890215045],
[0.9894627466058151,0.9542183234199111,0.44754692367374493,0.029654223234052632],
[0.33225614025092165,0.34642910723848297,0.6694717546608648,0.07025838386618576],
[0.33983828439918085,0.62924372189022,0.6439596204957143,0.02798312943226068],
[0.736728670482271,0.37490760275619184,0.9028419035227891,0.04343422649430645],
[0.33713091390829086,0.6829920398308534,0.4115631152761511,0.01834793092890842],
[0.42034902438286037,0.4136357577972205,0.442947317907321,0.032224176460512205],
[0.6124579591754752,0.1270192956251993,0.46956365162526303,0.02603539438717451],
[0.019110270352043268,0.8232771053670757,0.3409861572177205,0.07467164015700367],
[0.8366680744082055,0.9654359010903947,0.9303045797020296,0.05445615821264764],
[0.25609998530163536,0.8397752053251741,0.6411459673356302,0.021546062096585723],
[0.29756144008621577,0.6050587100442774,0.35573809376542487,0.04587863195793458],
[0.8645559116489383,0.30543654826769673,0.08103853171782383,0.04232295917055598],
[0.6743059349581629,0.7400375776641133,0.7426239628157503,0.02728259606220962],
[0.22287059987155022,0.3228537109901529,0.5479343221555746,0.030332026185981055],
[0.9867764087408293,0.34524901453866874,0.17720542219030644,0.05017499439679339],
[0.6107239735574527,0.00686344433560615,0.32997239800635936,0.035790580792282777],
[0.8785896965829784,0.6944188181492178,0.8582681760307312,0.09276326919665671],
[0.039439043251423,0.599515818905486,0.7052562318915939,0.034252737039548814],
[0.21451435813090303,0.7136579560945228,0.23651831139653035,0.13507050051606695],
[0.7250603474256189,0.005500191736798166,0.41996320039441015,0.03292669186925705],
[0.2520246834816734,0.6443170588534883,0.6029814065762434,0.045661149353860245],
[0.6367491784971581,0.016496560717225717,0.24634468123699105,0.03977560479147199],
[0.5581105221348209,0.8982413300024958,0.3125351383425662,0.027228462233261287],
[0.7201967084277466,0.6228340702092615,0.4381860328900308,0.020301910761132372],
[0.8653151945426308,0.4446498120744873,0.6479768490138621,0.03193977365164182],
[0.4890065353521247,0.5503614812752812,0.10810473545356158,0.01758922597957646],
[0.18575021906903255,0.5139365667422896,0.5812062277971718,0.018904863701433836],
[0.18101582376767478,0.2510055513849373,0.1819377215837935,0.0210872882693435],
[0.6838153872331798,0.010440010727471916,0.352969288961296,0.04277750892872039],
[0.28651280330778306,0.9740639902848313,0.21454076813772638,0.052568884438979016],
[0.25109010781837715,0.30408189818772025,0.6786698553001043,0.07839584869987436],
[0.7859220234749166,0.5607948640113025,0.16341638220914856,0.027712775492230918],
[0.462041227442773,0.48518857746730615,0.41416074303867556,0.018642673059369362],
[0.24387859913132648,0.8309556444086543,0.3762265466628939,0.02806478023875468],
[0.31850113956440196,0.6128068070838879,0.6866766236366457,0.03568911410951332],
[0.5350404040134513,0.904375377277524,0.09464890890338573,0.02498568635479273],
[0.38166875521947685,0.6460730857620729,0.2199137201764222,0.041331986169409425],
[0.9422717963635213,0.8610939109489967,0.7358450911890526,0.035837677160990906],
[0.681201551437491,0.3464393862791918,0.984695274216448,0.04609698652701265],
[0.6771427317934617,0.005728850681474551,0.30079086700928936,0.05047336842941792],
[0.696246707340943,0.8720992797865139,0.7264216057193998,0.08143046922907361],
[0.23869299370061148,0.041712927558004265,0.17974125087401183,0.042761793663612976],
[0.3307410529970911,0.7198407014244618,0.4568498228668628,0.02094081479727914],
[0.41572127285632343,0.3512739071373562,0.08406838687575868,0.01833867616645552],
[0.7025707085702441,0.041679471129069556,0.1305243979110443,0.03948114627758043],
[0.8811653874133031,0.2866478371949335,0.24238294125889825,0.0240312626883541],
[0.8467807369861066,0.3182389034704126,0.355732586893016,0.06089508959819402],
[0.5338003363692406,0.44076512392666034,0.7908201846174641,0.01857864086938],
[0.9610715482272761,0.7207590990817349,0.33981268055151437,0.050148664778468466],
[0.9751859934310055,0.4088173576097084,0.5011621756519675,0.03463938199447855],
[0.8480123718511895,0.24313290695116996,0.4985517173641093,0.024244156934572145],
[0.04905084801253601,0.9066899904791037,0.12827289013776555,0.24196030795958373],
[0.5947573113129339,0.6599711381373592,0.5856538115219411,0.01724592182533493],
[0.6743780566940947,0.0651808254361973,0.3191751923551752,0.022707292349893847],
[0.5703745883501187,0.20589336630293287,0.005228221763361018,0.03276657587229116],
[0.7023258655066229,0.38163727018646854,0.8438836028177669,0.03979980854650083],
[0.5669865417410529,0.8229428091206162,0.6251902795274422,0.01994264736085695],
[0.8695022709946781,0.7671265034329339,0.729100371574815,0.057998699209159135],
[0.5114058252777343,0.3622717821134711,0.8265750556233279,0.023966103978259663],
[0.6768097940547523,0.414071924277588,0.830735026934584,0.023259161313319378],
[0.4765650141819141,0.8085687634524813,0.9283589348586638,0.0371837640868686],
[0.43429069407177767,0.4832072170652906,0.3061973202166016,0.02151108742821442],
[0.32257482074963506,0.3219861761698356,0.3600182523431703,0.0634321079657754],
[0.3356209395930293,0.06654832231444607,0.6269794526861641,0.018524334405370227],
[0.6159420912426671,0.36872202203988713,0.23279097757012002,0.018532842478174882],
[0.32246362604522893,0.08254719183028247,0.40683051678517845,0.02726638215295161],
[0.2711266248618369,0.07662115586326834,0.23692136302578237,0.02971639296309654],
[0.3319266590200458,0.46606969820272814,0.30650397646064,0.021942641778696155],
[0.551548916160338,0.34517576716425613,0.5636249409275289,0.017663108466752245],
[0.853776528222315,0.18825582166684252,0.374087340450184,0.026088543328192507],
[0.9897765381714414,0.5058452839185199,0.6433039476763784,0.03162940325244366],
[0.9982625773097684,0.34635414851834,0.9899652745807725,0.07434405974823995],
[0.38365536496243535,0.13341627378346332,0.9325293935810014,0.01932149557425291],
[0.029468908441768638,0.7420315837463451,0.9483549079991366,0.14140679038845527],
[0.9997120052699717,0.21771399340832764,0.28293012299808074,0.07945474052712058],
[0.17514795854368959,0.9698865798061681,0.7004225903662279,0.0973384820351524],
[0.34893833139026653,0.6575207435167817,0.019837046063913455,0.05666664900436222],
[0.13534162587799514,0.49358628154501516,0.3253720531052646,0.02159819769962],
[0.647323478839604,0.6387050408450426,0.29340759144571715,0.043847391128214584],
[0.14092841208227103,0.6804649045776213,0.6278121489198952,0.05600755535985455],
[0.5235242407366609,0.002165990088423664,0.0030834666018306756,0.017379659573517378],
[0.2882686966136656,0.9525576917301525,0.9385122921806668,0.0949571778942561],
[0.4412365197742101,0.9395996574441732,0.05797804760684311,0.018369052908255384],
[0.03421018809571563,0.1540739198706217,0.06898013559422134,0.07796587683531521],
[0.664600502413915,0.7349354331864865,0.8138188227588862,0.019582992495173396],
[0.8808329236151013,0.7836108468773662,0.35334458045840367,0.05214573448308829],
[0.21557393204721587,0.7482684376477112,0.6454600528178672,0.06757271241084312],
[0.6469574542333393,0.20896552598085816,0.787045688898334,0.06454100270352411],
[0.48619694109060796,0.4158566451209479,0.34721758944586123,0.01884632150632041],
[0.45312511954151635,0.30538988162283054,0.7967570526428586,0.027929921363938882],
[0.9980492937431044,0.3552268052879841,0.12414715157130596,0.05742123535058165],
[0.6402909407283192,0.9430560410099965,0.36730047495615104,0.04242404812314812],
[0.3509464085730064,0.42837176174812885,0.08477437192968351,0.04124248220930181],
[0.2999835757658561,0.1267043266621234,0.587336467980425,0.01794022839089922],
[0.5813387568391288,0.9027965597154974,0.9175498708444838,0.03197119215331577],
[0.36999072375637376,0.7362198709247585,0.8446348534714453,0.03322095009671851],
[0.49666528612656213,0.5053771144489604,0.18582187190780997,0.024291531554687773],
[0.4764835296413581,0.4681130372025666,0.8518185606156118,0.018197232242324717],
[0.816562498728008,0.9432944327016369,0.7515290521083001,0.024465806948283604],
[0.4408462516486361,0.9066321638520479,0.01458976568681003,0.0395595771468561],
[0.6841761520561066,0.5379869759111704,0.7355585566116545,0.017539362390769586],
[0.8984944454258434,0.7332043576906887,0.3920503249819589,0.03206314125139864],
[0.6343345336584777,0.14758788536325684,0.015028871248126907,0.031984972914225196],
[0.12933048653174062,0.8219480352979496,0.6852478963130103,0.07914311219255306],
[0.16657121845818834,0.143172919660967,0.12014541918053778,0.024442961981990086],
[0.34398642308309135,0.15922878792640194,0.7280187932263148,0.06274773546912181],
[0.4305209060722429,0.2869434595467467,0.8471327445683235,0.01819144746178035],
[0.612197572512502,0.30256896142007905,0.4770705940122598,0.03586026956447182],
[0.7997208577220183,0.375639830246865,0.9989125457202358,0.059037857334814925],
[0.7428218169693352,0.24723537839299325,0.06405257680542908,0.01974497243079819],
[0.9377176318199366,0.36807392572112385,0.6928942257171499,0.052735942368659056],
[0.6723289107468143,0.48828862767886705,0.06760793392825004,0.01852671413698194],
[0.394309177656643,0.34228055053586504,0.2996360604183643,0.035769582849202536],
[0.5709893527404875,0.3013227385884818,0.8468724749944957,0.022529525638920328],
[0.5614652363715837,0.9987843830845843,0.2076921404035479,0.03377211551135756],
[0.10910755528209592,0.6244016030286659,0.8653373112533164,0.029554012057907315],
[0.6128387083426443,0.6915201523075691,0.9872097231622494,0.033836865158891796],
[0.9129446393727824,0.6798050685817321,0.38929051078124377,0.02283896260205103],
[0.5131886190867093,0.9293258127113705,0.46947681027631794,0.02124223336400815],
[0.8206901025124023,0.3842813692701016,0.48226937287663896,0.020558904431908137],
[0.3820796100206224,0.02701133504335884,0.8058230565538762,0.07196579433159525],
[0.02981678356769446,0.13790712115349335,0.27381022943743716,0.06861449098023373],
[0.773814522680414,0.2619108475448618,0.3604905266372411,0.02266208301222951],
[0.6702174477739687,0.4621773361694367,0.012101977575563971,0.04166226435035678],
[0.7346790681413449,0.0039460600086218545,0.1760196322251546,0.03952444223073715],
[0.8416970348541105,0.5907203684342939,0.07732936421600456,0.028344765084861785],
[0.4030379596369319,0.17510122007482953,0.7467742228471235,0.020019980530679132],
[0.45236373287791276,0.5823982289085023,0.3000565825793713,0.017802268716356637],
[0.9837050105921655,0.008352841612308204,0.33880680144854725,0.08422094219149427],
[0.5096224474883501,0.9335676821325035,0.21375409331051887,0.03004509047461139],
[0.08361596871627486,0.057559877648488245,0.3337880987262416,0.05932598366721291],
[0.6372242349289068,0.8732036995460607,0.35920000996188683,0.0418408267329192],
[0.7562468521252246,0.9291786440503426,0.6914795047216782,0.05976731021978897],
[0.5889476313250374,0.905883973150251,0.05256611099601627,0.021176588487481107],
[0.6124458352497059,0.35368082226147735,0.8564419954670979,0.025220973817414685],
[0.6352539188434537,0.11987123992512805,0.37888621657806154,0.0252926264941052],
[0.5871821134373708,0.8572243981015797,0.9399917247094476,0.04541780562107284],
[0.6467136536437456,0.15621253987772787,0.3781595225500607,0.021717094134953534],
[0.9484106704655653,0.8116232745382631,0.822331806255517,0.026804587795966513],
[0.19915767008105056,0.5827344731720611,0.3377880822485162,0.031640355475758254],
[0.5732541752887701,0.25228719460494653,0.3622721438143037,0.022456857973865353],
[0.9945302925275146,0.9829920678980704,0.8884987417859896,0.05236957107914128],
[0.5018791890618347,0.9762252142663771,0.011246130352654204,0.053432530782789284],
[0.6308785453624436,0.7584744994432089,0.014809004967001327,0.03512145681884336],
[0.8818918745043743,0.9770829426066782,0.6954041861580512,0.01959291157792257],
[0.38077542202707404,0.2518598059927434,0.4759418872992669,0.019816207233924597],
[0.6361915117035618,0.12559240758135404,0.04399219286217515,0.030120318940328843],
[0.8943744885732722,0.8622701976076448,0.9287837440941774,0.044975508481753954],
[0.7561645403560356,0.018640237879048005,0.08990375200743905,0.04497367866669642],
[0.6200874115535207,0.8928034818402293,0.7573247081736035,0.029432160576326874],
[0.6633285243684245,0.18388550724220987,0.21882796505470659,0.0417845339765293],
[0.9304375885242524,0.37620292023871293,0.4645020648742909,0.022742861165778352],
[0.15369541597862457,0.6077461341473077,0.41515430055895797,0.030260886128242216],
[0.12482998555723723,0.5472936644924148,0.30481946296554907,0.025412638793603386],
[0.3984092714717996,0.3389962848980993,0.3638589574057617,0.029060482248981417],
[0.37888419517762084,0.9885931688450151,0.3818225833684,0.02093377461994428],
[0.892566094759167,0.6182416298038815,0.10218702602488461,0.06165782194983482],
[0.8755045378487535,0.5596281556334013,0.8070311760155702,0.021194748582126048],
[0.3718186603503446,0.12813504499980766,0.9790039237416054,0.02371987114347325],
[0.7652096345640591,0.5015217612138699,0.3617556548914892,0.022785386201460006],
[0.2509899437970574,0.4744340593946219,0.96678850077672,0.02561174063276865],
[0.6446616133051805,0.3608404157554239,0.377532141373474,0.03634301865802298],
[0.9036608750600381,0.31916586282961756,0.30816742715196954,0.0598969166721573],
[0.9957275166314472,0.0071418596008425705,0.10855164421116914,0.155553537410002],
[0.331959116882679,0.211756783382389,0.01907431469766574,0.06001409291973474],
[0.5434242954350919,0.010160965515389142,0.5476247536157781,0.03839995352420227],
[0.18553540039297423,0.5737602112414838,0.39057689896977865,0.04206052624652785],
[0.6377284464610935,0.566684808364888,0.20613801039546664,0.023815166133843192],
[0.5158259689478533,0.3285238169620066,0.08951906589980463,0.027096004078553594],
[0.6982173705517835,0.2814007762834164,0.14901457896168235,0.02233360840510642],
[0.22592781062267808,0.13266277242918023,0.5806456254314546,0.025120575727714922],
[0.5272348897380599,0.8716003103277523,0.7012626905985984,0.024331022845115423],
[0.3617615630705544,0.1759516681135047,0.19470636471961933,0.026186025445374454],
[0.4251231579185215,0.4587015356084202,0.5859291173924788,0.02092758078526174],
[0.7071680389382925,0.633978486549211,0.18952230859505614,0.0297341516468745],
[0.917990666138066,0.17883645235776557,0.3975349503280523,0.02547205982211055],
[0.27841628600509094,0.8470725609042447,0.4250953515215897,0.02531547718503494],
[0.7700639010481898,0.6130130950075804,0.8481994724850919,0.036329330563209174],
[0.34801483234431163,0.21469117794478454,0.09606755935490374,0.04327841363943641],
[0.8808423834260869,0.46155626595598565,0.35134794514113954,0.02569511827713171],
[0.28593667095620534,0.40048828998102637,0.07813823942994347,0.030575304354673774],
[0.2299021358314829,0.3641583994641969,0.28114799022170434,0.044936022283619946],
[0.6392937632927697,0.8231611625204152,0.3890492665982319,0.03245804702016568],
[0.8323192845656451,0.5976992360724422,0.22656249828855213,0.02743885188881083],
[0.35801746454716843,0.5605040995471511,0.12279597621860461,0.018112823142019063],
[0.8860581965110159,0.31055770648670755,0.4366585962564684,0.0231140786980664],
[0.5512334821728643,0.5076152104926117,0.28617929476221615,0.02607837453601322],
[0.7704812873556803,0.6511167910620842,0.706305009573155,0.024502098738227576],
[0.4126028555247274,0.41572769768790563,0.9540005963721696,0.041772603929667654],
[0.7098872765210046,0.6647603354956902,0.37425264397542923,0.047567727027921614],
[0.3698187720942179,0.7997073777889578,0.3571414766312979,0.02534852078329749],
[0.16683826184294903,0.2697462062547593,0.023313688498538765,0.053998039650994506],
[0.6947154775847033,0.18314585752565915,0.4945565458899246,0.02279493793967194],
[0.06200432421969071,0.6419437474640277,0.8412023887076955,0.05065934143499316],
[0.6270597200471527,0.9286475851168785,0.5941998257105491,0.02744365210685961],
[0.7430066623093402,0.3510703767906532,0.9914071921315809,0.05070564016582871],
[0.06308411364780553,0.5481541060895218,0.40014208588174505,0.028267009164637244],
[0.6767507252667602,0.44678832418613845,0.5004450073566963,0.03566640612764211],
[0.5719939387687554,0.411776983317209,0.9059029291673875,0.03877032370252125],
[0.4769695624360907,0.8821993734544541,0.002024496671264364,0.04188720461398745],
[0.9813058111914412,0.9665683618455839,0.548201656567916,0.0175239331167224],
[0.8394303071417251,0.14171356383184763,0.41527596086091767,0.02828193115149836],
[0.9381676568468125,0.18741013961891817,0.04387815199255085,0.07057262502578182],
[0.013819757428338963,0.33400955959018963,0.12341669690238544,0.06891093503891056],
[0.3572498340336445,0.7769069514403243,0.3765675543968423,0.03018771336335492],
[0.7614220421258716,0.25859496422578176,0.11656913076857178,0.024561095925708716],
[0.3315342853369284,0.6565926582858894,0.13258988506879832,0.06244389322011344],
[0.4149804511852154,0.294333612218574,0.8269104875059774,0.027357026299649333],
[0.3576591039128152,0.20265752551816663,0.5071783142549093,0.018614783936369124],
[0.45755030258787266,0.7172324817339581,0.2465964485154155,0.017001146720926258],
[0.7621851424128953,0.10888329535306929,0.21936153146788318,0.023896899845580702],
[0.020302174254176353,0.6520099953214656,0.2790571273545809,0.04569041227471203],
[0.07285961399407415,0.7631099409069502,0.4769767220384227,0.021479310910175776],
[0.06135709511147858,0.6700973471522019,0.6748250845233589,0.0695829286174233],
[0.3602238246056205,0.8042924558205081,0.7117691417669317,0.054326595195125255],
[0.6409453590924634,0.1434505075358916,0.8404406810363035,0.031335668155464805],
[0.08095855782904138,0.37762128174888787,0.6506458957039376,0.024827182919557496],
[0.6525589058596047,0.10913088927726178,0.003375135276426633,0.051114773661664864],
[0.383662517865515,0.7305940557530437,0.9695482800420405,0.025783172446314714],
[0.7914813747350099,0.3189784995665209,0.6460651544555248,0.04561480143079927],
[0.016900349277159665,0.2350572197978693,0.6020816491874017,0.033503247887211235],
[0.9352672194069502,0.5752645172273425,0.6593633999699526,0.019406821929060444],
[0.6017541817973994,0.9323702882754207,0.6390431789392912,0.027904546349929088],
[0.04424222482425899,0.9860777143157807,0.9723766144427972,0.32144888131658317],
[0.30740848293835943,0.8775380943476438,0.642734864758892,0.0201501357354211],
[0.5995519663330915,0.8458613254927719,0.4776618955466183,0.023024423355001745],
[0.535816883384882,0.2683025450421903,0.43327932387497126,0.020386795470347656],
[0.34640875265207705,0.45655387361042743,0.2833683295425433,0.024336159990973674],
[0.5248171235754866,0.42469685011596015,0.5264152635406525,0.02259613840566311],
[0.4592329144364903,0.5363993427640695,0.48647488297865216,0.025153328718757043],
[0.11292824994493733,0.44765775048362844,0.6254090542526158,0.03884804086393788],
[0.49751783105965763,0.6637882768144303,0.9500797663508407,0.02904341281078994],
[0.3784780920616553,0.888580182254245,0.7433133266284849,0.0227988294707522],
[0.45624133465576533,0.9629910620066651,0.5068733617619802,0.019920484266676503],
[0.7983213338374304,0.7349046705366485,0.4906962806122984,0.02245516800364824],
[0.36134589701844444,0.23295119985918078,0.4055750396253369,0.0323669233014461],
[0.5118802090112367,0.29979883832031773,0.6367178372401163,0.028760490553328397],
[0.35205152203410695,0.9675468719223169,0.5455169852542484,0.024747414569414754],
[0.9412955329262953,0.8313535973374429,0.9325216866133457,0.05218475218562829],
[0.16607021942211853,0.7143919785203079,0.4808195640580607,0.017828435833950745],
[0.9817927310882087,0.5738278707574376,0.09768690404265423,0.029927253458922408],
[0.3783590916919102,0.5546903436141981,0.015665904034866895,0.02338157921535789],
[0.9898744761037375,0.3338812790243464,0.38093925689062436,0.06100190911907748],
[0.3426458779309496,0.4897022208749471,0.434930249462804,0.023219533811066964],
[0.11859822817675159,0.29568205340177056,0.056593634349049515,0.060895773151720525],
[0.9379689203630894,0.40134019662033693,0.7935174108228199,0.019012742231387873],
[0.3627389184323514,0.45329464730748503,0.1934968377425904,0.034871724430364084],
[0.13953418985662203,0.12550580843610992,0.09814973403160632,0.019404198044873686],
[0.8226666022006501,0.25127794996579167,0.48677327210738663,0.0206410512729851],
[0.7996185097390648,0.23388765191885075,0.3306929767298642,0.021714348024911595],
[0.0934743514215074,0.763508608216883,0.38625007562627545,0.03645573748997693],
[0.8860235923960516,0.19911052305319143,0.3420480493586229,0.027424227120851546],
[0.7431462610697114,0.38276004811864883,0.32616889405849026,0.025106345138461675],
[0.37385674415772363,0.6675726712065455,0.7032525247503654,0.05672997714497825],
[0.772597059208065,0.240606842200078,0.6589200733695999,0.04395349442719504],
[0.6875549252783759,0.773139383104509,0.3712719198291672,0.03590604647959961],
[0.8119799103622158,0.28333728260384217,0.04014936133351177,0.029503074039170817],
[0.7381296243217971,0.08926932892505968,0.29480949003634704,0.021526963399398344],
[0.9468667666886267,0.7831800635145778,0.8479300104475227,0.047520220259582774],
[0.22251046473141056,0.0027781705450656835,0.6077186059851076,0.06082086622045264],
[0.3213303395681333,0.732214418614278,0.6033522687033065,0.030807031654248376],
[0.18276688697558396,0.8777163433682699,0.6493894495885647,0.05074961445571348],
[0.9952019864060287,0.7252997223459116,0.9569074737729502,0.12971434286685696],
[0.477477370709116,0.07146111949934808,0.2017532435382986,0.04842901346220277],
[0.8576021798018094,0.7955662447064187,0.6127857745641199,0.022759905384435015],
[0.35966981708941104,0.9560603663221364,0.6437900372965402,0.049591917741640595],
[0.6236028496869986,0.8579520034643425,0.6645514672167989,0.017875850691404092],
[0.5730018047073457,0.07937911931487796,0.22334076930144853,0.017885870754811038],
[0.18716679234923173,0.5315572055336638,0.36432851272345357,0.03132261823420163],
[0.17250771003494714,0.8475495960538505,0.561364011440663,0.017077295273132453],
[0.2779632443714082,0.687082622885624,0.9797532219554156,0.09305087430241957],
[0.537646171143195,0.2054037196379509,0.7413546243209869,0.02678496775192591],
[0.364831623703871,0.6549014388509652,0.2701122231574533,0.045098648129491],
[0.23561110322512435,0.3978698718982955,0.23220873981656454,0.02694709439424335],
[0.6510297633984575,0.6598445171962122,0.8343887670500117,0.06400943103890566],
[0.7698221395675853,0.6527586400421939,0.7864953561784495,0.041855061589059064],
[0.31800028636097544,0.737562410609419,0.32798869520555707,0.066303668271631],
[0.030353915762582617,0.34815189985952155,0.9906969579986945,0.08277821088240113],
[0.7911034201436831,0.45448395253019536,0.00035890739383648285,0.033613615277498024],
[0.6803275872132867,0.36253939819032355,0.1467255692496291,0.038580330885606334],
[0.08169116523424613,0.1536479789483569,0.3591217032247601,0.048222435798037686],
[0.29230670658494484,0.28061450907669816,0.9520706729079389,0.10872569611369391],
[0.6200225248640073,0.12896170896705683,0.7018765881488012,0.046438863380835194],
[0.5433791380424627,0.2893315931248793,0.4991027866253981,0.017989012984771964],
[0.24371120791651146,0.43025805272630524,0.9978963295376159,0.03204435223485958],
[0.0021679073578546593,0.20971694599406665,0.2273119593128694,0.04582199228730009],
[0.9680326329397813,0.22915436652147092,0.43238558127884186,0.017833526292281833],
[0.5043853256230091,0.2912162128782888,0.8758211703085008,0.024799534971493724],
[0.9240401818849067,0.2872199357487394,0.22805314598478044,0.04315339268629281],
[0.8387152840929664,0.02283856117185057,0.10732261483845595,0.048711878077484366],
[0.3753277795667075,0.2536391215799446,0.09709951633000469,0.033982975393358],
[0.5735060176697023,0.8882085604814951,0.97431285605437,0.02086513774675291],
[0.9210237356002609,0.6794950771778852,0.2994550399454965,0.07814857122233346],
[0.7043629353020243,0.3011468735544809,0.35984574535077163,0.020262956545618452],
[0.6482589239339658,0.1000636363285563,0.21813004911973277,0.017863247702520735],
[0.9706536084697303,0.7998331821437351,0.2276442068937501,0.11522761712344524],
[0.4897864123282425,0.5729514110523171,0.3003936697542021,0.02053130255056864],
[0.810623435095978,0.0018758021705082006,0.18497445150923497,0.023938384702894562],
[0.8949018215743646,0.09058790523804405,0.662034216666524,0.07521180492515714],
[0.16783638092588393,0.25146120658785354,0.13401484902223437,0.030389943519206444],
[0.023019718010674706,0.6856150358619,0.5636586643107891,0.0239669831108964],
[0.6222816956163053,0.5359025122510668,0.2588166097631931,0.021856108557891094],
[0.07504664981003795,0.3231965398129054,0.15915826686233625,0.028017817887260474],
[0.4459756730970763,0.11732203133412822,0.7187424061102767,0.0212592223939815],
[0.33173690336284367,0.05450231934427929,0.35881758861091906,0.0524195787928404],
[0.7314521716101993,0.6524125081214853,0.9779890851637631,0.08906049408588243],
[0.003928073582546543,0.8089798424190546,0.4730967962005803,0.029799434990625435],
[0.6114580501811941,0.6407008102988825,0.8952996342968226,0.031958530161990795],
[0.1338565846675639,0.5219302028850232,0.4220766089332233,0.03064843002984293],
[0.10974271203152963,0.47746638020482657,0.45411807256798864,0.02238627793654758],
[0.04954520996810752,0.670601229450989,0.2438487838869381,0.07216910096971871],
[0.009178892541715222,0.9561651589537368,0.42122637057919987,0.05212032636071362],
[0.21223805038735466,0.09821868472182849,0.5952153321202661,0.02560553827879064],
[0.701340861419105,0.435454860897571,0.0036995976799815145,0.04155608963501067],
[0.25230332867732486,0.5860112373832942,0.3673454169179958,0.04360059524228225],
[0.003981078274817307,0.24094034142652476,0.06637239260451033,0.08836255457659777],
[0.8504289517797884,0.6788757130452068,0.3424753510509734,0.050161987340389555],
[0.9845847590353636,0.5096651280032207,0.43313854871020774,0.01827166450292427],
[0.8813169731304228,0.7768220585730141,0.5899765125692213,0.029312838927680288],
[0.7949595736200727,0.9326787036424397,0.898995978474096,0.054708128734700226],
[0.7837203083868246,0.22220095794935857,0.45342766717539273,0.02246664067949737],
[0.42300367027788477,0.024748299363381965,0.2585298600609245,0.05536919921868634],
[0.14084417378623437,0.278782937254615,0.12430552455625865,0.02625003208379833],
[0.7338734496916284,0.9761118189814356,0.47799815374836285,0.020277418573025112],
[0.9986547498197944,0.02489655361202081,0.5055591107569612,0.02335405556417213],
[0.051805743629651735,0.7790132052008983,0.4595052474942164,0.027731371667682296],
[0.3423622266062678,0.7594131797051419,0.6486284103386853,0.05411130925567757],
[0.007213591833098554,0.85257550225657,0.6235945225761614,0.03834759354581981],
[0.6092179385271145,0.25462193367788466,0.19420987742319118,0.03892602055628216],
[0.6923626456554378,0.5714563212080389,0.19680608204296224,0.023424270222772776],
[0.44103553257681927,0.8399319604632485,0.9036878893514014,0.03907924194503549],
[0.36731919046570627,0.07562572241547416,0.5524605177564167,0.029217399597869856],
[0.5039682658654182,0.3727423168023126,0.15658142199021874,0.024316508792352226],
[0.7238535865757199,0.7598054978527432,0.3527834471719501,0.05529098496485185],
[0.9996167094228292,0.6938488358667596,0.6602190393543995,0.07276420799447542],
[0.012781979879497918,0.5319906319499271,0.7503252165547561,0.03499034161913695],
[0.43712968341349845,0.5903132168322789,0.6937686926172003,0.019013680603096342],
[0.3186045260236001,0.14909760808358352,0.03967895471387195,0.04205315925239094],
[0.14909083976796667,0.8049743320193242,0.5892370854803263,0.02745330078451369],
[0.9484607011777639,0.5246964906962642,0.09990736451928739,0.022749939023038665],
[0.12992291276278378,0.007500153872448956,0.00937670837882465,0.1409875000256693],
[0.2793458524479242,0.1426567706179097,0.21441583270147913,0.02392075392065502],
[0.5405449961904419,0.44027070970477544,0.39261890266557553,0.02773851444365852],
[0.3289791417104355,0.1373004900330308,0.28617235404150276,0.045545998235537635],
[0.6283111608938439,0.7061374297210533,0.2150344795593767,0.04300689820089999],
[0.4842754369806028,0.9513783370118812,0.4888835886280526,0.026131923748265853],
[0.29541304064314544,0.5420957161726189,0.8777763292465751,0.036066741599433044],
[0.9457538176905375,0.36536216544444766,0.24438808858688388,0.057140231324335405],
[0.482452966225011,0.8329352599713434,0.12833237131336928,0.017920328156084936],
[0.6640142617833155,0.24717333690623888,0.6440403473222667,0.05319673749686257],
[0.897378823790893,0.2750914190256796,0.5225704338646298,0.023684083328195375],
[0.9869878191480164,0.7948897367211537,0.5207250282178804,0.02492436640282869],
[0.46523734613773904,0.0656805496492392,0.8016448922271442,0.018721818443209984],
[0.7856903886194507,0.4138455186851556,0.44603332924296635,0.032100333262736216],
[0.9120417684590615,0.6621332756632962,0.20164479897355858,0.06096083300416354],
[0.24581965177162557,0.7369806490350567,0.41986039224372507,0.017850750608899887],
[0.5138285933163179,0.37284594476296196,0.7962006864362408,0.031129561186739575],
[0.916334986524079,0.2626059233864342,0.45750955123679693,0.020334184964131877],
[0.27697575266365504,0.6575524161973437,0.6585203058554394,0.061086867466303346],
[0.5965365136780679,0.6582192378845473,0.01604794334424786,0.0225081267910927],
[0.17945435614407157,0.38005065335600796,0.6464281763080035,0.02798677492067375],
[0.224454187172775,0.6955288547832111,0.3859977707876736,0.03175325949200102],
[0.7343023299865821,0.7738505525429707,0.6210003515635306,0.022422457549084236],
[0.23731193278683527,0.9079275585430858,0.6120924257347761,0.03947966308718123],
[0.14855508744654844,0.7608200726158796,0.37522689049106484,0.020576692048582604],
[0.26679045788230327,0.04105850809544764,0.37309111711673504,0.03290490734342702],
[0.04341431518460592,0.4923382023980871,0.6469903829045733,0.019035109242504462],
[0.9480457898320365,0.648796897019968,0.7330274503845089,0.04374437715243137],
[0.29332497934339485,0.9445745578758976,0.662752841205462,0.019475801859900166],
[0.4478643400750316,0.40772116058280394,0.7528649921974896,0.021991042038747362],
[0.49020262557087535,0.29315041096326333,0.38258778816615646,0.018419659158475807],
[0.7928704739387019,0.8129334185572362,0.7934332029533119,0.07942930694141519],
[0.5013701665322796,0.6140749123254304,0.9894618125814095,0.02055290952805932],
[0.5075050250545691,0.031410717065339155,0.17080939114918592,0.023311825787396108],
[0.6065088292126688,0.04281413965942393,0.8425688116545873,0.025177090630898284],
[0.7566805805409488,0.3550506001968502,0.03350466891446413,0.0457371619486642],
[0.9656630107440628,0.44075458648007515,0.067055190921671,0.02202684100523057],
[0.013752098197245655,0.8695388634878782,0.5020222075962596,0.01950612332515722],
[0.16222831490166434,0.24500453308454262,0.2894627536736316,0.024432562478729165],
[0.2697442012577428,0.6043602194572567,0.6925556409455801,0.038012021394858556],
[0.43679491056928965,0.8814963069528768,0.3567338704144084,0.017642102320980145],
[0.39072633285907266,0.8513064353303612,0.8822489396880543,0.025573992089307697],
[0.6125470571337014,0.8589558501033142,0.72711687999562,0.03134431887713159],
[0.25452033415859443,0.28092446032156193,0.294033308922964,0.03694790075978801],
[0.29353192974483955,0.11837277992093242,0.5255281755091049,0.02402539953959644],
[0.3444492310565964,0.3876226135635712,0.2122106547412892,0.03723809881727118],
[0.754824178118787,0.5136601767265031,0.7857164884697396,0.027084786779727622],
[0.5787288031219675,0.9758485260838521,0.4457110436023236,0.022436363020375702],
[0.20792764011903986,0.37761565475109937,0.11389688559573485,0.05018951248840643],
[0.09933043109658313,0.6338945236197564,0.611419303800204,0.027833780536731405],
[0.3320369756698083,0.9424452206709406,0.35081055868989985,0.02945802108640258],
[0.7005309025168054,0.20495501856393228,0.5853803203101877,0.0192653942850729],
[0.9047682471347561,0.38892422506169644,0.7371958524529427,0.020047732696965373],
[0.6243007540991187,0.6970364189955913,0.1674814140178701,0.043203210929843486],
[0.7293492174162717,0.5787701002500232,0.21871484513368522,0.018856210242594783],
[0.6149100596846026,0.7266826562799119,0.532380092090429,0.037239485597947125],
[0.7248958748865398,0.03318401712637897,0.546608927079696,0.017364596453226112],
[0.9936150343948774,0.7230256397695654,0.4987178967808461,0.018713316709155867],
[0.38458865877374415,0.9033457991781149,0.6844627360528315,0.01882732869915666],
[0.7978497587516369,0.02370552211747967,0.4636280197825019,0.025710709701182367],
[0.947464680733774,0.2482994239527826,0.20526250252206701,0.01995374868339328],
[0.7709338934356187,0.254370795665411,0.16500198867989713,0.04460467328145172],
[0.36764277451354177,0.6317088397606127,0.979084485731691,0.03900495118897054],
[0.9728545108112341,0.4691432003713526,0.6458090010240101,0.02611868081555295],
[0.8857697597898399,0.6382977042322276,0.6096879258608101,0.022743019890567304],
[0.5911889829056216,0.5886386555767226,0.9647919431933893,0.017685016942824053],
[0.7363816652699854,0.2698982449419328,0.3615995533728864,0.017769494322362862],
[0.9735363207772023,0.4324267942989771,0.5822701692645513,0.03453917129509923],
[0.22128108872056096,0.3498930785072214,0.5265178234757697,0.04202510505028458],
[0.5323070298158895,0.13994432094587606,0.18814068692437358,0.01852173307256895],
[0.8838038361587774,0.8394570243370026,0.9922416047314215,0.10910378210879955],
[0.7135358141223959,0.5314730512992464,0.803807950505689,0.0223742460156105],
[0.3656178983357409,0.3735683452523221,0.3180829526544219,0.034808828215314364],
[0.45144216344612775,0.39247382459870506,0.8916222704245004,0.02053407704705526],
[0.04091713024863741,0.36505610012493095,0.7400403622726277,0.06035662390060571],
[0.7118263768317983,0.44695045930249333,0.49021132722756244,0.028267719415336193],
[0.9706907024235979,0.47539540430116156,0.8126745938670865,0.03938113293986678],
[0.16588366919056818,0.3895649886257496,0.7387040543591018,0.030108170645926788],
[0.6227652919859215,0.34638085743250646,0.9709650274344938,0.06258998130003414],
[0.8406251519269914,0.5336419430486933,0.2357460942281261,0.022966411266349594],
[0.36809744611196804,0.26147952881504133,0.8755279751196223,0.02743231539759132],
[0.7145731919606957,0.56124059195208,0.5316158268658121,0.02695767123041707],
[0.8336019284171252,0.18151588119159812,0.1666366586842728,0.0494509790486682],
[0.005133382732824265,0.4777403634701711,0.07114764451831845,0.027581351306992664],
[0.28598402997263117,0.015424778702142872,0.16672367677529132,0.061257259724824056],
[0.09328934439678449,0.4123538991462089,0.23915499692349385,0.04392465771522133],
[0.5794899578953396,0.8234979331709547,0.7605619773103026,0.021471554429095756],
[0.695555017008912,0.639948424948002,0.07726451198227469,0.03709351401331533],
[0.615449338663688,0.4989980241250702,0.19665116235706726,0.017176786490195897],
[0.6176773990015115,0.42553209247889523,0.10659088701694752,0.0257271751827097],
[0.9002397976827639,0.9538970052930172,0.6637375003086309,0.01915979982782884],
[0.585101623496842,0.6934313247413175,0.5227858363773372,0.025868100357780602],
[0.12129865402886919,0.6082121904063035,0.15999058216603823,0.017497673386673414],
[0.5906191507065548,0.47447729367818603,0.011181864386101692,0.02213397404331542],
[0.8993232329065501,0.5411140719457856,0.24860317194111137,0.017600631604487035],
[0.9984769464653618,0.44825582488554194,0.022926796340140942,0.020134790745502888],
[0.8869305056843125,0.38683822846923366,0.9153945172237681,0.03838836198609032],
[0.6912150411379232,0.25926060239200965,0.6990436542218692,0.08900646837020408],
[0.6727878094666329,0.6098254992888276,0.5376891532694371,0.02217642795032447],
[0.39856898723843204,0.8463660063322765,0.08174768497125873,0.03561336990294582],
[0.8241483108752424,0.4697284041644164,0.7301227576167032,0.017228776442610054],
[0.7140679632840576,0.10620602966195491,0.4950127874245498,0.02360650865720377],
[0.4482472480957901,0.841152934878549,0.7575369972518371,0.023877372932244192],
[0.43640386353285976,0.43232964118657746,0.7932433279769066,0.02506146386528068],
[0.15059303413729563,0.4684336178766051,0.20483927200847718,0.028231968612640664],
[0.9838038787799511,0.11837686935244429,0.7495729380951357,0.17117626308866635],
[0.614509660454637,0.36985668459479604,0.32362394311110576,0.031127546192641062],
[0.08520842213192059,0.517102146446014,0.4059508784236481,0.03396488052071651],
[0.28766098059974776,0.2167660374791761,0.6751588137912607,0.062279578051765594],
[0.4717369885389554,0.8552639072291334,0.9919449381218419,0.02098807751582802],
[0.270982224905027,0.30358483179913265,0.17694170127021092,0.021238604162050173],
[0.5315293080172062,0.3997831370477146,0.11030954800620973,0.017743621694647486],
[0.6707348391640007,0.343556517979152,0.6570213799334466,0.05052359768792958],
[0.09592890250244712,0.7441939497939551,0.3221989284202844,0.08377217525706511],
[0.7399355408968042,0.9916431265467742,0.6956985313935287,0.09870951124079236],
[0.9301860193727319,0.1369013807790186,0.29455877514062156,0.03592159677220649],
[0.7083157781680537,0.9100502783480281,0.46722225901963665,0.04028833256393004],
[0.4543418525513254,0.5335686947522106,0.27420492461300794,0.024837379183749286],
[0.5644901836299075,0.1369995065923305,0.4547199559172269,0.0172424773275972],
[0.6688469605124282,0.0016517586031656872,0.1271564219891752,0.06641130134603673],
[0.6167202175433446,0.1171705142073527,0.28335228052123107,0.021855380162908854],
[0.37095732920776026,0.360663727733768,0.12097419406401089,0.02878830914116435],
[0.3952241422966295,0.41348897668967866,0.7122802186226723,0.017888326564886224],
[0.1864109669271753,0.10871262008385396,0.400809381129439,0.018307046275042864],
[0.6486977095666251,0.5319579349523299,0.6493505488456359,0.034810925881217],
[0.5084902925904075,0.9510462741892491,0.8636983507499058,0.019433758425497688],
[0.45102630683703404,0.5118292952180797,0.41473846673623815,0.020964971018738357],
[0.23663608946289172,0.5218993082172132,0.9691888543938944,0.03350033162913642],
[0.5623544563756407,0.9475337025654519,0.783211277860368,0.03408691174642125],
[0.594815782700362,0.7876107267602999,0.17356615950266985,0.027102249427439877],
[0.9580223010835256,0.6163406701094402,0.8242162086024246,0.03626518455081016],
[0.5442316559892132,0.5531220438271394,0.8632819030445575,0.020809862607822464],
[0.6151146446069742,0.7693245347452782,0.11987751318166806,0.031269221097509264],
[0.6261832938946984,0.36411677993158964,0.15916841213685617,0.048618036681656235],
[0.8922382750431376,0.33956893841274605,0.7313505330495044,0.0642123972263379],
[0.5245801990820356,0.843556378500236,0.9255711622259496,0.026144719474525027],
[0.39266573074000843,0.859625750707028,0.5730126176119916,0.023308072171257715],
[0.29004027451013215,0.4472215234200625,0.2033241237889415,0.01952251756021716],
[0.4154420502363183,0.17826653060153463,0.05335498989236742,0.024216457414538102],
[0.49643128795252134,0.19051958127901403,0.3500330434119443,0.029904224741065077],
[0.910912541213445,0.7287172851832067,0.644063438543585,0.06392392478996614],
[0.2833606041350214,0.5223270496144187,0.9837405060105345,0.024573045783701876],
[0.5092346930944429,0.2670384433097427,0.5472824231290435,0.025234169302942207],
[0.8820505297639945,0.6470471048627209,0.7044512731537259,0.03980199241759533],
[0.4860380796078869,0.8761842948648465,0.5030630211234307,0.024724187659053418],
[0.013577783734145643,0.042995226861883395,0.6032403381352157,0.03858785685402342],
[0.8005136486595321,0.06227676137819382,0.5937146446195263,0.017469083773219464],
[0.7568171027235916,0.7546448747711171,0.6104325051031755,0.018648075114744048],
[0.9636833662874819,0.12684284400518597,0.000537081034819864,0.12686217992649462],
[0.813555709801283,0.0028688549545768938,0.6463510771563655,0.045993033969850675],
[0.3283358602777914,0.8152879972082071,0.19857887291881993,0.09968310267353153],
[0.6988989722295181,0.5824127431561902,0.23152303144844477,0.024883415711410617],
[0.21069518344015536,0.946120290673062,0.5491820958587502,0.021440151818953257],
[0.2210779986051863,0.5337679584931994,0.39102567666396315,0.017193031943801708],
[0.3703255852199798,0.6236916126853835,0.4649226792426462,0.020850172537260132],
[0.9479760757167494,0.9841383226599433,0.7166839603284715,0.04925535932428178],
[0.4965178677158395,0.9219708183406102,0.41215749805603175,0.029304544801981768],
[0.8217644616259397,0.011998673752743438,0.32542818682447183,0.059258649623419965],
[0.541190874538324,0.46676784323087095,0.307307832956509,0.034473928980119486],
[0.44496212476746966,0.22135576253097355,0.6602930303354275,0.03130378567511638],
[0.7097120958714418,0.7321269415507317,0.5257485648380543,0.017584542864418046],
[0.04402140176078695,0.4889524714338369,0.9150539611246677,0.01790829586800092],
[0.5166472756896512,0.489480104857819,0.07803315465967708,0.02515804510687121],
[0.4865753743784256,0.09500966102944808,0.7401180556965381,0.023000131651320532],
[0.8075714516768744,0.21835881597806428,0.3172945202022265,0.01944084154456186],
[0.4934208051933935,0.07131300597656731,0.515097181339671,0.02412598341253324],
[0.4457787124697483,0.6355945583944314,0.537184238588516,0.017980607944625332],
[0.6809873350419212,0.5977170457296285,0.4312087167812465,0.035390234582364295],
[0.5107040990517896,0.9979341469224314,0.6367203419723384,0.03460350920753044],
[0.9836619115434602,0.5805100952079437,0.3891844527943912,0.024205222942518118],
[0.623610779617158,0.9786236845619264,0.310437260391741,0.01777311755586529],
[0.2443341330169111,0.2259937144967875,0.5663468499292281,0.022015096103541597],
[0.012162525046937711,0.7226065639844312,0.781027844675364,0.11839303645537592],
[0.4657035030836846,0.4976835453701083,0.2482327659389838,0.022403050862137272],
[0.1419353714761612,0.03152378385781873,0.33338613415045604,0.054286197551297266],
[0.08040583589159056,0.21241085719140373,0.31603855272078085,0.023620860607164285],
[0.8885770305573888,0.5372089738349486,0.7974915140306261,0.022317923606932556],
[0.22187452963888166,0.20439083075181053,0.5845302523319972,0.03937598783352112],
[0.35995812437064967,0.7535621381364908,0.2704141293036011,0.05013214669519618],
[0.6203841471260055,0.8677933062008838,0.3087707791530151,0.03018109258243753],
[0.4356367055194601,0.5244259353355915,0.24715130317954137,0.0383365643677366],
[0.40811293066064125,0.0968783147410226,0.47251789794392474,0.030043150603128815],
[0.7368589019630637,0.6337235695576584,0.09721598303287982,0.0348954528698195],
[0.7779239278837803,0.45484880235877534,0.35394135676863747,0.037994642231833096],
[0.5712925981069097,0.25182471845246035,0.814038286962068,0.02967491503999955],
[0.2000359220505714,0.5571173678849659,0.03315746159433808,0.028663822613385945],
[0.04096021557711127,0.017367231106235392,0.560436450642762,0.039319060119619796],
[0.8170505566162443,0.7749638377822984,0.4062480006834087,0.030784896617963388],
[0.9050782197172167,0.2108359270130541,0.38245566316870094,0.022454787743290197],
[0.958018953048505,0.5078536820922654,0.8543227139516265,0.017253488909801683],
[0.8143302581107563,0.07008848699680292,0.5400469176727056,0.03927591344973528],
[0.32881956824857583,0.97670851699903,0.32366105661795663,0.07291786616785488],
[0.42271007724509724,0.6081087655252558,0.28933798746431927,0.020747446838085097],
[0.5243514897998659,0.25511146510657445,0.8727156024408198,0.033494847706505675],
[0.2169222556619056,0.26933610000229136,0.09287515441767569,0.028310367215798805],
[0.010071352716961801,0.4992646600180184,0.7345249759115303,0.029609199326638393],
[0.44815625003161286,0.9971887710509946,0.8119487059638377,0.0420719501146211],
[0.08589437414992862,0.488639273919412,0.3147015552803245,0.018927070948039235],
[0.3746678211194706,0.2958446415193896,0.4880169471235055,0.033672172103487996],
[0.3649572858521911,0.8079233664987179,0.32491786919485355,0.02326819707565301],
[0.0862572603872811,0.2312107358610509,0.5626831040608529,0.01875991840856825],
[0.6397138963961788,0.6892897776495811,0.5318908093965924,0.03836506939555009],
[0.9831465629059559,0.5196022485208887,0.7313260698426483,0.038542991695404795],
[0.2663523139621573,0.18229197737192682,0.11715832319143671,0.029230765699296064],
[0.37919882869129806,0.20564354884876213,0.17732317186407898,0.035309629415949416],
[0.27575877104611213,0.5218570277809289,0.046937490459044495,0.02066289665957917],
[0.5255073611949963,0.0965273951098512,0.1597336962822149,0.018317211100556445],
[0.9107090481978768,0.9203201946640303,0.910111911120398,0.02378858424243569],
[0.6307339283665676,0.14658430290015056,0.3571868634611389,0.03528112377838383],
[0.5768423612830581,0.49689853464410283,0.7243883001653579,0.019053741627872968],
[0.5320296553381232,0.31119466548773256,0.8490223819084333,0.037353763305942755],
[0.5343627027841539,0.2708237309868087,0.8353853339468272,0.039661152379791995],
[0.8405657331651151,0.9041397528434649,0.7177998026356632,0.030717609906890528],
[0.12755062277949358,0.53445793657211,0.9505865374201108,0.01759862875107781],
[0.12895020484238007,0.17733844332222604,0.6090439718036587,0.027271986835676623],
[0.15344395573760072,0.45124519802321905,0.6011309069705069,0.031146633942023577],
[0.16742819458201952,0.09942532656562997,0.13880845259269736,0.021619820313379702],
[0.1429054158884585,0.4633978710266671,0.7490235259366735,0.028721161022433356],
[0.9783250423249656,0.6346224680509819,0.8656824069885294,0.045185866733665064],
[0.9627505372573638,0.6799189672619922,0.5159528028666946,0.024097863118730425],
[0.8316887954331286,0.5095051952350841,0.45148611710506237,0.018433166543898226],
[0.32509673553094054,0.7586707249646336,0.45375628545476165,0.02572064868967222],
[0.5473638965392733,0.5998983915760054,0.7668115009219644,0.02381602555870984],
[0.3383794146852782,0.4686750549255231,0.36511392990475156,0.022863128531128027],
[0.8160130125686693,0.12421465284729982,0.11673215580424223,0.018038115076418546],
[0.5366566628570675,0.6298000421767792,0.10135890289074412,0.020454399955389085],
[0.25942051681044986,0.3714433144599134,0.09083679217108098,0.05889187496936396],
[0.6731021073613581,0.8330468299639102,0.3338149587250644,0.0421937280882093],
[0.5514164041828268,0.19274331169940306,0.26546138535631125,0.033550224253568316],
[0.5204096409035794,0.38269896489331123,0.8923541314500917,0.023883465863527985],
[0.4853004759912817,0.4354081434855456,0.9211028475573818,0.019186304111881318],
[0.624946179412866,0.737615846232332,0.8076405014132052,0.047705904058763154],
[0.9675581369036873,0.9139674732694105,0.6533814099418848,0.03881751074965625],
[0.6835583387189855,0.5123581969868174,0.6515684038822357,0.028373839899454648],
[0.3670757683749859,0.359522771132882,0.8731629206869136,0.03001999990616963],
[0.37995604333074684,0.43566603942355997,0.9353179022308801,0.028602447803427855],
[0.272832609135098,0.548590936275749,0.03404671128556824,0.020348837814804656],
[0.032700626106984765,0.6001016777261078,0.04563032539044953,0.017823882365243307],
[0.6491204475323425,0.8960971676299221,0.410402821529801,0.02265288180535851],
[0.43248015849100696,0.8215901270838145,0.7453596415415694,0.027122239780652986],
[0.4578410619333151,0.9281174538715896,0.22141889348075228,0.024052459180655496],
[0.593754922887854,0.6075063596242665,0.3619606532726565,0.0267989719257241],
[0.03310808691330691,0.627278780699393,0.32552042611697585,0.02818500262815337],
[0.7784026380833908,0.45398542177990187,0.9013941211575263,0.031658134437208],
[0.37251017707859035,0.17074662831822707,0.1711812610325787,0.02628670435787099],
[0.09623182405712127,0.4630850206815085,0.48912574847150736,0.019732450668554072],
[0.6466659840629129,0.4971119733589867,0.03056238298709446,0.02766856626966962],
[0.4402071861080171,0.3391875639871853,0.5569387071321328,0.021174795196943486],
[0.7854460727354227,0.1470147196299284,0.49500186775743127,0.017591035696858284],
[0.954641990637553,0.47779954233828825,0.9126576433991136,0.02847257823924497],
[0.9170851115800919,0.42482009331099013,0.5571052779797178,0.024269163417836137],
[0.6400598336655255,0.6276880420155739,0.033821131113740854,0.02425540707234456],
[0.03472442874571169,0.5215895625846397,0.12567131172944845,0.03674468629928935],
[0.9074870273293912,0.3828402058801329,0.309495523903522,0.025113652080946708],
[0.9001402751748895,0.13255881915149492,0.5451396374313783,0.02418444255833844],
[0.4773835142684527,0.7807244578111735,0.550917269222125,0.0217295084178728],
[0.9389453210362189,0.9013652781288117,0.5066667785199406,0.03389799501767343],
[0.060119334322533136,0.4227018343319012,0.41061377134143107,0.027796301727092174],
[0.4724618099644946,0.0874524146528044,0.42575086462433853,0.03701603988424266],
[0.7219203039268999,0.4757863611107962,0.004829124198624246,0.02107746860483481],
[0.7456390890023176,0.9644959007784842,0.9582301539915854,0.1031304414169119],
[0.18916204731302266,0.5897429052895263,0.042864018254487934,0.02425828842318184],
[0.9472349070205247,0.613281211544777,0.5551292428948,0.018217006808922694],
[0.12808351768050585,0.5642411218121159,0.17556396892725146,0.018500967168744657],
[0.42174892345482673,0.13233619967117638,0.9217136770717729,0.027624008885556856],
[0.13868033209099495,0.6130344194910966,0.45712398665319,0.01933141226825514],
[0.10371626271861745,0.4002487080838226,0.2899055078069134,0.02735289455034986],
[0.37872758080415536,0.6660113441263992,0.078251093691587,0.03260321904437195],
[0.6253306576145045,0.8387035537900717,0.5449626082357052,0.01704442608075752],
[0.35897656895917174,0.33269069275800645,0.8534406029338953,0.0598819617497295],
[0.34997873464445783,0.2674701021902609,0.6755111517875552,0.03540919396742905],
[0.6246025954912853,0.17575325132059438,0.9729891965837778,0.03347514731777188],
[0.0966193485944652,0.8640959511180387,0.439835756644383,0.030638641689369604],
[0.07408282386261278,0.9950206213545622,0.632104616099368,0.04820250724047112],
[0.6567643705604733,0.8306991415159911,0.15763886037996022,0.07138445453457216],
[0.9147076837053372,0.2502913889637681,0.6347735873223423,0.034760912096625636],
[0.7218514370260474,0.22196752591569002,0.26963174628695175,0.04852150053426739],
[0.7981533500404356,0.12643134618835428,0.5084809074824547,0.031325375247978834],
[0.27894234664034345,0.4863778079074278,0.8992411307306092,0.03613555376702523],
[0.8652650366706571,0.01397977889664792,0.6275987631180119,0.043581001799294736],
[0.48351714160715187,0.3520259286360582,0.032206404909800646,0.027608737419503045],
[0.4136957870823099,0.30422579034580177,0.8864849246050169,0.026501069215110015],
[0.3680635976305371,0.9717003618884036,0.7713859175533491,0.03158089585995354],
[0.3153933281297301,0.35842282735417574,0.134847460260908,0.06339032070684403],
[0.37412487970430286,0.8950165981958894,0.3854122915088759,0.01709821474095348],
[0.9287622843679108,0.6825997526465402,0.44948591128686266,0.03198212706660013],
[0.5803837458884766,0.6845383705077699,0.1482565722374698,0.027688552707787653],
[0.5293918720425368,0.04512703947488239,0.43303253348426896,0.024052277145102385],
[0.6017285241923155,0.8338397258265029,0.008411791878293662,0.024233903295218788],
[0.569620046126623,0.8854210239747692,0.2614879802582555,0.031171388803230123],
[0.9577613877761166,0.7921904818525444,0.4585505213415739,0.026157623221326504],
[0.2083269804700454,0.6902786746033079,0.7479048272968606,0.09315201123634693],
[0.8411010205321087,0.027605133247075253,0.030022592360323785,0.06258514045567623],
[0.16616525882203714,0.1322295341069718,0.08674234041181339,0.026500041997361598],
[0.620667366483284,0.2881619843478247,0.8529915578858519,0.03126909272779857],
[0.7705840793187478,0.18511909421226402,0.20737113236379567,0.0665293988782115],
[0.6590927984041389,0.1678241797154978,0.11879545375304323,0.019776121528412544],
[0.696065058131685,0.044761553229999196,0.058587637535774006,0.03168171772413142],
[0.19656246137641642,0.9371018430056426,0.4535285737883227,0.025262362556040224],
[0.5060015570674138,0.4827633919576235,0.006114855123051766,0.03017028866502869],
[0.3776072774220117,0.0047661396999605365,0.6703055346081163,0.06996058311354887],
[0.5044537943619241,0.09893617318232051,0.8652867908846341,0.025946928026614344],
[0.3030589341312946,0.636213258345071,0.7269358177499757,0.051323660644032376],
[0.48633470506819154,0.08178873667182551,0.3176218417740936,0.018575579458110912],
[0.2513490472241916,0.11009249792204134,0.3353362928629958,0.019745333617924236],
[0.6848771466465218,0.30632988903482916,0.7893604775439393,0.08111242930044302],
[0.7965675471808442,0.25693352330344976,0.3386190034406238,0.027695897656864907],
[0.6353519291714166,0.4984107364634678,0.28585564385406437,0.022156751414116486],
[0.6977111895542616,0.34053332358429034,0.32379251598535996,0.042771478455566184],
[0.10878685585018633,0.11794684860932159,0.5197766288181127,0.02498565196487823],
[0.19936885604530075,0.2661710966028873,0.3965018041480509,0.023772669849949767],
[0.8488635576032209,0.8453611361710548,0.8554705775711119,0.03448226017947602],
[0.4814178387232907,0.060065043367721005,0.8179323159932333,0.020257593252296834],
[0.3359617246723624,0.4484702261197101,0.46876030895019205,0.022050192997128973],
[0.5732995656852449,0.4272176268255722,0.5772283858530852,0.02146634380214331],
[0.3795108266496827,0.58052574007644,0.4004653040753866,0.0232101285326093],
[0.16641053254393312,0.5290127094338836,0.2999276459955238,0.0202946462908555],
[0.32219004754143854,0.5387081985083154,0.6692018667728649,0.0194856457445004],
[0.5810300632182083,0.4101069385451349,0.12716721110162765,0.03438544089081584],
[0.7041901024889252,0.4436617070950515,0.1675781405146981,0.03211132335597538],
[0.6382054494155303,0.5068000308000701,0.09868208602793382,0.030748937409472016],
[0.2692755087628108,0.5905769383472319,0.018850582223382317,0.05140837467424382],
[0.225071358486839,0.9837587198673436,0.6101919881379307,0.04079707786140909],
[0.3848392283653682,0.09368151122447321,0.3607501483506331,0.04920712800947616],
[0.3041686566650852,0.0038580075202703235,0.4939504247017137,0.033428927609348964],
[0.7344671206195778,0.2632979236390315,0.4498980606680443,0.018125869601715285],
[0.28476426533100496,0.5369976067441524,0.6183881789281379,0.023861985603207486],
[0.9228985963934266,0.49814765063992783,0.4132013599511183,0.01758798815927548],
[0.7911257994366849,0.7860817787185207,0.6747999682239249,0.01897818885352763],
[0.6220722577201028,0.1918329372339056,0.6631283071868422,0.020447922686038393],
[0.5263396822474175,0.021133495205191255,0.4716675962400836,0.042599139791402695],
[0.08562923135693223,0.09181507028284386,0.28445913189773797,0.03278935417513486],
[0.6882446435404307,0.02054821514340699,0.02220429636370147,0.07011030465127048],
[0.7644402670082214,0.8245643151608026,0.6717056778545658,0.041534509740104045],
[0.5189285479937553,0.3632412951148287,0.18420254070296616,0.02278807611469269],
[0.9903275605482956,0.20902187032595554,0.532216555941205,0.019222769631473985],
[0.1904105816370565,0.6230931765165355,0.9658960025431521,0.04261665705994712],
[0.45005949327895356,0.6462894536534725,0.629139957656844,0.022021218629359005],
[0.37006613402440025,0.7997203266515441,0.9121226483288548,0.031445556551475615],
[0.7533114550342673,0.03291972100915597,0.4188356871622503,0.027547412373177926],
[0.5141401274368034,0.5857882382197468,0.15432104783186407,0.017362519614583856],
[0.14203531684924253,0.5718911845864837,0.9939965964291213,0.04188699261179721],
[0.6458988157934525,0.4218794282206558,0.9384274903082354,0.021809213178155026],
[0.42516318984107904,0.433948684834057,0.0747985514245526,0.01831288539367356],
[0.43455287198095816,0.6391602082974124,0.29141144921007534,0.021719634921347056],
[0.006704131077254538,0.5064608452017793,0.053547138969724406,0.026180825714808918],
[0.5123902596953663,0.3102296927514373,0.5492421721525369,0.036410009349627216],
[0.5921488332981817,0.16582585936483363,0.4254136537844202,0.023014448296556828],
[0.8775047981537855,0.4836118002320694,0.9649490181915711,0.01828462005424958],
[0.30921368134178884,0.04635134000014407,0.5526513015427754,0.025486358027461152],
[0.6831730840976601,0.39481803156718887,0.0061275582193872635,0.017844688774438976],
[0.7659262623554245,0.4792994502814101,0.7338838699049566,0.01713613638978531],
[0.4246101683840052,0.7103069822274294,0.8133854470206935,0.024647857127085192],
[0.6197323056822761,0.42643937641823615,0.35806216244401545,0.03706256975626655],
[0.573944994231228,0.5987336873350874,0.46096980535159604,0.021119448521091252],
[0.6119855425642071,0.8307446672236041,0.35789010732062465,0.02702545190064444],
[0.619548856097826,0.6106188295375746,0.8731384724455148,0.023374240096081425],
[0.7646212397724065,0.6358485396278772,0.3168598959767869,0.028175007711662085],
[0.32525038109200066,0.943580512959686,0.043963740111475635,0.06575238294327226],
[0.8345299058011241,0.0988137979749274,0.6091801159186205,0.031239452304424986],
[0.7403103097564304,0.9441801018804749,0.3562158035225078,0.05138317888410318],
[0.7723732062118726,0.6895106255520236,0.33665433573968506,0.07972930768852415],
[0.5654666960300089,0.019191532281656376,0.6485775279042405,0.022679425792906174],
[0.7786213016051983,0.29101598848179955,0.4934568566870623,0.01785393107672817],
[0.8167122234170977,0.655779718103047,0.5111643891702657,0.027225815318641468],
[0.6951733107131639,0.6578957271465913,0.25834276298128744,0.06677870702505459],
[0.6841508841942365,0.07576432152627266,0.19584273314035205,0.018229781169234356],
[0.5143812585153444,0.5035337789478582,0.6288840278777836,0.040379657107878046],
[0.2535726049428546,0.4943871101061087,0.4650499499517696,0.018763073443031963],
[0.10825034805286216,0.06388586713527744,0.27143615498678153,0.038492323090458934],
[0.7008134614292053,0.6133880626341506,0.6391712001307184,0.020922704444796547],
[0.41254042505388566,0.1315625167583545,0.34475872546716,0.01930613112245337],
[0.2940786861851752,0.5376818449801221,0.8201027515749285,0.02002502878549433],
[0.8787131610716382,0.5298771764119729,0.3655193755925531,0.02187363643724049],
[0.001890936886822625,0.6194031288775723,0.6578226678234892,0.04746861792921338],
[0.4631581617208588,0.6807862191222813,0.3743033517012987,0.022361832683864644],
[0.33318117361429744,0.523124107640673,0.4979702886410666,0.035144289708436506],
[0.8191496400135664,0.47452513632802196,0.5511447541363098,0.022781229014584764],
[0.5071439347134866,0.5987728278601131,0.30332440346893297,0.024802799653091963],
[0.6017956573342037,0.8991739139526306,0.6364529367076059,0.021142287582318453],
[0.17005589914176777,0.6178830418189962,0.13808355246472181,0.022394342323467015],
[0.6551019192644388,0.5576563313300525,0.8455008948101411,0.020687050918958498],
[0.7461158751845496,0.9314496839013546,0.8095200283107733,0.058783979137018424],
[0.8700204962733095,0.30132610012626215,0.5511534923815451,0.023851876033309273],
[0.9962514099285876,0.5143922514519557,0.49236856437020793,0.021899379239595916],
[0.45052753524107525,0.17187765271132582,0.39950313029246654,0.017029433996462458],
[0.28890339573002566,0.4803194785283559,0.019161746745984254,0.02681225659431386],
[0.6505630005556948,0.27377755101793877,0.9099964268371111,0.06005341133241407],
[0.9904022235073484,0.8830608486031439,0.4911731667836642,0.032453007887594795],
[0.12531245969281046,0.21940000202355847,0.47279248684055364,0.018049297343372822],
[0.10669644265883227,0.1892637739385713,0.3917922986166763,0.02493645990234216],
[0.1370483738618914,0.4167758589834494,0.00964704876532696,0.025743598197526203],
[0.5487806302934833,0.8503537534646052,0.41085745473629154,0.021761701595677682],
[0.8431865515752497,0.7111305975108599,0.6741337112104404,0.05827956408340715],
[0.9693847657305006,0.22155554029569602,0.5341574082251646,0.03575625267225113],
[0.5535288696629304,0.7403479100860969,0.4600196520235208,0.027523880560487227],
[0.18220621003943183,0.8391318696055639,0.4192555060476346,0.01944070631061636],
[0.6931209131544522,0.7176818833174303,0.2915566446252552,0.08277182244655971],
[0.537215118577981,0.047730433179355214,0.92109122089836,0.017531120743670928],
[0.07453638209782898,0.7418740877623315,0.6806212363961924,0.08898065389155575],
[0.35419414744037603,0.4870977019002597,0.9745145463269592,0.03471025970965402],
[0.6057837068631109,0.5728957595198761,0.9287869908122949,0.025093989277201856],
[0.8840081503441848,0.9900583266341303,0.853972278880101,0.021991205144486707],
[0.8826242738164348,0.3996637285409962,0.6720331251358602,0.021798910211144204],
[0.5303084117569383,0.6741404367185849,0.5892283931052944,0.019907033774498505],
[0.2702941020067321,0.9703607416671288,0.3943184002962309,0.03902750333541041],
[0.3721549512892701,0.7546891905269645,0.49600500689300686,0.019281347205276515],
[0.04403754253153436,0.2959949769540966,0.6333916225672458,0.04573667625710916],
[0.7103003844414228,0.321086491920342,0.5743899026737767,0.02001315360940606],
[0.8077514136902638,0.5504043125095176,0.2508609493677253,0.025585638203091586],
[0.1818330842153213,0.6993062064288211,0.38465705035521225,0.026820384065168186],
[0.7336897286721651,0.3784827086996898,0.229183727882325,0.030768863883212413],
[0.8274070656937326,0.2398599751881425,0.1599552504584657,0.05001389044645711],
[0.7843316829275212,0.39770466866890053,0.8936609692615719,0.019898848379156148],
[0.22458310214693444,0.5248962154831219,0.7152805956099465,0.025913921619580296],
[0.8258621864492189,0.5469778251547541,0.4252335383508513,0.030446640733474542],
[0.1345901189026163,0.4930128940273404,0.8505168736907075,0.01923195149927858],
[0.1916731657605607,0.44242462654794323,0.7010274960287166,0.017251679057524887],
[0.6277803482018469,0.636135871408299,0.980760726379304,0.0469517406804691],
[0.8254031064871702,0.01914260087610209,0.4295064535706722,0.030752693380205226],
[0.288943251443443,0.3767967413323219,0.4467019103837374,0.017633199997509848],
[0.26365703389661765,0.4901465176415314,0.12173340794223886,0.024404637808968573],
[0.30589467615271604,0.9720428774995775,0.46437545595323515,0.02179350421774083],
[0.9724364530615949,0.7894639714225465,0.7545946736081544,0.02688464570155539],
[0.11181555703094592,0.020131100443571026,0.5891853250530564,0.0424045441689335],
[0.4569549648081662,0.07874298101393873,0.3724259759089875,0.02723437996923911],
[0.5132159431587703,0.506352672189754,0.3814942599812934,0.024394366793207188],
[0.739411095037911,0.14499878308746406,0.5417428384010251,0.026454297365206915],
[0.9703805557429165,0.9020535153656517,0.717860558113364,0.02003722260755432],
[0.7288837211298155,0.7993188266680334,0.5643192942305412,0.022937867916051194],
[0.44592253644155755,0.15547253788712956,0.05282647091547865,0.028671314946681133],
[0.9316250684599662,0.5319616026554935,0.6462640822513754,0.01915102379852402],
[0.614270418388629,0.1117324931485888,0.7930829629844319,0.03182469630655314],
[0.7052910790623201,0.7932624691623419,0.784593772991066,0.03508536232178713],
[0.7974549735667391,0.7003761140614221,0.4741412372530025,0.022173019632046105],
[0.39954580057915146,0.2742231158688516,0.7248408544435982,0.026404586561049354],
[0.4025974604257053,0.5302416060119695,0.597863070725174,0.017262062742711845],
[0.1447421517108406,0.46486574708988615,0.7034238267199054,0.02000269688400562],
[0.3396978929791621,0.45524538548343774,0.7463941916672053,0.019308137913819273],
[0.29272287227843075,0.9791785773957643,0.5759196654904053,0.03417097301600304],
[0.00790112705984547,0.6083957736620607,0.15069762216802451,0.03441888815317342],
[0.4542029367537034,0.26368609389659425,0.8811651221437241,0.03585401575751234],
[0.9366052539710868,0.9814437148561835,0.3761663440636015,0.022570459507751522],
[0.2109238911531256,0.5547976060520392,0.8216863486028572,0.025380473008592155],
[0.32458677128164337,0.1168498664680373,0.6047477587144693,0.019139218705761005],
[0.8506520264189247,0.4367558881183533,0.3380558104556053,0.02461474175509571],
[0.43716803672514837,0.9057755212008071,0.21503672786302486,0.022486682479694264],
[0.7644452746537695,0.37747164751182694,0.6902543675218462,0.045243531607251454],
[0.3100610474387828,0.7572335505527854,0.4047539304758666,0.023457312084401098],
[0.3940882899215514,0.4433053265050175,0.4313439713504271,0.030105458891784273],
[0.35461979836623847,0.07310955653807027,0.23707576029980992,0.04668040766016614],
[0.6590173592055288,0.9989105706876388,0.15177518791251743,0.072112877998648],
[0.6613877642137364,0.17135172408400356,0.27092913645786043,0.019533752548620553],
[0.010262974539133718,0.06924835438362698,0.25456734928293245,0.10457445025860541],
[0.6282966821288449,0.6595880214308353,0.12416550321494502,0.042326220377487435],
[0.7931325390891979,0.16883377439106406,0.5476924959501906,0.03856114966713549],
[0.5912725300359387,0.19398349160370842,0.6122296993350007,0.03905783358816138],
[0.3677145650354894,0.14598684968296005,0.07354448844558847,0.06674235849399374],
[0.8561412473424471,0.505455222550125,0.7151632439705579,0.023082577063719613],
[0.7207894906940897,0.382031769886349,0.31235191021285946,0.021204292551223185],
[0.5422386630933007,0.9315345980771347,0.011553243533927726,0.024830934161475346],
[0.010910553781883436,0.37325903005259564,0.9057057599215738,0.07007097668796688],
[0.5322824593309675,0.5035956881144321,0.4801598861237716,0.02100714177745515],
[0.8408829879972269,0.028793028347497196,0.2615335625820977,0.049375003125573164],
[0.845860915761098,0.8840391214086782,0.4646424087307963,0.017604263288262915],
[0.3133466027632046,0.8102690416468697,0.37101430090252974,0.04281192023440988],
[0.2053726647627674,0.04007956381175182,0.30267503636364435,0.017760165186243668],
[0.4039421557860694,0.32310321615843995,0.6546813596657246,0.02636431788567293],
[0.7379644257398233,0.6705368275405156,0.7298173780033502,0.030298029819508833],
[0.7028344455103471,0.5037219234199829,0.4835498418829304,0.025668717878820857],
[0.3922966285380959,0.602856276756154,0.35770456146816576,0.03390829654037993],
[0.7930644858961733,0.1771311423226769,0.11881660091272905,0.020145899367572447],
[0.5613123831645708,0.3476751992795195,0.33918960918670227,0.017432584501348956],
[0.6521877010926098,0.7048630293396051,0.47600203551748366,0.020693112659652436],
[0.6441750563523462,0.5856918425029999,0.6327389767231413,0.01910424536397843],
[0.6165671020437541,0.06375024613910296,0.12509491766499503,0.025534163173682227],
[0.056205260529997414,0.20277108894293128,0.38069389140460697,0.04179060023564386],
[0.6080110332189309,0.7682399802542687,0.3770109974684204,0.03292176906133767],
[0.48280961275151757,0.4089678075554455,0.5256671028856015,0.030284151672964305]
