username = nchw73
detector set
algorithm code = VD
dimension = 3
self-radius = 0.0289
number of detectors = 832 (from an intended number of 1204)
training time = 86.2

det_rate: 80.15, far: 6.5
c0: 0.9997, c1: 0.9999
[0.2705668733757004,0.06243903352854541,0.8140044437777295,0.13281395477951866],
[0.895893044871154,0.6513862628205584,0.16174313863832313,0.049070570526002874],
[0.21054580778186605,0.7334401397437237,0.9869675787710128,0.1324876364356996],
[0.2296997596132735,0.8901684715961975,0.8056761744409874,0.10413783336443967],
[0.07458421765762546,0.6641894733822231,0.8505988425676608,0.060504310838439115],
[0.2508354161080396,0.7880350492719501,0.8341289431303045,0.1336836542057759],
[0.8734434204450048,0.9875258031349856,0.2506729291492332,0.043091232350507463],
[0.2780499587007116,0.8574075881974792,0.0022753494872589375,0.11640569738070088],
[0.21529496381681568,4.0006039942253047e-05,0.6873400957946938,0.11069726563469291],
[0.1877160005909082,0.3146240892317862,0.9654242277798538,0.08763215886822548],
[0.21080418966317516,0.9397226923628553,0.25672784162384577,0.04989795656272848],
[0.4059119478543126,0.12438306461322668,0.015705235332886258,0.029921669374880302],
[0.08493161857975395,0.761674354136436,0.8158263445432201,0.15270053347807855],
[0.014119882195248956,0.8671293464977818,0.2128041588637959,0.17665462444637958],
[0.8240842387824209,0.7618993266835928,0.2233592373543153,0.09658234552581436],
[0.36590965661737973,0.07303829280222107,0.333569794745572,0.05346045689589819],
[0.8108044837538535,0.2004761200534284,0.8443403540979396,0.1761109957551482],
[0.921459774693561,0.030889494875686707,0.23000087136738745,0.0720184510466042],
[0.9517986212797982,0.012954171105829748,0.7300900421612901,0.12003396500801795],
[0.04801761938958504,0.13445181431821074,0.6934833482710933,0.08485426179886404],
[0.6842533933761829,0.6628642307716623,0.05249022052945629,0.055293170230529876],
[0.31947062246464264,0.192510354952511,0.7952261648833208,0.07768406454007486],
[0.2374615359459744,0.6705321715371565,0.12816522276719367,0.05348196896827037],
[0.2496646649181351,0.7349234741724615,0.6421697663084042,0.04488992283422888],
[0.3404107176446439,0.7369079327159377,0.3129364909098046,0.045566287663574],
[0.7244978439842271,0.9403452323076001,0.9782847076769342,0.09322305241973919],
[0.35552192348923106,0.3611036250800995,0.6903937483615699,0.03076264129169134],
[0.008595057562354458,0.007781116303277491,0.06477142880102982,0.15869238272252914],
[0.6692764512247046,0.16078976156003733,0.9507353818738125,0.06676399578898116],
[0.39630051554536805,0.16580372010672328,0.06511828305053202,0.02923517896663271],
[0.9750504895822298,0.044327492967981996,0.3487736441749658,0.049528596020202764],
[0.16074454785985826,0.26989817107751857,0.02441909514837637,0.03959193182676174],
[0.38343272025333464,0.7945700551019744,0.22619475350432383,0.0480256453465987],
[0.9119300590298537,0.9491763785213252,0.9265853104377643,0.028929511977331564],
[0.8478232651378649,0.914134158429456,0.03536804563680973,0.2379947679854639],
[0.00474994564790554,0.0551145893499263,0.6741981979868973,0.06053165882066551],
[0.09376653490729203,0.9902320232276793,0.977437224150733,0.2680297462692937],
[0.044299783915205504,0.18421952221794602,0.9373574768740797,0.21461262222056937],
[0.4951141925193183,0.21726769463755302,0.9190966854012058,0.02908554306653798],
[0.19698902695304055,0.9940019573907943,0.35921323477927847,0.04095859169612048],
[0.9107082294007195,0.9532176272951547,0.2703392915747791,0.05097146310854182],
[0.6600806492659904,0.6653281416132202,0.9500310984311059,0.057496846582869715],
[0.8169894193719555,0.6236356574880159,0.8184605087577023,0.04944075574595401],
[0.21908049149995612,0.30396647693860224,0.801323083210287,0.08967653021762269],
[0.8837077810454762,0.3704175056842205,0.8362251964242257,0.029969910762428293],
[0.03732719432804543,0.31325633536045394,0.6453196744350074,0.038716293761270684],
[0.35223431146776363,0.2678098283190471,0.8138795443764659,0.04106624088616577],
[0.35015442365950145,0.2658406837375279,0.3526436194015038,0.03786499693708022],
[0.1513455303931397,0.3028953880098033,0.6885359960255036,0.08220845815169586],
[0.17605615120625973,0.31155161021608624,0.01029009535409009,0.0726212808181889],
[0.20238764961612687,0.015443733840396656,0.0255237419930342,0.10097144150959782],
[0.3424448858924478,0.2602531015308934,0.9508998493418784,0.050659658339304234],
[0.3159169731289565,0.3950127794712105,0.13399480336698266,0.03847433176171078],
[0.9568351292226761,0.7921494232743483,0.2782171387155441,0.0599906660274884],
[0.7477111120459503,0.8762532393602578,0.7841991561086,0.06929186304888042],
[0.5213071435271059,0.05216312614529417,0.46804570457363415,0.03125186092283612],
[0.3694438214735707,0.028492229742846376,0.25104652453632215,0.08320631995405797],
[0.8591811039519772,0.7118585095787044,0.8329626332262026,0.09656525553741725],
[0.19328901322486924,0.7788732522536467,0.20401781530922947,0.1335538397014133],
[0.8889326336733802,0.33737364773815093,0.9429862166036425,0.04277129632623168],
[0.6630156458877684,0.225677645888812,0.7458412881273061,0.04545073251190927],
[0.9458522196166059,0.7966469990760701,0.9350396111414796,0.052899895873128336],
[0.3822336524585933,0.8251043487738042,0.7036790238065369,0.030048893096402397],
[0.37876987981833254,0.2960686709022051,0.19610526421498242,0.04028359123325813],
[0.31318790844021693,0.945623407306017,0.12522313341467717,0.06791485647818168],
[0.11995403380488401,0.6664353196287022,0.601644303541876,0.03283889141995831],
[0.5327401276965091,0.2385088595913485,0.49635589942714153,0.030670814494943136],
[0.3537843495640287,0.3048330580104298,0.2601282434306985,0.02983864656179309],
[0.7085942068340778,0.67787069024042,0.20443819629840776,0.061416942795872814],
[0.7975132508254439,0.7516889415186764,0.3708620468021149,0.04671824571392019],
[0.008106352592997412,0.22118201184535902,0.37721747911222503,0.03389880908077446],
[0.41825557112148426,0.799040190095582,0.789100763012375,0.0432167647099095],
[0.9316194020929172,0.16390478445196843,0.9910470676830211,0.21893499928185484],
[0.3731254315796837,0.07073100728048332,0.5186648703114028,0.03674624667399458],
[0.5756967488320368,0.9529640260470684,0.8322947800541114,0.03832506602517578],
[0.6713137376669466,0.057563344354731094,0.8681339626874015,0.056608500561560554],
[0.6323432359114209,0.7611565453024383,0.7305884268823966,0.033834210149217794],
[0.21458174932705576,0.26678551678588425,0.6362058065426489,0.03806663473321252],
[0.1650327125297747,0.6501260782773038,0.7197302396194418,0.06166408086795387],
[0.2557975047732385,0.6724560092254528,0.26299883490357434,0.08045959408160316],
[0.8178844984605438,0.8656357255339484,0.8171191794219889,0.040182767964550975],
[0.7059991843473741,0.060769518693236546,0.7175925618179414,0.09187340097099404],
[0.3605996810536626,0.7476576140529517,0.15535369622633488,0.045739656830645195],
[0.8919751995908798,0.0817261949642556,0.06486174057660732,0.04469816410439208],
[0.9882129629716458,0.1913508317515923,0.5917152529244655,0.03584352238948725],
[0.010151664947237737,0.6587979601919604,0.23934402462272952,0.06124317475773723],
[0.8175407980078379,0.6687154806350436,0.34710485062807894,0.03607617181198147],
[0.7850998192334616,0.9209396100623924,0.2691343330800996,0.041398432925300294],
[0.9587085343852582,0.6163540744489754,0.05325299273865203,0.030585315774656164],
[0.3107014362086473,0.9920517958550178,0.32339380697060327,0.07535959080205878],
[0.39061233467549794,0.12436164232121139,0.8812914490758876,0.03158264234995724],
[0.7171382630078843,0.8193479771209483,0.9525297152001457,0.09742546736434739],
[0.9057279839569164,0.6670348782780608,0.663964755651795,0.039114941063724526],
[0.29420396702548923,0.280384985272625,0.6920877092395602,0.07954987481126895],
[0.0024950542575798984,0.6937540931437916,0.14529952446094774,0.10487591367382783],
[0.2502781622449053,0.28075292158360465,0.0150853575509039,0.043340493738573474],
[0.02141345818995588,0.3581087530545899,0.27491501033390864,0.03136358716105192],
[0.928081541524057,0.30534221284046315,0.2820458845113648,0.036974841744544226],
[0.9685958514098603,0.9822005317489447,0.32844009880970126,0.05714324359400959],
[0.35238529554474785,0.6446536537587412,0.08306269816998779,0.03289986562546651],
[0.9014942499038688,0.7528184525523813,0.6870192603681156,0.039287139248684835],
[0.7639424542324562,0.8518108638252347,0.8726000997262614,0.057001799211881324],
[0.30527230536444705,0.24660844786283298,0.9856419270757327,0.09805288097675054],
[0.7238199087589011,0.9324313229506502,0.25235711747718803,0.06825270573033754],
[0.18869212677695824,0.14236285290220474,0.6535812532928256,0.07086077136860615],
[0.3558060524565001,0.11581802682030795,0.08110746853136663,0.04009875573978709],
[0.31593580820485767,0.11113008058480811,0.3886175726443506,0.03001664539649129],
[0.6575685537188198,0.6817179741314561,0.32185829924725085,0.0466650453760052],
[0.023617152761969074,0.3285256314049635,0.01576503081089664,0.05717235559616668],
[0.6694965469383497,0.40212238809416134,0.13211380278118168,0.03158201493470758],
[0.31151713108006374,0.6417850761327593,0.7375823343042079,0.0394978672158951],
[0.8588864614441355,0.06992440868378103,0.6765863592589044,0.07371596161859119],
[0.988416176078668,0.14721718657920424,0.7105529472474231,0.12602788076839516],
[0.17376984266804518,0.6843352565423009,0.02703658192288294,0.09717784162710301],
[0.9085390184164355,0.3516540370571928,0.09179901915990707,0.03971303941403663],
[0.9599865778739664,0.9311295223744426,0.9569635470650764,0.046158302333335566],
[0.37210502691397374,0.12777852040340987,0.6978254829289513,0.03527990530050719],
[0.0278813123931263,0.2715571574519925,0.3445747083321332,0.07099054802484475],
[0.8285595779641496,0.6615807462935236,0.07131939151275268,0.04931870210748203],
[0.6206573901637159,0.2564263241176371,0.8047695604114502,0.03090790125828465],
[0.37334767905725275,0.6861612902382811,0.7872690327951225,0.03098839045390069],
[0.6616079644467494,0.6788675918738988,0.1169432880669522,0.06515159172301485],
[0.9425791305194231,0.09322095765230098,0.34365274812097646,0.05621142911719737],
[0.6381107648724366,0.015584119169255173,0.16396480332661723,0.03664816264242843],
[0.3172366383262736,0.7048430226712249,0.7304719563494153,0.09038893346921703],
[0.23076595158963875,0.37118659870197424,0.18650537959172797,0.040580430619644586],
[0.007980235120309764,0.930536878638938,0.6602572496727994,0.03993945655214949],
[0.358091619451008,0.3306466354566122,0.6490438960771783,0.046052682592651745],
[0.9523201522122757,0.35852478564010526,0.3114753217557591,0.06049329853714547],
[0.10296764149242532,0.7699213248454204,0.3435975411967287,0.05431397500459016],
[0.9808033155276443,0.6946114734450164,0.31528552972537804,0.06682711184997761],
[0.35164794118965037,0.3909026586933777,0.0703210487422965,0.03828664162783546],
[0.9686430519810955,0.18719537786899498,0.051758136821267176,0.08849271448013347],
[0.11350703773511006,0.6408969065114246,0.261183158701662,0.041309429560305644],
[0.04535837777980167,0.6580473123053319,0.33322069825105793,0.049010934817741325],
[0.6600011401489856,0.683062560145602,0.2584700150770768,0.04361162971725484],
[0.33846161146754306,0.3027225692918126,0.8749138936400502,0.054133270857554594],
[0.30876254600980657,0.6749477160230206,0.17779185782656737,0.08073337414457725],
[0.9328790244211985,0.3033180454297296,0.06100069667176955,0.06662295921069215],
[0.6740543731287866,0.2497809637567463,0.7040400230870637,0.05923075756771981],
[0.9388245444507515,0.6378917751479972,0.22989880258422568,0.03638525271373007],
[0.3852010308088726,0.11475135282912263,0.2637660226418005,0.036357408635587465],
[0.6601817729292915,0.988100708927599,0.6514729764377084,0.029524191212282506],
[0.3792266585531041,0.00469615041231819,0.377400001308966,0.045695226189280985],
[0.9641149515303045,0.7518934577657047,0.8136081361610584,0.061328322334545854],
[0.16121035099304437,0.03924222655449028,0.15013950335639603,0.04193227365937256],
[0.39409252968002273,0.19711651117710038,0.8266108709282568,0.0404371677740232],
[0.999508492418415,0.17288677024783794,0.3035165704161369,0.08180737500106082],
[0.2965506055496374,0.15646671798195155,0.016652274275342438,0.034731303195116275],
[0.9450034935958604,0.7070969128410842,0.9139330510221266,0.10613038614309749],
[0.1170414622745597,0.7286484186930238,0.6547681051484979,0.05214193024397515],
[0.7151994800503422,0.22075869613571752,0.2094529307980787,0.051548651801511344],
[0.8742989260445208,0.8617570062464781,0.9531650171218582,0.0583382362067784],
[0.8278138266681304,0.7136989213030599,0.6821085704067531,0.03420856810484457],
[0.8939029041080768,0.9931718208022097,0.9738358089619774,0.07999928972564499],
[0.864905000435176,0.08148360753108042,0.40107239760876967,0.031925003659403234],
[0.8608339572842418,0.31534721378693265,0.07652889749195035,0.03670029439283978],
[0.4195970084283862,0.23806559724903698,0.1818535253225062,0.030274949162988802],
[0.673994526750977,0.5518961244159705,0.1990982820409184,0.031840404951629944],
[0.9253428555432217,0.6780784416251897,0.24505262990403143,0.07386706374653752],
[0.3625680356973323,0.6921148712774188,0.9623149278248294,0.034764015103361995],
[0.16134226333644808,0.9658455663259099,0.24638590587580578,0.08703704608887308],
[0.6326887652069018,0.9134141896141874,0.21220282414531277,0.03260905834480696],
[0.7014201268634563,0.33885129699867467,0.016093308180089805,0.04161330789765534],
[0.9873781319843251,0.44210484107797166,0.5740861972245707,0.031237190096362177],
[0.33564272854273225,0.6833458426612978,0.8860561829791209,0.044323692465767034],
[0.9896108909446599,0.8362494912451713,0.21680523941429763,0.1032759377220795],
[0.6641932822495699,0.8101966266639147,0.31021361375823775,0.03184075352364328],
[0.37651433088156705,0.6723530264491723,0.31781098783269834,0.034909074173248206],
[0.08667847828062569,0.6601896694685159,0.9303657626332321,0.051263363437272794],
[0.7848354811489083,0.35810595647274035,0.9584262040878236,0.041058226253245345],
[0.05715242339013826,0.2803234352533207,0.06170011295800615,0.0515141366764265],
[0.21920982217092944,0.5901846162455546,0.4931440195772402,0.03083262702770723],
[0.7867561023792125,0.23316166080900558,0.14147227843495547,0.031246320629265373],
[0.7256893519319552,0.5782127934588034,0.9465156930150727,0.030620254037526506],
[0.0797339947506549,0.23658784571100056,0.6908258276361,0.09472843502961488],
[0.6281462051320639,0.7069421011818124,0.9894139427109483,0.03856937971147752],
[0.3394288616471166,0.6756478470126518,0.35684537726603416,0.03788309172632777],
[0.002633767276377208,0.2936651715573134,0.2462311915675527,0.06461175965935868],
[0.3400782546094332,0.35398861132481274,0.7839953524107486,0.04354632159917819],
[0.6698156781665778,0.35731129050980814,0.7523564744324113,0.05839530814757085],
[0.2646381868918273,0.6511773029250719,0.8083861039530594,0.06864345775466002],
[0.6974614913731699,0.6857881239092675,0.8063102373056799,0.028918045567626605],
[0.8539319345254548,0.589829310558463,0.9813165919472518,0.04475741994850692],
[0.2961159430427277,0.08466466638545156,0.9691739266045147,0.08085304372834495],
[0.7438284968429334,0.65881026654013,0.024181930963016907,0.033495108239973675],
[0.7549681914945977,0.2223452639163157,0.01003529045596896,0.03016968072485401],
[0.05696963197197691,0.13920213227575629,0.3344686844299807,0.034295332386958616],
[0.02283221063151719,0.009187507928532734,0.29567009447096537,0.096432713428782],
[0.2450072937066735,0.38862069039142433,0.871725135865096,0.03814192628349297],
[0.8856107457842415,0.04582926246151775,0.32712636794362915,0.07030006109029313],
[0.8712823691297574,0.7858525683124601,0.999170671787047,0.12173919961035866],
[0.19083411460901767,0.21767158190994584,0.7629645994146402,0.15833897316364925],
[0.09606951870935432,0.7603974114527102,0.07535118478171643,0.14117677590348912],
[0.9468571558916603,0.10063008888832403,0.16548710151710888,0.06252605984611846],
[0.29705396201081613,0.35931997869475374,0.707920849875065,0.04679237833703104],
[0.001069140529085577,0.19037723460778855,0.22743724494063633,0.030006119857867043],
[0.31244300509400824,0.8420088883392358,0.1365673843756895,0.07641003605841049],
[0.28619305538373585,0.381291092036401,0.8793898018783567,0.03457304250609437],
[0.5308331922148214,0.8891321855256084,0.8076394249248351,0.03006625308531412],
[0.5579789678010789,0.9677885983872134,0.00838109612119875,0.02967922304880215],
[0.29681246267915573,0.02120204549269067,0.11174424344378986,0.07218949467330642],
[0.006920799504878783,0.7484813881843592,0.35971105371878875,0.060108418326873095],
[0.3647206447411081,0.9996134242912672,0.8586180923013418,0.0596824432593393],
[0.9762272558479719,0.9892017902031753,0.9495829714639459,0.06812648405357868],
[0.93461814364716,0.7047539700083665,0.6975351847135032,0.07636703491497843],
[0.6139906056595967,0.7653424590716095,0.07660754069907139,0.02994611732001638],
[0.6906654971134393,0.10863399108422755,0.6336922395371891,0.029227944894755675],
[0.11511262229930541,0.7851780884402595,0.6573626851769898,0.053999296659887924],
[0.8266908064075581,0.00952388241560187,0.746511082552472,0.12973330496397545],
[0.9949627796698548,0.2758701406799188,0.4493819288612677,0.04403047231984665],
[0.7931249169124082,0.22700025971219084,0.19015949130889787,0.04665701436484565],
[0.6563808941508726,0.014867554398595773,0.6350424962027823,0.03612998157243211],
[0.7094282718081416,0.35789147365904117,0.8227721728032347,0.04952978028999214],
[0.8235524793955069,0.6704806952467532,0.6031684973030137,0.0359273963582923],
[0.3945893702363662,0.6499880811492802,0.23921900139055452,0.03251202365793242],
[0.03888960449927126,0.00570826582148809,0.6945012397883079,0.11043341481346798],
[0.6748610131164309,0.32306506787787603,0.6462693769284255,0.045291608472930414],
[0.9311669724574706,0.1767245249987841,0.35720386703164464,0.0487920688691979],
[0.08974084632200185,0.9895837996725554,0.6603459834343179,0.06208358835869937],
[0.8681711742528998,0.0028805762177246397,0.021795026049507005,0.08329545859770462],
[0.02699447929886123,0.810530871393482,0.6743128336586862,0.060998527206311215],
[0.30652796634642854,0.9844916401596197,0.7203736997160617,0.05083455630818565],
[0.644373644981702,0.26141305432096273,0.027935487827918992,0.046977924227152607],
[0.677303707863999,0.8400127357025047,0.8563692893373351,0.042005774648630506],
[0.06068155521947549,0.714789920684314,0.3024367496272764,0.09194950716619114],
[0.7515350001593839,0.6791966287900941,0.8584355354016915,0.06838153963019133],
[0.9826925472746637,0.6407803282686589,0.6255670490478453,0.04621750216924175],
[0.13605813072909212,0.9987272535217865,0.34680798660926526,0.06619779736353151],
[0.9663905821827323,0.3109554224262966,0.7053213932341105,0.07661997049500448],
[0.2766033399620139,0.29431691238356805,0.36971222057622466,0.03863238622554617],
[0.257809882350139,0.6601205757478649,0.6771872592013193,0.05639384221078764],
[0.79012750939946,0.978932135093315,0.6685796774874786,0.042063468119647576],
[0.9742508331066356,0.2175391161153093,0.37067789060432943,0.03530802793724554],
[0.9928764056883526,0.3496308166934853,0.8300857543469153,0.03156476700572812],
[0.2881546670545827,0.6153538519217604,0.910605299197165,0.036585318410110104],
[0.11318274935114447,0.3418663875752689,0.22955325756202982,0.032507728241671724],
[0.36507970695689584,0.14453142987338374,0.05415597836149921,0.045913216473187024],
[0.38962679604010186,0.05755766371454296,0.3852646787306475,0.03558015172643719],
[0.7320286658126859,0.9731541756368172,0.6614682967165194,0.05720456714988585],
[0.9591837655844407,0.2748838093957334,0.12145870977406881,0.032512123079646085],
[0.7580640682449099,0.6976648762840495,0.9917297957896409,0.11285112631259205],
[0.36452904192393165,0.6957833411462678,0.07849474962292402,0.0355118927887782],
[0.8691631657195722,0.6155659587829594,0.0848452495505887,0.034390048742266185],
[0.3674241892850131,0.9347627791256881,0.2028870478574023,0.04175017845876931],
[0.04338026671869877,0.07982470296666155,0.2263420512581652,0.050680311509193374],
[0.22127233366758992,0.5405992931435453,0.3322134316442481,0.029102207492130546],
[0.7282330228056102,0.6876729418807644,0.1101571047400961,0.07347484959529464],
[0.1847804109950465,0.3685491589374179,0.2962752177375052,0.031460959981752426],
[0.7991648573992368,0.6162014340943495,0.13830764894251846,0.033614705369306816],
[0.9916496950200094,0.3320478969148315,0.3898707919800274,0.05228058014693998],
[0.05502027219846173,0.16865782184261702,0.021016523670792764,0.06413786681539918],
[0.675763744791042,0.8687649393002764,0.7514360081894103,0.04884931995900382],
[0.3200544829320734,0.12961091388025014,0.6777771093443402,0.05612173104436487],
[0.6615994283323772,0.34105917174390243,0.058936734182011286,0.040315479330967297],
[0.27493958759196246,0.7035588555081715,0.020094208072265363,0.11842371170660755],
[0.8489269588334144,0.6306539182746114,0.9616655621765527,0.042253632105400535],
[0.20955017078112703,0.7912291321697282,0.6806715854285459,0.041990332659964505],
[0.8680737418290662,0.24498977748351136,0.625761598075439,0.03389225015794241],
[0.644635569647302,0.14615076451094777,0.6479698448426208,0.03874430850152644],
[0.6700144235035446,0.7523583764730017,0.29113010848560517,0.05649859518667688],
[0.87361162624835,0.6587682011605346,0.3043628567961957,0.050289963742856186],
[0.872837342764117,0.736328462730973,0.6509853465363031,0.04003638467778989],
[0.5737249521736862,0.9447300689023009,0.5909815996786849,0.028990068636324865],
[0.2276808831358671,0.3142613009909764,0.1685561639132609,0.03135868180824418],
[0.3334552549121821,0.7861170611498535,0.3634248527900259,0.037645783919743867],
[0.2653756419738569,0.11316593476499393,0.6349314865496541,0.05316022047862812],
[0.7095296541043109,0.005560853498636775,0.9936516484152818,0.10704497450747193],
[0.3104048496402979,0.3584356916977428,0.8299702968087515,0.03974523662855803],
[0.33753023288058037,0.6868058065995595,0.6423785383641369,0.04981628737629955],
[0.7628712393289492,0.965813923146208,0.7405718168860719,0.06751746810385645],
[0.3660491421705582,0.3019572236660537,0.0873919237299422,0.030254646459833622],
[0.15328375588292587,0.9731536994767901,0.6662098734268457,0.05156214738431045],
[0.8916321256580377,0.04078464002978299,0.11869244084186459,0.04762567717129533],
[0.6210764099166418,0.7926687382883508,0.9376553771109526,0.02953351196371769],
[0.14150860955501987,0.36793401947429527,0.87905266440713,0.03150175615049555],
[0.647537842519145,0.8702517522402975,0.9994654009892062,0.08339850210918144],
[0.6574449548306764,0.8404891230267048,0.7108369067984317,0.054826906149137086],
[0.25711147413515323,0.012045604443698621,0.9530746652627377,0.14692890375479103],
[0.6264807425226332,0.296377798931471,0.7007481525729753,0.03565739958305304],
[0.8947725270208716,0.7721516697337462,0.741132462702607,0.03929896226125752],
[0.002444724141731913,0.8202225650338814,0.43608257915222237,0.04360651620569034],
[0.8218114054685713,0.3615879496568898,0.9888238122706517,0.03885462060229318],
[0.831916364444767,0.3651295058447519,0.7506331711079538,0.04279991725509344],
[0.37385322250777353,0.23808805429199187,0.7239878747216288,0.03762763116911515],
[0.17530702679973542,0.02702781289863876,0.240607664874804,0.03348153203949113],
[0.8585095996110221,0.7446453183701848,0.3298515738848534,0.05500984551436018],
[0.3419052673115699,0.22740481792298195,0.37689972033234553,0.03215397824633748],
[0.9855562008577071,0.6409392536050434,0.08466233400094769,0.05805582049984882],
[0.34737495818998176,0.631028006333674,0.8959454689890263,0.03507116408515043],
[0.7507897116349663,0.8478768591347674,0.2950148591928555,0.0485181774328569],
[0.14515420845501725,0.911403656008385,0.6940862271255279,0.08258516320463834],
[0.8891478201668582,0.13896774288110325,0.3632286637858092,0.03293485364744052],
[0.7542882323128209,0.8080611957804441,0.37214086866664275,0.030626242638559304],
[0.7502863041816268,0.892188171113994,0.321561265825584,0.05993031953388951],
[0.006298449442833642,0.14898909429150542,0.25518733417691686,0.05173629184998839],
[0.007623078964269614,0.256561301646808,0.1845591901514101,0.048589513618028574],
[0.952327699231375,0.6909317830545285,0.058866592504500104,0.1027025662981587],
[0.3457806748954785,0.7698493613379722,0.929248172170338,0.048328147722319345],
[0.28801544051655503,0.3481121593690861,0.9916436557772204,0.03646331506403079],
[0.35490857877968296,0.8765737575004201,0.8012400541877298,0.03736945305044989],
[0.096259690572575,0.09131812040216714,0.6175492524587822,0.03161296103667295],
[0.27780499809196857,0.3198591064468923,0.06031148610159209,0.03251386628825109],
[0.6962526579250881,0.25001642813714287,0.9735698558013033,0.08036320185986508],
[0.03946487194509918,0.968306185837196,0.059148582623738344,0.29793212094144295],
[0.20447840957677377,0.9894167264390138,0.6227385119967597,0.033243260615274245],
[0.17184694664721778,0.6403131958432127,0.34531216820893573,0.05265952413597795],
[0.3633553664243323,0.9952448919940841,0.1616113736580278,0.04706941868810799],
[0.8349413534370215,0.5360076545507483,0.6698883362360987,0.032797314058078064],
[0.8439977113617402,0.01385284986605484,0.11468451980722105,0.0415368956739539],
[0.015166685039956662,0.10391994037943864,0.3221903896961287,0.054420708954104474],
[0.9182332081537047,0.1232594222550788,0.012413034550395663,0.08107418607146953],
[0.9934578249208236,0.0831141023828581,0.24662320722345898,0.088118067055034],
[0.34779107261417463,0.36701848054679953,0.108356643895269,0.040165068582178345],
[0.6648759231632362,0.010974801312854776,0.09225229116579992,0.05689475590171543],
[0.002407754306161136,0.915976518773898,0.38607002230826937,0.04956474988095205],
[0.9265012048769672,0.6112849771141572,0.2842513506449559,0.030962752036112904],
[0.27145882015825795,0.6475229247328957,0.8982927465223459,0.06149846171852319],
[0.36763210468703245,0.8529812403823075,0.22266566904239915,0.03281960637389594],
[0.087582548732419,0.3512710595521731,0.7257790954008084,0.05289356362245197],
[0.9620269741857105,0.035803518299003856,0.009152325862956556,0.13942834337113932],
[0.38105870812205145,3.17769406066315e-06,0.018850171465720766,0.03661232553175851],
[0.00716135028579401,0.8037517956276634,0.603562220418185,0.03134457459726489],
[0.41710581624862864,0.42097572261356,0.9459828912251177,0.03315184673270316],
[0.23194159794210012,0.0015417096018135457,0.3266796685991795,0.05284351561086614],
[0.6961324610231168,0.8503426478880002,0.3408524379061809,0.03679084113521279],
[0.13476689357888672,0.17714727237447525,0.005828180359245594,0.04494012303840875],
[0.174066702044688,0.36967596012884885,0.21948855060661687,0.044476026660758616],
[0.3718247951507252,0.9815471908538133,0.09276475536028583,0.03259609804190161],
[0.5405580496027054,0.48349366251929915,0.006254176673534229,0.03095788790164714],
[0.3768772067946964,0.6345002944806881,0.9746248666475673,0.03306155605368023],
[0.7581414467526865,0.14729636528329593,0.6626625614863669,0.04246168488445366],
[0.6690929378164834,0.8216504392921745,0.1843261927956501,0.0563373715852601],
[0.8029450080350141,0.3746103903158631,0.024040838842676493,0.030077074705168075],
[0.5743620273443311,0.9806350653958921,0.2465469258375993,0.036131148732607685],
[0.43886007916272163,0.9812511163606052,0.3238165469686991,0.03486787832883169],
[0.29084295643871017,0.00797146186036679,0.32592025571057215,0.06419078338258254],
[0.5546034420497187,0.16134692156780517,0.13871980416861607,0.03382069876575325],
[0.11213735810497527,0.6653902129760682,0.6407877516933629,0.046016256797484764],
[0.4097420776286259,0.03645109936297275,0.7948271301655178,0.032568158127390084],
[0.10322022940696374,0.2554292443669488,0.02661785280084461,0.03737627993391371],
[0.8316777155989147,0.6491479466354604,0.20367266529468475,0.03890829575257265],
[0.8304392959492881,0.6361144811581727,0.6455147464859659,0.04220052835315835],
[0.23849510216586278,0.3911855945923842,0.1077049053400494,0.04117990909560827],
[0.8622599935547679,0.35364363256425735,0.030332597099390846,0.03701275762904287],
[0.24014792859389444,0.9808779541904287,0.6458646637130532,0.06289220295616384],
[0.29648940303876326,0.6074680885284862,0.312440449969259,0.04068439014832417],
[0.6287517918507394,0.10743993993042267,0.03158364777533296,0.03839809354875057],
[0.3122314161060501,0.8290075014119634,0.3531565060537183,0.04732957637017218],
[0.9988627008280407,0.3175205188293292,0.2846329805389437,0.0855022793168345],
[0.0069844434502859265,0.330400788953493,0.771389925333879,0.049237373017543495],
[0.6979198726655018,0.3926982762486645,0.37523737374852917,0.042774714284738724],
[0.8028420538596206,0.870271057612503,0.3019182719683755,0.0310541933209857],
[0.0625596434276039,0.7264662562503823,0.650639475069517,0.04496950814115777],
[0.383018639770211,0.0011224058333380027,0.46257324862434557,0.04020757246605483],
[0.8608360016516449,0.6597714186054878,0.6278801070122199,0.042790396361924526],
[0.7468915516980181,0.20604827345795063,0.14484511888808238,0.05799662525322198],
[0.1379302107881183,0.3578375525713684,0.060597847727661414,0.04500494818887622],
[0.3548564031545124,0.3540819268329234,0.9254315250083399,0.03683074049827979],
[0.6806205070275294,0.7616341502764341,0.17941525375940648,0.08001746495150454],
[0.7434605935967938,0.42058791904293447,0.37113433264747064,0.03483184396607589],
[0.6047143593048496,0.8097969679139249,0.3275057111494245,0.029917443524584256],
[0.8171712769839976,0.6746148619060697,0.7395795386583898,0.04551893085396075],
[0.3313260415658681,0.6357262251796152,0.9341629723663747,0.029304410335149144],
[0.9924286580550391,0.38985262119923725,0.6695356396625237,0.044437720143024884],
[0.7025379047344634,0.9818350325396545,0.8744687144338825,0.04664344083516926],
[0.8536132927460255,0.20863237365394038,0.13389738103480042,0.036294590819691705],
[0.6458334395124533,0.7488643209906739,0.06170935128164423,0.03888442613542675],
[0.36993997677467017,0.0378876526803158,0.6577817629558224,0.04439826574732564],
[0.2825071011414414,0.9958902482687203,0.7648573967040686,0.07915374655326256],
[0.9946562328078453,0.9327083972563146,0.2578431257125827,0.08500266156470224],
[0.7808651703801291,0.3328713752382073,0.7012112942459788,0.06090975620220894],
[0.9945471567513611,0.691487537738509,0.19834554753728173,0.07649716863814218],
[0.340587397061208,0.6451974323556164,0.3249259538461806,0.05000727090851462],
[0.6207949782313762,0.13452349904242067,0.701829819802336,0.03097617341194585],
[0.6087602665428474,0.993003843310396,0.7765400284653045,0.039132585351526986],
[0.6792486593540509,0.8183461665038165,0.7711575962103124,0.046883423598899285],
[0.5037349870597346,0.4964593794169688,0.3427144739126887,0.030338371340128078],
[0.3101423553666294,0.3598380915203637,0.1798023202383613,0.038190094018782345],
[0.32923059339858485,0.4927499493260068,0.0022703013102121083,0.03645367454092496],
[0.769953329659428,0.6704294241186235,0.31089658994663727,0.050381241078675656],
[0.19066436301327294,0.003958228332190394,0.28278494323348013,0.04203515742021964],
[0.0074906787986057655,0.5946453058006214,0.669002505510885,0.029268074775823254],
[0.31140295804773255,0.36733202253916153,0.02363303644966397,0.041058490979979725],
[0.21807439711498122,0.19164368891084005,0.5943014197608917,0.03112422251971986],
[0.6328336649654303,0.9578898763480798,0.2102731754815661,0.045360574528431244],
[0.9936187273168557,0.8927030384118694,0.6936210814201785,0.03436663875586052],
[0.18408252814533455,0.7910762453541484,0.6386721423503665,0.04100057939888402],
[0.47060346687925014,0.5381441826351075,0.6139623195726019,0.03101070607165272],
[0.3761701107472124,0.34223342875292484,0.2713355942971879,0.04330160288828394],
[0.7566521815160164,0.7936775756582619,0.8250135910965001,0.06464395102985923],
[0.8009679897561282,0.9482179379058753,0.9007833154616266,0.04483980686761663],
[0.6087522946821046,0.9689034798145704,0.8596833010373206,0.03420650182545333],
[0.9491696323612306,0.004185599870136447,0.2929916143855187,0.10632258102285126],
[0.7068829641330693,0.3901902697591175,0.9095939150935973,0.03410391640051404],
[0.5833184963379535,0.927660366792812,0.7595983664049705,0.03438683753796201],
[0.37363093121912694,0.8018013459606065,0.9896827999727446,0.03154476581533572],
[0.9464970057750721,0.6121815800823631,0.9878108846293628,0.031337937511466296],
[0.7202579709838813,0.814225421848114,0.34007930370738715,0.057500211382513336],
[0.29767727942567046,0.676872653552982,0.6122834614522781,0.031315795926367865],
[0.3439872538981842,0.7384514253678813,0.6242019588627326,0.030208073231329607],
[0.016497771222223512,0.6407658464655164,0.02919814492279127,0.03565150855541596],
[0.37279799910676115,0.30629305847197774,0.355672550802399,0.030952438897103595],
[0.7637122687870996,0.34386524659172113,0.6265345148316749,0.030337032201349704],
[0.6515357288103816,0.9073947261007385,0.9122675730841696,0.03528062712211087],
[0.16869583039264746,0.5483532576536462,0.17061776486808722,0.034343655581225],
[0.7904634932622617,0.9067840238250218,0.8739043333355453,0.03270946704223414],
[0.9971691996603879,0.42277279712830673,0.4993593438375509,0.03390822384959287],
[0.375355313233552,0.867288767799022,0.4187716877769879,0.029875176501015583],
[0.8340489233402847,0.6627528211350108,0.16344580601543268,0.05725185224048815],
[0.655992528932841,0.942192717542451,0.34737658541082495,0.034364512160747845],
[0.38697586417933416,0.1452555069203486,0.11197850029426315,0.03345331614943327],
[0.5058664621675512,0.7548978435202517,0.4004413314950105,0.03027941364489931],
[0.0334981403889123,0.3382211822987865,0.17839407340235158,0.0377682356213315],
[0.2770832904678924,0.297250219065505,0.8998511708614433,0.09425853090545877],
[0.622263663692919,0.8079522169276605,0.7968848266145007,0.037288255856516656],
[0.12009193845304666,0.30219349289829267,0.3742759962008154,0.032434590480130365],
[0.36634502747985365,0.02959194935470466,0.0022716563931173273,0.05787318288834556],
[0.7122596767997487,0.6393850144505131,0.790994884122899,0.0465663692622386],
[0.8687224494101355,0.31181975408331364,0.3790939892537015,0.0314419576484911],
[0.39570070104342125,0.2110444630745043,0.7479409968635845,0.030692143047632698],
[0.6342749391864103,0.9877740487245853,0.8208740710485846,0.04949867800401371],
[0.6598456898264844,0.07915436316458113,0.3530757763903656,0.044299683696343545],
[0.8197184944160498,0.29326441028521344,0.36223834802387356,0.03310696883621912],
[0.22992403375402082,0.282152634215442,0.36767531900124695,0.053024853773337474],
[0.3953996030953061,0.32156257576741787,0.8189350416541573,0.04210036092994476],
[0.6299444922232874,0.29716519420893606,0.9386040840352794,0.03685798008823596],
[0.7299040204909929,0.052209439587823425,0.016353617399244902,0.044919310569191934],
[0.6462567934516905,0.9907080297446642,0.3297353223888706,0.029215096913001486],
[0.1559033956179623,0.6507029916515233,0.2795255444473086,0.046668436118661505],
[0.31632493583035437,0.7714778736968507,0.2863553859965675,0.07169634882734804],
[0.21873610076040828,0.31121382102418216,0.07840776389342485,0.030676289104633114],
[0.6943616408764043,0.019513867648372485,0.1515707353160044,0.03811474964822684],
[0.3811869157193102,0.29484124731549943,0.7311541478465446,0.03153578948953861],
[0.09063279401710878,0.41265229200393594,0.21976589211268371,0.032940671845478525],
[0.8196620600788733,0.4008869944469544,0.9962976165169506,0.030372195884271532],
[0.6462167557960578,0.18787845524765734,0.7054622040771671,0.03352967867191485],
[0.7269362715507487,0.9846537691036155,0.3060271282155569,0.07664320901045742],
[0.8933865610613574,0.16146113045909427,0.09746496678098426,0.03591285004729618],
[0.7997789335205392,0.22922716174262425,0.6477888393044632,0.03362604638785251],
[0.871066419687799,0.3492725165261278,0.3415461788824765,0.03640087638771913],
[0.27879695135688465,0.34579242032328084,0.316934372180266,0.03584957738446501],
[0.7219934163988373,0.8167201545505431,0.2368737584271452,0.06305814906759483],
[0.4031654714853101,0.757079369402646,0.7796424304208508,0.030694912191973785],
[0.7215046478404673,0.16638137836926892,0.6431092877622681,0.034168774224733175],
[0.08390679772284249,0.31105918792479925,0.26617016198095533,0.03885209970319947],
[0.2988365830609899,0.09131737737030621,0.36441439489407346,0.03554590083327709],
[0.8371594360601629,0.7835152804584948,0.7108673456408292,0.041387992212971986],
[0.6239030804559488,0.02321364375320356,0.7972786939457821,0.043853768021775624],
[0.7467401265751472,0.8906468233155589,0.3819699968697752,0.034200013983499186],
[0.12946708782151606,0.07018444657136125,0.7433637551318242,0.1525977171105781],
[0.20760639800766523,0.681929974895391,0.6471869811047458,0.056196575968873966],
[0.24080440536067405,0.0923599459079728,0.37319260672103927,0.03689035454979123],
[0.6294487952156107,0.4670362271989068,0.01019360291710858,0.03167791341736444],
[0.24607198974726419,0.024955785631242455,0.3775827621610721,0.03292447811232385],
[0.9260687004470082,0.618564772064265,0.8105310932884264,0.03010455593750842],
[0.20910625427119645,0.9516578359514893,0.3649512180402352,0.035157380428597534],
[0.7217207200037252,0.6090811423410887,0.2680057502045792,0.030972727262372764],
[0.6461603587486117,0.6519197889793575,0.7794885977661605,0.04299790495740313],
[0.6583761578142304,0.8937683575069714,0.22841264260798932,0.035082901090953675],
[0.359254507802812,0.09158121220906901,0.12293113112258602,0.041881589091030486],
[0.8658990162004101,0.3193584886474068,0.6680612475928297,0.04424724437744007],
[0.9033341637080866,0.10950199608789712,0.4167293133024722,0.03522902798877833],
[0.1667960740068849,0.6447543449490128,0.8796956000331119,0.036849723632946224],
[0.7254977009344559,0.2588941095528272,0.6542397524933815,0.04052958382181111],
[0.001291150822835374,0.36773113037559113,0.24482197532830263,0.050349010421497115],
[0.24299809951497764,0.407717217019515,0.42804482079284545,0.02920329958064331],
[0.36966533247882516,0.9454578504244042,0.25621441715816773,0.037057847735689875],
[0.6290129916036281,0.7505463001245685,0.9924517560120004,0.044419848551735974],
[0.741119088574058,0.022638758221637523,0.34168853325345716,0.05153761459065928],
[0.6758591477366999,0.29018939999558646,0.0002958965493236043,0.055141224060582694],
[0.9235235248875994,0.3745262233673812,0.060502656632254515,0.033809036602295006],
[0.5279002665307009,0.7128732512554886,0.06670837445795497,0.030890112746088997],
[0.7828165047886643,0.6757864967286923,0.01497253624365913,0.05911692838151825],
[0.854603423189742,0.34525462299687637,0.7149877159445182,0.05670308403999105],
[0.9573843291138706,0.2062470336773341,0.171639167231473,0.03691452143381489],
[0.019564870663516643,0.3926169364816179,0.8860456535598342,0.0393099232740164],
[0.9508521542476102,0.2410752589904639,0.34004523048935,0.05783251171520065],
[0.36083125425094553,0.3453642466988881,0.34365809307130746,0.0404943466885868],
[0.3851860606361597,0.7716340959054322,0.689323545500513,0.049249583891145005],
[0.43255491622191833,0.986548101792678,0.19551012831725645,0.03705497037039486],
[0.014493287753677642,0.7443956872719758,0.6600013132770273,0.05036441946834866],
[0.9804526402103979,0.3061501882648454,0.16428882327071226,0.056148415796471215],
[0.35433490176584836,0.200626594513153,0.24045314393334527,0.029262230685538296],
[0.2515197616084972,0.9547326545440091,0.3699799379217523,0.03575933802444578],
[0.2889781924881548,0.1671785983572036,0.8996441163913195,0.10195334532886584],
[0.7798009422978857,0.9708321866778773,0.85672588498968,0.057207044693946815],
[0.42216589257068227,0.8747148709623472,0.0026724735732073235,0.0315979935595147],
[0.9834821041336133,0.6159132090575824,0.9951426939746292,0.05868328716526437],
[0.9569431263714064,0.11609887943322339,0.4000986066862975,0.038683799541219616],
[0.2807423200521775,0.24155047871806035,0.3777141978445594,0.0311965894579684],
[0.36548487148404285,0.8688152616629542,0.4651824788865295,0.034228446101605484],
[0.21844309447281485,0.6324721488916643,0.19487050865622912,0.06369252799427515],
[0.6286404879976231,0.3576742976975278,0.6258040879934307,0.03577942053344141],
[0.31452964267357375,0.03565995650707343,0.0407217218840602,0.08658614007492084],
[0.836618015673045,0.19011299062509934,0.6521627924125349,0.0377423332811911],
[0.9792076708151024,0.38161070298645305,0.070787153951817,0.03852147687386036],
[0.3880540999029224,0.32924464677588505,0.23118557347896074,0.03050313065240554],
[0.6798364350045167,0.9974611225121505,0.6986062036053922,0.0727373452843555],
[0.6482786926566279,0.8000149799471029,0.8769032493087056,0.049082895508852586],
[0.6048302148414815,0.7077258584316944,0.7847347232224533,0.03201677411663481],
[0.571774875031759,0.803897910299156,0.7269288163925518,0.029284472627396512],
[0.34189148623815346,0.8197502386241121,0.7401573800146821,0.0440971249860546],
[0.6873706753580324,0.690370566718583,0.8852783423618572,0.08338792661979474],
[0.030932505994481274,0.1919514341291495,0.08152674647838198,0.05868239802018721],
[0.13319031442408824,0.07986100660557205,0.37718035276842565,0.03891813512548996],
[0.7957677346991069,0.49250359230717267,0.3749600808267147,0.03196858319451028],
[0.33129826393538986,0.3059472234235374,0.010852519167021568,0.07685703587492072],
[0.9090665981658241,0.7102174527964126,0.3512265767802616,0.03153140176799488],
[0.6053648856285276,0.824049076725077,0.8696843537234998,0.029623521602761053],
[0.3145714056846207,0.12195088930647091,0.014993999972314764,0.06024384279584706],
[0.8572356031084472,0.8397333499708164,0.2726337311059548,0.044062578216713416],
[0.9408482750333483,0.36600026403419705,0.6565647978998032,0.038052522116277215],
[0.32697132972388077,0.6352218923061311,0.8446932080601831,0.05726805344794207],
[0.8151673626123674,0.39418667902815296,0.7094686594574596,0.03050410645619989],
[0.6364697526439111,0.9638326746929895,0.8796224595399476,0.029462881569840633],
[0.9695301782711414,0.9828608918944384,0.7091576908361503,0.03647997468831159],
[0.7104851513734545,0.25219078225974145,0.1418295035567776,0.030258623728835626],
[0.08902550341572935,0.01055954622813915,0.20170709163297218,0.04502830985273018],
[0.8027454676683049,0.6187513273484986,0.27515135121908196,0.035614549903094886],
[0.34493238549730565,0.9956223124569933,0.2244863535339029,0.06020331541067371],
[0.9987910320735889,0.26865453323164923,0.10429296329105742,0.07583217060687342],
[0.42360373704890564,0.09796495325882848,0.26539634903693166,0.030176865603814097],
[0.22643643867508934,0.7347490667958385,0.3601120392989511,0.03848676989487258],
[0.09196721582921497,0.3240942952707584,0.07944723167717771,0.032603269443031144],
[0.656125083456485,0.18142241959259553,0.583355091263875,0.03488219366242164],
[0.22097267985908575,0.3440059108731537,0.07258179139289112,0.044701823392840165],
[0.0052309175842260025,0.8260909453563323,0.39135306282134497,0.03837301398025926],
[0.008885590861128168,0.2986011781654243,0.4087758704016381,0.0397082221861344],
[0.30282436885126307,0.9820929162670073,0.4013203989877736,0.034769228616081754],
[0.6774483202681608,0.19734234860325706,0.17376336937920556,0.029935161317591125],
[0.4549558009658846,0.051152173920545496,0.21574889410222253,0.04218029198171336],
[0.028293153838259366,0.33987268799299086,0.07310083054864602,0.04322815668555194],
[0.44670649648815186,0.9789060746907357,0.8205979666363172,0.030332926601218082],
[0.536820017090257,0.198654433872127,0.29415259910517844,0.03175164520566438],
[0.6525907244052658,0.294279200145654,0.7436887077031996,0.04309023615274622],
[0.28230707171062364,0.5862327694697443,0.3501689260665225,0.03412841457595556],
[0.9659207988616911,0.873340560579779,0.9780319755244193,0.0811236456163661],
[0.6301868573394537,0.01088902681088555,0.34541762327136605,0.031656597780742785],
[0.8599346119172918,0.731114307982224,0.7288485451688907,0.05111647063525189],
[0.28341769754570556,0.30966695292815927,0.3160950616317322,0.032884981326763776],
[0.0743632718515288,0.8485123652395686,0.6849424567369344,0.06652927634402965],
[0.7317173681587698,0.7569359030376559,0.32112848119442905,0.0740391775680481],
[0.3447899868683112,0.8264611221212518,0.2236799899898826,0.06231121193992678],
[0.6675773132864046,0.1546284693929224,0.6981049146486329,0.05707582299382831],
[0.8470249407539339,0.6530696903852714,0.6830106903528833,0.03946958737027091],
[0.7668078267359607,0.6280017052947735,0.2767884588775156,0.033618315619150366],
[0.976572400616641,0.6804373432499596,0.7721472889487554,0.07013314593375909],
[0.7982529597671033,0.8198174735884843,0.7588924124578087,0.055498083651813815],
[0.8280961912018239,0.9393893118517572,0.9930264132814869,0.10248836657526124],
[0.3428044872202537,0.7163644914286874,0.2407033153074839,0.05297576306515492],
[0.6583263425882201,0.24566662236926928,0.6438249553488286,0.035966760460416594],
[0.23849727694983436,0.15027463795700735,0.37634057067671334,0.031559170905754164],
[0.9673459839457329,0.2888660309116149,0.7873483501896127,0.08525284463146758],
[0.4960916725071216,0.9838208076296363,0.9871338721498806,0.031416786247780285],
[0.023505680735532497,0.6429486041135979,0.681897124257294,0.05342192733629013],
[0.08953191618582756,0.14656562412639706,0.13459535056529814,0.03475786436391355],
[0.9046287678704762,0.34349790916731415,0.6360492957066487,0.029201921394898734],
[0.09328017605949901,0.6290436623641218,0.9988077332085118,0.031810950088355494],
[0.6065637833736992,0.6736387227175925,0.809396626947892,0.030866347235646473],
[0.8980040861126771,0.2659022302071836,0.007293127925375509,0.047455125290223554],
[0.7150674788804523,0.33741978805273276,0.9275396044336262,0.06003511213799516],
[0.03522899298562576,0.6926916155003108,0.9683948023896986,0.08126413141846303],
[0.6469319783182411,0.21465040859352635,0.9181315997255436,0.031151286787834433],
[0.8541298937604241,0.0025070349853868468,0.19064822016241767,0.04221160435001277],
[0.5224899228741189,0.7449544069254592,0.435380179779957,0.029467808327622195],
[0.7837665594521189,0.6700587091615029,0.24999973113389495,0.07223943164141915],
[0.023514732799414295,0.9721291543185574,0.6657638435172273,0.05681384987639372],
[0.8129137614955442,0.0019601150567368775,0.3156625951834261,0.04587500818845976],
[0.8420338079315552,0.6339290812733762,0.8999819834991089,0.028965290328856957],
[0.6745511745410936,0.808397086011255,0.6109916122409956,0.030695499896803067],
[0.727182780555881,0.5083548146104353,0.15753363423271816,0.030095663746417336],
[0.8182005170201011,0.2721222341148386,0.6334467380180531,0.030087095100434603],
[0.6379406302217927,0.38696980376626466,0.16579360946959198,0.04095829368212611],
[0.033870337673716944,0.17032162826509345,0.2936656680255759,0.03023234324184299],
[0.7673246286813916,0.3810142498232959,0.9026154081045846,0.03209902810163205],
[0.1632841017120309,0.37378807615138754,0.1653411765932572,0.030880125926576085],
[0.8339529788664509,0.013610572414447852,0.25051850279149324,0.04511482285512784],
[0.7312435387129386,0.9878671598451534,0.39387674270931616,0.033683940545307434],
[0.786726832431376,0.5239918491270854,0.7653573845407918,0.030683664364925266],
[0.9931024344365451,0.320111183842827,0.5738154315354875,0.038985061058672416],
[0.37113120883800577,0.8352558783156111,0.8940626455111788,0.030408923784324454],
[0.18200769924411242,0.6412053780819954,0.8216137493120037,0.058768940020196433],
[0.5852637165288773,0.5795075664608742,0.7186904944838416,0.03220736498657503],
[0.11130456581723969,0.37343862303160247,0.7828408886762227,0.031236652407290528],
[0.944890968217167,0.28022563414016777,0.20976655934556399,0.02998178364871581],
[0.1670271036047929,0.10343271484748806,0.060326174127749876,0.03220155343669273],
[0.6754473459997182,0.9199490219086515,0.7512239026387983,0.03972587309347281],
[0.0882177885598362,0.33071508481157696,0.33484421305214784,0.06302739250198114],
[0.765195085984371,0.2360219896247494,0.6591164423650498,0.030674727572508064],
[0.008724087291760996,0.903289309218831,0.7069828315446828,0.07908624222881522],
[0.6046589748022032,0.5700473671675143,0.6919000112045478,0.03694886519231741],
[0.3618338433436331,0.9811221588139194,0.9767164308496326,0.032480325294946544],
[0.6369800021551085,0.1718076760735966,0.6194198513558087,0.04381706685606898],
[0.6143943532355776,0.3844060345345861,0.9181073231920258,0.036249838674988086],
[0.3369423253145022,0.20627753990395836,0.6961017389112674,0.054514036083417705],
[0.9221104318335953,0.6633344443249747,0.33264696343623223,0.04306748302420571],
[0.8940460413666707,0.10798589346561538,0.3791556858532511,0.05325737118490738],
[0.8733176737301155,0.1315289492742555,0.4236475879508407,0.03528579067741844],
[0.6598864620036774,0.07610577638935712,0.802159176078081,0.06016889115749996],
[0.639445189064356,0.3173614182932052,0.9853661054694459,0.035517907673653135],
[0.1414088352745847,0.08857460244018522,0.1336606421361325,0.03531648980977149],
[0.9079982361029826,0.9939386452834663,0.7595709459361784,0.03785479074148422],
[0.2522751978047252,0.5410838947049305,0.3701552628810858,0.03468680787706499],
[0.09775101593878521,0.015154466998731908,0.37706453606877244,0.03306759549334025],
[0.636445823836121,0.342560466482451,0.6909235865599356,0.04005042805574115],
[0.4873071534623632,0.9962396605419208,0.002805317930036022,0.04626576318604941],
[0.6213728019568735,0.999810183698583,0.8958087754230252,0.03857430268254759],
[0.6811571181175865,0.17863179628964587,0.6235715636290011,0.053455597729545834],
[0.858935680837397,0.36151206190704166,0.6440630741616222,0.042568851604957686],
[0.25061067169142937,0.052079918210402365,0.3512099468662375,0.04678424758392251],
[0.5968736367934957,0.9775219935184153,0.5996983916747833,0.046540423140671125],
[0.4271559475332296,0.036796888904405356,0.6818146705914384,0.03196509274597725],
[0.5514468608822055,0.2589266930473937,0.5201030884001445,0.030482767710716775],
[0.667409580661325,0.892907161920666,0.3492283431806491,0.03884748665564529],
[0.7310450178290238,0.934421851220876,0.8209297854287082,0.031069096790625497],
[0.034148301852990115,0.37560457499447386,0.11093965780670711,0.03575026421557151],
[0.9113490190063892,0.35075260326141666,0.14501132363794544,0.033789890981250126],
[0.08338804478090445,0.08662514481811956,0.3502706932018581,0.0332917979227232],
[0.991262330404001,0.9244007855177642,0.7397671044377979,0.033666925481541835],
[0.36417458513128786,0.23325104295161236,0.6118141413818937,0.03924365091415545],
[0.6417368426894089,0.35259471709044465,0.9901253950105977,0.05263523203681714],
[0.25556565698832434,0.19268070190978615,0.3621668381878861,0.030118518986573816],
[0.1349695836518391,0.613563341321946,0.9991338748406892,0.044532291507986946],
[0.7539782464339266,0.39285177622335576,0.6501215677345658,0.03533040706825949],
[0.7051252668279272,0.6674517813357878,0.32954665173533515,0.05425588701477681],
[0.884038121920504,0.20993009048441436,0.6674054487548671,0.059242954608057743],
[0.26188175256832813,0.3848455211065177,0.07273225319947074,0.03289735695978124],
[0.3046421878390865,0.5820354978361032,0.8787798352641253,0.031875906262427256],
[0.40491110147663345,0.9583643628764638,0.19222073541995222,0.029142794991328273],
[0.34755878645237026,0.2730699541638175,0.7588376700347519,0.047872222326623914],
[0.3670550679378246,0.6532372687672909,0.7994019462159182,0.044164872211022096],
[0.6325445463556865,0.006559471661342409,0.9146778146927464,0.029350724842897854],
[0.45591858833945376,0.5371320476941258,0.25245532862114217,0.029879508836190807],
[0.26469017011786744,0.8700519241992315,0.2859155122467496,0.03553527367544296],
[0.6826166313312854,0.43096629734584224,0.13618246529450473,0.03244786525643706],
[0.6446980364243736,0.009732358815817577,0.008526276939043731,0.03628240762329302],
[0.0074318370243939835,0.6775293771372132,0.6098260268335539,0.034546870104084804],
[0.5275862722154023,0.4908889793854435,0.2888922425474133,0.03335177404142464],
[0.34055781165415744,0.12951306078447755,0.3454774100936694,0.04771793646035809],
[0.829444946231394,0.6169940680678354,0.8737234066685617,0.03755942126906227],
[0.654774159416185,0.7510956114189752,0.009275402120411669,0.04155862446721101],
[0.36867011781399317,0.9388193021237697,0.6568812982786981,0.03388205425877781],
[0.9896383364836941,0.3614537871830753,0.1345182627526329,0.03167055377816781],
[0.7627628088462524,0.4546781759400692,0.3612812663977901,0.03567205381856034],
[0.7617195355708235,0.3689472470304159,0.7933347025932755,0.03141083753882845],
[0.9174464362114518,0.36228704199450357,0.014420051970857495,0.04579737039577343],
[0.7686592175883602,0.722165919483889,0.4158734421249305,0.030987408441793745],
[0.039655757086305754,0.9479175685131368,0.37423231570855053,0.031918014377812165],
[0.8684113238727602,0.1260208393998391,0.6283946396095191,0.03808081056299761],
[0.6422750534144906,0.9084453479994766,0.6911931282433867,0.03068729100690006],
[0.6836103479043572,0.7667846307016466,0.8472599799466111,0.035872859395066264],
[0.6567715414784867,0.9165425758186206,0.3150825129316177,0.02987002330383141],
[0.6857107549510352,0.8491638387811985,0.626036439395232,0.0307306816084832],
[0.7160311866740747,0.003803902220384514,0.01400635895070701,0.07709409047094573],
[0.9347314876961001,0.9813243881961478,0.7306926394311715,0.029083916807512194],
[0.9000436342046202,0.3760116215497731,0.9014835271084489,0.039233758662657034],
[0.705500676448416,0.8588442117570484,0.6779014159172903,0.05647493806490238],
[0.04820546352300448,0.7963902360184493,0.40869393647152863,0.03246199435193102],
[0.29078346382998344,0.8070331821358195,0.6466495948700045,0.03222412147950415],
[0.9686979419722913,0.9637657151417666,0.7741761659551709,0.03394949385906604],
[0.611070789512276,0.9724009761821466,0.03660802370673588,0.04411378766138453],
[0.9686944721905767,0.27719573035041034,0.6095955375605586,0.031158349428242433],
[0.6181095164081021,0.17867774008218507,0.013225333027511721,0.029989453756565792],
[0.6907715108333278,0.7790395796689342,0.5476463025454015,0.0292489876309615],
[0.31819859056804745,0.9451761159374076,0.8241515565277103,0.030176641717380246],
[0.3577397942981765,0.19516059454245005,0.029085680961965843,0.03127244387774858],
[0.3724041038127497,0.38306946377122053,0.9717578756881282,0.03017876408597715],
[0.8131670109745649,0.779510669207372,0.8865489549425619,0.09242179447938799],
[0.9976889935908126,0.8070576485200511,0.7665354067083602,0.030393152744125785],
[0.922864023584564,0.17926828560583807,0.16062361146440518,0.03151613663318749],
[0.6521006621890976,0.3602013200592312,0.5787711892087546,0.033580194498300645],
[0.8163106678172236,0.33339411905285343,0.06843100159149762,0.02957486106748321],
[0.7318107986528738,0.32852663430914597,0.6323722982583834,0.05770933308001132],
[0.3845395150250439,0.4061158164634998,0.9543460179441491,0.03277942990035085],
[0.4288907029350363,0.0882752640384884,0.23465357588429137,0.04286469402930368],
[0.6494821388638546,0.3345164404503098,0.8580691499392036,0.03849796600933851],
[0.10633853320176401,0.19257569524818374,0.37330464547480247,0.029671129595143887],
[0.5516270280951786,0.7198736713206395,0.5865941854243254,0.029511444010747328],
[0.22014188558184566,0.6128044551429715,0.3377961567619163,0.049393436555498146],
[0.19128739406836448,0.12591709821581454,0.01867277794986577,0.032550945204865026],
[0.6137697945597734,0.21757582585223523,0.2023444126495646,0.03074293908150486],
[0.29500657450535706,0.07703464629195678,0.3154674355477206,0.0298867108095608],
[0.6124261780883861,0.7501476074270365,0.7901573302174095,0.03082518355112961],
[0.7009797635623771,0.2613466295221677,0.616772948104281,0.030108389619874675],
[0.6027442063657223,0.6148497041203133,0.6953930250488093,0.031748182457909585],
[0.692065325738736,0.16472224676455616,0.19393009392279947,0.03897043249744524],
[0.29094783518433676,0.01594735063142705,0.21971348054731255,0.03961670127844705],
[0.6979595330998846,0.333987005715507,0.686813617090713,0.04562606575223266],
[0.5522954273013122,0.8910566290823272,0.7600756418088045,0.030701072944726123],
[0.6690692245009177,0.3373927125977153,0.34727010259126934,0.03048925150041153],
[0.22907213589716413,0.02621254055679978,0.1457682615847291,0.04311927906220052],
[0.17534767161027442,0.010637833113060102,0.19151665519451389,0.05538761835012497],
[0.00810381344268074,0.24451878437148544,0.036876939630856254,0.09711077515659368],
[0.964517730085683,0.39029421928235375,0.9873719921468495,0.035871165937504404],
[0.33028156079211846,0.31475205599595224,0.1252687629128112,0.03147394083614015],
[0.7758910355969626,0.07427589180006977,0.6316837007386095,0.04016911028026403],
[0.8311620578543761,0.9990921555162628,0.7235838345919695,0.029344938037287747],
[0.3173663461368993,0.8516871701351836,0.2749527063645206,0.04283879700113338],
[0.9797674545779762,0.263972849971146,0.2191318128403884,0.03828155332342967],
[0.006652943661129451,0.40014121433905514,0.9944725889900418,0.04927760716207738],
[0.9934675085648791,0.9962569863631076,0.8075172430855987,0.05088963334897144],
[0.7729431562274899,0.1567271459220131,0.1650560357673626,0.04409133690667108],
[0.3801778081478415,0.6489060134609176,0.6931435483309217,0.033566435979227774],
[0.8457346087344432,0.2732633142108105,0.004477844561639688,0.0289867750052227],
[0.3181597636910223,0.3789291659828221,0.25200980708769105,0.03440424069652749],
[0.11135076780760711,0.6713374126200518,0.6883652512053926,0.04821151584675196],
[0.08320826134665893,0.516472638833285,0.001559086997715009,0.03750688175839152],
[0.2460101726389985,0.7322482597817563,0.3238807895917515,0.0709399642374592],
[0.260113610084025,0.7836035499811248,0.656900680128794,0.04146583773828652],
[0.7330914805884593,0.9161229916716145,0.4457794334817031,0.029173216335195064],
[0.3285389697803258,0.7924255487706013,0.6458190058228389,0.03387470831813638],
[0.9029283519023528,0.7261795103659768,0.6166341513605035,0.029477354340663748],
[0.008038932175145619,0.30920156214151095,0.6196801154833318,0.039732964759257625],
[0.9982406805075279,0.9174852480763966,0.4664579297250403,0.03611698587784498],
[0.4080229492687959,0.9281689628039661,0.0013929719556964315,0.03265067018159398],
[0.970948487121788,0.2630629282186928,0.39290237545648254,0.034823725821765045],
[0.010186935331345848,0.02839283117539526,0.560813596925149,0.0390262502754269],
[0.6040444577453595,0.9439928771547048,0.26362040720600266,0.038098213798043],
[0.8169786924280209,0.31734909059621996,0.01796390889810273,0.04369806800574637],
[0.6144233535784871,0.8169295076689704,0.9132897540332582,0.03742912581362376],
[0.11741501117472108,0.6484614644645806,0.3321228164719564,0.03418713140602378],
[0.9220329781096622,0.32695670804681165,0.22872140527604612,0.04289370197363508],
[0.13673167446478174,0.010535614761817413,0.28954192741044316,0.050987495034375344],
[0.8982567124434312,0.21020711752698484,0.12169001439401772,0.0301289702002553],
[0.3431440773043586,0.6905905472885796,0.991649708678785,0.04751844944370971],
[0.07685047995222916,0.6420438654211421,0.7186360961872608,0.03833977254015722],
[0.67969605801705,0.625562149409384,0.16821428958337203,0.030948292934856358],
[0.08885775706196841,0.5289755824547411,0.4241543402600291,0.03310888540739214],
[0.2141019153020145,0.38222575349010735,0.1475435479502396,0.0399999634881463],
[0.0009366413083924385,0.5409691184397104,0.9158880815698974,0.03661466506499983],
[0.6842825482341844,0.9938785680068604,0.23535157352863056,0.09974119785525375],
[0.9136772186016577,0.625067893122782,0.7804633582967224,0.03950575515415562],
[0.6316312958851611,0.8835886691877508,0.17964817598399818,0.036067119272169434],
[0.20901116451032886,0.5854615957024641,0.3838624504027045,0.03335726240943186],
[0.5774522676672218,0.3408396200419279,0.9794221986800339,0.03843726092466379],
[0.10351868878715909,0.17704667484545078,0.6136604544433929,0.030656791918584603],
[0.3644137191158615,0.000499355269281132,0.7251004490069031,0.06747220546602552],
[0.2769331789607723,0.647954967711648,0.6162869485026887,0.03353705328592313],
[0.6514840425640213,0.19165100004121116,0.22202773287559485,0.03212286631432047],
[0.6385251494432623,0.367673409476879,0.32057779020185007,0.036738002778593695],
[0.9699835862321025,0.37299214755333987,0.21845305801552595,0.030821036203929012],
[0.8838087851875648,0.31938031875753814,0.2851680676977091,0.037293022704243395],
[0.3251854519975327,0.8285421737134937,0.4039279159949747,0.02967545406298114],
[0.17973870086647425,0.704939109789185,0.5999024225077461,0.036253426230588984],
[0.9404736045517581,0.7633253197213009,0.6413390286949447,0.03938290346554378],
[0.7566578367645237,0.20893832007852153,0.2666654989286231,0.0449800693611703],
[0.19574176590698988,0.23417674950271639,0.008080692721892047,0.041432369028970684],
[0.5020958549874616,0.7878405839949764,0.42780640235360334,0.03350861183713534],
[0.18391650582422503,0.4825361268347338,0.18596995364790647,0.03262082793685363],
[0.6711680268006176,0.9847986754576138,0.7835168710932162,0.06076658514635874],
[0.891972332303951,0.2894518082718801,0.693085755046099,0.07638684762454558],
[0.7666212556263403,0.009845414063853197,0.08275653050057619,0.03943615015265445],
[0.01327070281374787,0.7441748907893591,0.4222697950013188,0.03220534422506188],
[0.7904985176771527,0.343659646417831,0.34473923983508636,0.037266075395140374],
[0.46500221908820194,0.7244518782861177,0.0038880756332073663,0.04120322549099502],
[0.8179100580087602,0.3668255970665283,0.0523405862907933,0.03596353568224604],
[0.3857885059367204,0.75348175729078,0.017057392113766556,0.037908776746326936],
[0.21057952839997296,0.36022236503910665,0.3482340259000527,0.03131749107854001],
[0.48801202885095796,0.30956265887305967,0.81744313625402,0.030166487731203197],
[0.7503000787701594,0.9346270686167,0.3674536043202068,0.039268172005256785],
[0.6441741954012328,0.3918535553736392,0.36183529692587746,0.03863426850898487],
[0.12081315137565618,0.36180580509741744,0.2702693862028488,0.030087513825228094],
[0.3878738882597973,0.09344811102520856,0.8687623772834461,0.06109973374147323],
[0.28423544696810166,0.9393739013117204,0.5840906980318783,0.031889442909857665],
[0.8373792684645346,0.11417288659110658,0.40582468297867247,0.03158589177600944],
[0.7824352328188257,0.9086588459988479,0.8353285739558516,0.03858462030065009],
[0.9976763054199561,0.626931032101117,0.6690700683952084,0.03517516663978623],
[0.11447813693009312,0.9436211016810258,0.6182307125130602,0.030616902716290303],
[0.9272140003721734,0.29828740842903967,0.3352026914790882,0.059977844281434683],
[0.27253332275533726,0.9821512607292174,0.2490359132598604,0.04445921556306123],
[0.472076879440263,0.4067628092618497,0.40727750697072373,0.03191149006149252],
[0.40728004335113943,0.1462590199749394,0.830471988849188,0.030544675480047887],
[0.44909020322259463,0.0057960211694266794,0.6416912927353571,0.0316370610637077],
[0.6237316859594032,0.828592223344797,0.13845837964783148,0.043328764287683674],
[0.5630979627579117,0.9111425450388051,0.25646099198784056,0.029511309799851716],
[0.38539726469537305,0.2067972588304119,0.13069954834637165,0.03039650842424201],
[0.07706907950402919,0.19187059498147807,0.3650609351860109,0.04930924121227692],
[0.26462748509574807,0.5484971762797682,0.3237001287246529,0.02923272651210958],
[0.6174452787092837,0.9780816377913413,0.6427521047942997,0.04530388237248345],
[0.5265590139514148,0.02009326054384053,0.1705630813551523,0.029541251244329905],
[0.8041453239410122,0.5661746363614437,0.9757212377357417,0.02928834706331974],
[0.6298034833550672,0.6332583890743333,0.7433229057911511,0.0317019288467585],
[0.209009151866708,0.3580347670729568,0.27087926484462976,0.02910704344277178],
[0.8676879335718654,0.36951198959780673,0.38952047666876055,0.02943283479081581],
[0.3314048464394175,0.7059527924118203,0.9306394854741513,0.04925415601827694],
[0.6506951793767711,0.8601270171667035,0.8849015837304176,0.037771280975647234],
[0.8645255579014933,0.3590132056360774,0.07567429185707408,0.04694609775800537],
[0.8197218617997148,0.8961117402799931,0.278960368749848,0.04294646145053911],
[0.09369773778835067,0.2934630061131396,0.0003918252948447165,0.08147002672429014],
[0.16507310464538894,0.7786835505212256,0.34548022727485217,0.03587720217851108],
[0.6889206792078263,0.16643795425773233,0.5504484825396362,0.03126068577604639],
[0.1525466102432581,0.3919112814861354,0.004092105299621784,0.03728261283079573],
[0.6614564723421906,0.7874744015745371,0.340425875491853,0.04939560776359202],
[0.5019808871209042,0.930687284517025,0.006974135367237122,0.037708245215332795],
[0.7623574196648241,0.8181861381041079,0.6571908471166619,0.03211261452447063],
[0.20614378068489003,0.7261396098681571,0.6893213651990817,0.10365645322675117],
[0.6551066871718625,0.1201710871556344,0.32001084813850056,0.031094089059311023],
[0.9080612003764605,0.005681355359169693,0.401550873637295,0.03092993146385428],
[0.806141785569927,0.2811359839011096,0.11344353532152573,0.03363800615890648],
[0.3612555095108465,0.7077466688501246,0.8413123611525339,0.04339220132011794],
[0.6626510303605689,0.2262430017825524,0.0024870629539266442,0.03985730368481165],
[0.5970635359468579,0.849616643169905,0.9359878577490329,0.03437844543468607],
[0.25460652342818924,0.5401568697788682,0.6377400433868441,0.031292700757688044],
[0.3166499166737622,0.21842747602704826,0.027199495152999797,0.034219384402762745],
[0.5119894000376977,0.33289774722940335,0.8473449159055331,0.035391543670967085],
[0.4006172426443102,0.988777674020431,0.3628740576287499,0.030374726857121285],
[0.40838871677322,0.0053160691538218785,0.9934350307915146,0.03166353673166311],
[0.9890241650987095,0.6118475639432845,0.22882987635325824,0.037073401977788384],
[0.3499758501716542,0.31243101815658725,0.7991573740296399,0.06268902802948834],
[0.519429805029108,0.6547468868193778,0.3283063622156639,0.03492879451333229],
[0.9973278347389554,0.6529725656560892,0.39068444546489134,0.03535029767203654],
[0.23321906046745133,0.8985608928522113,0.6282283498263614,0.03308567407458678],
[0.04603330080464452,0.6331029871690471,0.8986126719308786,0.029188157049194658],
[0.24439544123713886,0.11903349261214236,0.007911886860068273,0.04610869603460947],
[0.39217454735276946,0.8977167397972422,0.01102854794634145,0.039139237205371075],
[0.6619214418695089,0.3782360941416697,0.8473260763490434,0.03383762135944621],
[0.11771286489576116,0.045292403873563813,0.33480313670656936,0.04150246950110134],
[0.5064943251001615,0.03756851808300976,0.20227811873280288,0.030185521515063842],
[0.6257402500612027,0.2038924602704888,0.9868345852500293,0.0364540287030007],
[0.7360721074436731,0.0006021063844702246,0.881760826917649,0.12753696007187468],
[0.9939605958045016,0.30495241732839895,0.011253968512166757,0.09235520353280328],
[0.34208097757988654,0.4619332151896358,0.9996852376669398,0.041466947536989415],
[0.5947555452895271,0.7058065829043423,0.9171630325368878,0.03462742068542256],
[0.5785584103451499,0.35412155784668764,0.9228373786456101,0.03090227536074899],
[0.3192693274673778,0.9848883857749569,0.562525890134669,0.03207103666756761],
[0.6869939005870712,0.01356068176297831,0.31888348511246656,0.0346221577633285],
[0.9006961475820445,0.688741071348174,0.6033030543690293,0.034602618081619074],
[0.1776271327587846,0.3203412939894934,0.33408842512088244,0.029021133707618847],
[0.9925653404916268,0.9272099455494284,0.9146921030009033,0.029201102156238275],
[0.8446522996781423,0.7021522943148545,0.6483290552550309,0.04781131781925724],
[0.709268680390835,0.09271736062412061,0.004142346636763605,0.038767529760365224]
