username = nchw73
detector set
algorithm code = VD
dimension = 3
self-radius = 0.015
number of detectors = 275 (from an intended number of 1000)
training time = 1.3
[0.198608665885333,0.19909411758717632,0.2131837644057818,0.019730926326564834],
[0.8872663933097885,0.8057631283063903,0.9505259511915771,0.08107559156988264],
[0.9919941602490762,0.718421472460033,0.7990629758357717,0.10609199603367767],
[0.5713024271470567,0.8629550091691521,0.9957544231897659,0.03461768612831393],
[0.42398488488173447,0.6471794794410545,0.4697858300509301,0.022570012882469126],
[0.8099536238423709,0.9841368580708438,0.1147137984360811,0.1753213156480704],
[0.5950642027160004,0.9513357947546918,0.4467328507581242,0.03485383456479768],
[0.9310623914705511,0.16114047939644804,0.5246859179860126,0.02637446003127058],
[0.33832905483550235,0.1218932868124859,0.4340024713679318,0.01983835283185957],
[0.9327873526130488,0.09329035195876378,0.4626117469761224,0.023922067978180153],
[0.39447563437792965,0.6213869482203871,0.3423459310573197,0.03602143530572935],
[0.8887487099407747,0.5140262040001897,0.43606642045634414,0.0259527649871062],
[0.3535165657566527,0.6397978555235367,0.6086129236120572,0.029158199865504435],
[0.20535130022268744,0.9855370177063508,0.2874497282080519,0.07772713192311845],
[0.05965941787033424,0.99166354348296,0.3146603977030208,0.09587233128054616],
[0.5522048788371241,0.013373190541389968,0.6129112340911522,0.028394290252471623],
[0.1235124614968538,0.46917149403343184,0.5395305207095203,0.01611068497609546],
[0.02415612675605172,0.2798700239946883,0.516647714321396,0.016701529597169536],
[0.8449955945723431,0.1891408029126168,0.16168786479559127,0.05361373419560311],
[0.31423069300713247,0.8410295868655158,0.7131887168812396,0.036338076471452305],
[0.797145778734823,0.1396345996183006,0.3263176220747147,0.01704541315080084],
[0.09621651713354695,0.38743612765087687,0.21327681275139299,0.04775314099292967],
[0.2979943085977741,0.6360962769343557,0.36909541110656097,0.033271664748679076],
[0.9558677499972034,0.3592741741092583,0.21515452378519717,0.04650832103757046],
[0.07640528614030473,0.03408928704994274,0.024190535985594175,0.12306631992762555],
[0.1391587935515186,0.026752163463755196,0.6947597625224633,0.12829493430137484],
[0.9697962737513962,0.16693975140495154,0.9435057210969565,0.2299580050107607],
[0.10678781273826776,0.3200850381693303,0.30654387388703763,0.044119460356961036],
[0.7891208517341255,0.6261039065372566,0.9618721629905213,0.05138454072953645],
[0.6397964261111291,0.35211420258124215,0.7952710998202067,0.03567079096788322],
[0.45587767683019453,0.43412426764286216,0.13401280027416418,0.018369810615405734],
[0.14842143276313147,0.18251763036257573,0.8535230803596022,0.20554512861295632],
[0.3053647652315279,0.7394105232342209,0.1381107375055488,0.11239779785545213],
[0.3261690873551919,0.27474931221171894,0.42847175161636286,0.02549074949356049],
[0.34273492054419563,0.8407233614765706,0.04890903844770578,0.06899082019111769],
[0.1811391408332833,0.04355698449792822,0.3437380942051973,0.0526028893250783],
[0.21615017690137495,0.7055375468351232,0.9720239916242553,0.11547320853819897],
[0.46481670439187783,0.17178720954074655,0.9404964128063821,0.04478063105353132],
[0.05160790058498643,0.33167667098882825,0.5034974488137904,0.016538317748506393],
[0.27778175934683,0.6255011558975578,0.8370888293515953,0.07603325121854705],
[0.315496409493473,0.9979558278787354,0.8361352400544118,0.0817126453940976],
[0.04612494890121055,0.698558326204458,0.8078095493648707,0.1014126483238746],
[0.2150994812935978,0.6896469040816721,0.5662649189278298,0.03995781918531286],
[0.6977846954094569,0.29429006527541546,0.8618215755216234,0.0957937558639733],
[0.6122390225991996,0.9912652816915362,0.0427046097491659,0.056168257497413346],
[0.025020408435957875,0.4076807590999003,0.7110184426176108,0.035234349256481966],
[0.05742470540407851,0.6115815215409206,0.2471721740005971,0.022242277188134103],
[0.7463040244814696,0.18696157698058302,0.7844605509972162,0.1431957205047495],
[0.19529751614478563,0.3808313813204395,0.7824408053955629,0.02106868415280825],
[0.8595843599673619,0.14973537489679078,0.4782057764329857,0.025185006480388933],
[0.7448673477147972,0.791072334836597,0.44026760759174965,0.037988029408245284],
[0.28326531665732124,0.3374497696258377,0.7686221343968287,0.07815248434989697],
[0.19965274385336795,0.44082944657466805,0.7124971535908363,0.024541046533473186],
[0.22982990527991998,0.4628829426101101,0.516086149807109,0.01642347623603721],
[0.4783474774436426,0.24343386556296231,0.12580366283570932,0.033650428686417586],
[0.5657289644101926,0.5284438917818334,0.8318301559628931,0.015887416858872475],
[0.4132133039575251,0.5161731158201591,0.3093974899107388,0.019277433668041376],
[0.6178468630459814,0.652716262230731,0.34204646183449827,0.01557535091993105],
[0.08144501328881515,0.5411968708933321,0.15848868554539786,0.016026528135961917],
[0.10411735308871284,0.46797387408380897,0.9671777812287958,0.018220968915451614],
[0.2002309986315649,0.8748994428820225,0.9477096829250433,0.16688166599201404],
[0.6976622526469985,0.42146071037239363,0.02091523980134502,0.03479626373199509],
[0.42651781072934536,0.23039634229972294,0.01682344008814618,0.018606918468872233],
[0.4723557866304984,0.9545596565888452,0.20859801257701172,0.03458277614039414],
[0.34970036182515196,0.8336632244393778,0.7591893975849192,0.06519091482629659],
[0.09619564820087845,0.7389397871372863,0.24921340812413917,0.13800758566754107],
[0.4958851721472839,0.07894097081163576,0.9005943283652819,0.024754695077595902],
[0.06091667493875497,0.6463885972510452,0.11419763068478239,0.05168168660877559],
[0.8006401593044942,0.3292641387625225,0.9990909822560156,0.09168960302676406],
[0.5750627431131788,0.39400468035475955,0.6645295481295143,0.028073136801376596],
[0.0009902865717121845,0.152229847201793,0.2794964822010946,0.07780931227279983],
[0.5859757643089686,0.4367993908682042,0.3965310823749346,0.016303086588114996],
[0.32387995344715725,0.8703593640943214,0.16569473160730253,0.06767443933256276],
[0.49315315815468197,0.16296414319010488,0.5602894115800007,0.027755710539418575],
[0.5758840325098754,0.8472968748724345,0.9071249272088883,0.015708695584321305],
[0.43675589562884476,0.09737610897497873,0.711659857719616,0.02661908184314661],
[0.7256136524796445,0.12935929150809566,0.95920857593645,0.1385745820636321],
[0.7477333275814877,0.6012103147804513,0.3060354520094074,0.020410807898721177],
[0.6950183461675874,0.4087177511322867,0.8403808968230405,0.02069989403963124],
[0.8832678959952631,0.927933076772935,0.619145843431048,0.015974065722570648],
[0.6850923066695752,0.027980236971829497,0.6657698697533724,0.057264503897560215],
[0.5522824560792214,0.5108193142540333,0.6794049460339775,0.02415584777745383],
[0.29766641384489634,0.7499187595183621,0.538608809126475,0.016650076478486917],
[0.021038600784576422,0.21970000751065588,0.1999484648352876,0.03226760303263174],
[0.9395441445675242,0.5883878018624299,0.7971190874466415,0.017132328619825166],
[0.2509167657247692,0.619868236976832,0.08247066449181217,0.03444115934659971],
[0.8494159662860424,0.3341486199343999,0.08717281289923196,0.044099981598238865],
[0.5678594304379099,0.7260322928243237,0.6147432018366258,0.03696681288558289],
[0.5097484530010288,0.24539021362973124,0.981616728414975,0.02143664114280161],
[0.8316923216826372,0.5664501706011276,0.6333857606682359,0.02397657992839697],
[0.14073920753955593,0.6030868491531147,0.635181591519856,0.029150426877545196],
[0.6731746378630338,0.7256209570898372,0.588622683056228,0.029513747430438567],
[0.9860542760106682,0.5246986245008972,0.5362519555180562,0.03200328332121131],
[0.05484150047652647,0.20440757234920215,0.06198241696968554,0.07341998777015837],
[0.5681938606805051,0.6165457997786012,0.652372559711745,0.026958635917231126],
[0.302827174463685,0.42040895615563956,0.8815344319323046,0.02988572889997193],
[0.7079179555204191,0.8750569608807769,0.9128682350187998,0.04451690543644108],
[0.8907310089950685,0.4061793847626123,0.046380628275866975,0.0251018740147353],
[0.06371582737957371,0.3898565227098503,0.7794972617676288,0.029329124864419215],
[0.7596134437534411,0.7445932537878098,0.9871135665198597,0.16586602782104848],
[0.6575963222677417,0.3102619899029575,0.07847192194933406,0.04560808482746697],
[0.47434530753735915,0.9948744648814979,0.6871423292646631,0.01638308710038522],
[0.5638370900066625,0.4503294335754535,0.5924302173719393,0.01871902890947088],
[0.6906199246015303,0.2494907731922873,0.28117045729562296,0.037340528190418554],
[0.4425582038161192,0.18223042200988981,0.7611227634469709,0.026627152302278148],
[0.8127823650495477,0.3908841400395895,0.7462994651814153,0.0327322750795563],
[0.6408619387337455,0.6057433662967172,0.13232750131594162,0.03510859754271808],
[0.509467450241098,0.5082580853111419,0.475377715137967,0.021072170865091715],
[0.6547039672757329,0.15487111936313214,0.11864145747547994,0.021947560290293433],
[0.20296940575140088,0.035946418302201466,0.2906467349909039,0.021548804175521685],
[0.20268957647239627,0.40206222818651227,0.9903975684967286,0.023535689330727902],
[0.2973761589467703,0.9057471925874719,0.3775071225496629,0.02928317476776198],
[0.9858747905368122,0.763141493167055,0.27947638374122963,0.08880481208592919],
[0.9980517290337627,0.8350937604333883,0.08461199145734621,0.2308848570465143],
[0.7291272406499212,0.6156942263632991,0.10026915959823535,0.01801802798563571],
[0.664412035040783,0.3958534640217407,0.48491293985443784,0.027279216905605794],
[0.6247763212364462,0.7557453829132872,0.21319596939924113,0.04990274337603409],
[0.6325883396398236,0.630294011996781,0.8185674699359915,0.04869674427432874],
[0.6884147587307352,0.3229088567241185,0.11959351576202992,0.02209603912937127],
[0.31727914806531765,0.09866603606843849,0.6612334573369792,0.06296009916506622],
[0.7583018215886833,0.36881556249817327,0.8348865682189791,0.042694638029714065],
[0.7219349198617064,0.4504465931157057,0.3580591102576709,0.03293751051710787],
[0.4520839164050956,0.38697565654454624,0.8444719857253284,0.027567887440012623],
[0.5091815083246601,0.2868847122684044,0.32326955309856686,0.024815136226911616],
[0.7087414269796689,0.44941081105752545,0.180009054406588,0.02624319684569438],
[0.806739720896794,0.5688752389043925,0.040794092594610865,0.021472354827381662],
[0.8546023444673577,0.1981618486861152,0.30046774708832946,0.015396921117166704],
[0.2401014343237684,0.7913034766202177,0.2659766789320168,0.08461048804970014],
[0.36187416941716777,0.6629046445765762,0.23866877705769018,0.05744769676859976],
[0.5507161063198807,0.8004690400158585,0.5649223927996074,0.02395658643542828],
[0.6316887614643494,0.19697170139855313,0.2950524920361922,0.026791981001788506],
[0.921839120451303,0.512491604442792,0.7531966643347666,0.01942124845295995],
[0.8255663616342118,0.339966287661269,0.23323549347931793,0.02675582162567338],
[0.7682740098847874,0.6399480824005923,0.08812671930594407,0.051149871891975535],
[0.17248465367074717,0.8917473542878783,0.22281377439807448,0.09729431753678346],
[0.41611361809549285,0.025211434536493882,0.41181017449128954,0.020718487886806178],
[0.1683672012343408,0.09165014004734173,0.09199886684542258,0.042033309351782656],
[0.7020831775090606,0.6371920256362043,0.32159205929229684,0.03943133620105223],
[0.47068190169125534,0.44168942784546084,0.12246782573684467,0.022405143014426747],
[0.9982399058904311,0.8374847195092205,0.733347004240932,0.03331772164203073],
[0.4740225558507777,0.476339228675965,0.7703667943295283,0.025284638956548915],
[0.7914023764229329,0.9323288350013818,0.784066689158217,0.03980764096999587],
[0.9951936219835554,0.8338284021056472,0.8305888709976879,0.03261155482353625],
[0.5531702063655898,0.554330989873327,0.862331649706495,0.018104151350867397],
[0.09144403597190343,0.11878770053604593,0.25726123453244243,0.03088974053153419],
[0.06563039771689272,0.8357512285589968,0.11429185982071932,0.22939478563087623],
[0.986972347952331,0.8402878048247985,0.43334554002849135,0.016350223317997452],
[0.3423287399338141,0.23885110011460298,0.6310602295813391,0.06010756671465821],
[0.9183366951920321,0.22123581513067903,0.17825904032287765,0.024315496394212592],
[0.871788768489122,0.39047394474898134,0.8557172317946206,0.04004572167023713],
[0.5628125415898421,0.2800474690564104,0.25019607908111474,0.025195932313720443],
[0.13453331787410727,0.9474429206091151,0.609957713465298,0.02330683123357294],
[0.09546453843191804,0.8503082288277833,0.6910571890871585,0.08846005669607486],
[0.0758355134446943,0.5013685769807453,0.9752536903550182,0.017447077410314933],
[0.21799011226770815,0.9679085256682461,0.5644070726378425,0.020683423483189183],
[0.7269992682748013,0.10061082305229807,0.6247918909100095,0.03482675120036859],
[0.59781250200046,0.08873932265802265,0.2277442405262361,0.0204014972591808],
[0.20465646082459954,0.8242756625954841,0.6184019433026425,0.0460380220581286],
[0.035549619761527707,0.3564132273346635,0.2194235596875077,0.05895983163326479],
[0.5217085843451138,0.6143165287617743,0.014726499182835529,0.03872657730975722],
[0.6970378134221915,0.806086198512344,0.7707062846554472,0.0493363641741979],
[0.08851456173204142,0.7658498545121784,0.7435824014745139,0.1492192348974078],
[0.47474887592419557,0.18259179210762733,0.693615519249756,0.015136856852620027],
[0.5275996848364832,0.8641275484647486,0.22843748696593769,0.021342808600982803],
[0.8475700154716544,0.08244031827861331,0.1023758002813171,0.016614609745073],
[0.14079955280374723,0.4128724908112007,0.28311294354320404,0.015262755563556774],
[0.2798716893992461,0.6357009533916563,0.18036081161904494,0.059929187293703626],
[0.9857978404445781,0.44267128456689997,0.7060653319330946,0.02702768631388839],
[0.1661215829115772,0.29004646160503256,0.03694384025640374,0.06517804547977571],
[0.35896427677033316,0.9903185847903242,0.7661807273848759,0.04646128826842586],
[0.7822691992287392,0.7302121588742563,0.5435003253359522,0.034229956879744464],
[0.269594992654274,0.5761257833040524,0.35698402293127107,0.04848535972738148],
[0.3913606615648997,0.010071652929585895,0.9579216897211176,0.050974234827491124],
[0.8070623351665752,0.052948942786151365,0.6387751782354356,0.03918481373634439],
[0.8282500141665744,0.06767670056687458,0.5872626111022302,0.024826852122467477],
[0.5682258635077169,0.2571099650695493,0.7976564897964585,0.0287673884911235],
[0.4900353386963018,0.0638166333084943,0.2992719732688309,0.018029250145483018],
[0.863004163738163,0.22272831674171822,0.6611610287674649,0.07322433344596112],
[0.8728948786852933,0.28009149103968334,0.1294875418904431,0.020709971938036455],
[0.8355325820973813,0.22883689761638404,0.19983084075513513,0.04275618273205154],
[0.8403476207216746,0.29309878856411486,0.12361847918497593,0.04941554117510549],
[0.5114080317453072,0.8459612086526659,0.6509239261935678,0.01614675911813599],
[0.16968453719266308,0.9409380379261351,0.7224609485244925,0.10459597357332533],
[0.8378547286169816,0.4151112734613206,0.5752784614222888,0.022403483713551525],
[0.9766080131894098,0.3721853351667418,0.3471953819016941,0.033901123215307784],
[0.9989147231357167,0.6069100717964909,0.9456643551417621,0.052931951606487615],
[0.7663399750137686,0.8471164751287884,0.2578930373719194,0.07746067050911708],
[0.24142206496340124,0.07289300027947243,0.16895731725504182,0.03812265909139399],
[0.10895747479855455,0.21448232978238424,0.3428033984569997,0.025237716908511947],
[0.5002515822623355,0.783931605166,0.8489232236727249,0.019705267103517554],
[0.5863123522837546,0.9990407068172628,0.45363634653669194,0.034477190950416674],
[0.3310724737475136,0.4671981552358839,0.8497067810473916,0.03269937740649844],
[0.3611341295735703,0.27370161391802916,0.4957820168468987,0.0277887053345214],
[0.6783490147065435,0.3960620197354897,0.10722445074873577,0.02572572106206457],
[0.5505374304969485,0.9659315273030374,0.36075454767462334,0.03253206611324408],
[0.8708375757458937,0.6534298600787264,0.3198524781137817,0.0534420773849545],
[0.43313203598207095,0.37553240430916,0.6618916411487396,0.018753721188332212],
[0.7446596516488149,0.5897275085271407,0.49371877740173553,0.019337822159855057],
[0.4781665659196819,0.5445816182417237,0.7371107045304536,0.016544852982480887],
[0.06340625835089264,0.22631539850175697,0.5651133130399627,0.026060696430130266],
[0.8144300655431065,0.3047908236767055,0.41356994299239136,0.024808678998860245],
[0.8802068852063245,0.026622610126719293,0.6681782716830497,0.08070357287378495],
[0.437129039710751,0.5737099931785499,0.5449652823713461,0.016564314459504202],
[0.39475482690291075,0.7275084074704373,0.8639203068045911,0.015038809021195022],
[0.9191156801368965,0.13771485388008864,0.339343366430112,0.06198543895150428],
[0.15878414114404282,0.4821699465880096,0.48695766141516683,0.018190291936602605],
[0.26278340890121377,0.5510527042884846,0.5986800825251121,0.015242848687314042],
[0.0735193509902301,0.05240435570253055,0.14607965357507546,0.05950776730883013],
[0.8473021071292726,0.025347151605668916,0.4201104428663739,0.027712081647607655],
[0.009117839383726567,0.3691354770303996,0.8109623414978683,0.016462957574686396],
[0.8316927156906825,0.2914411120263356,0.7238257196036457,0.11495218910963544],
[0.3775280304329679,0.8230784557190877,0.8921130324359893,0.04042894451274671],
[0.46594191611897584,0.4195648672713569,0.18799657890627852,0.01784587008146246],
[0.3251374708523619,0.4530603353979873,0.2623728334639873,0.037298083050430426],
[0.3286508784681531,0.750528647443466,0.9428810097709196,0.0870464298315734],
[0.3094891844317371,0.6243258798519925,0.04584290019503012,0.04782029123126268],
[0.36364455823212616,0.22684186339065437,0.7271831833646517,0.06497240859523963],
[0.011242113848279778,0.8226074436104032,0.3933596126442318,0.04948758725773987],
[0.3451321838910768,0.7370375227695481,0.8462676157833213,0.05533980431659198],
[0.49925916030597195,0.0036479939020290786,0.07494769450034322,0.0457254513020242],
[0.6612800612906676,0.8411136327514797,0.13014262734931004,0.08594917045631771],
[0.6156145154420698,0.8414348321974793,0.2976190883393549,0.03832718935544006],
[0.7529512013704326,0.5393544382334159,0.06491648409076844,0.033250004847546234],
[0.2288005341356102,0.6977028405651068,0.7531851001693481,0.09813891179279301],
[0.6975270092139917,0.38361995435118934,0.23975673919288287,0.03429374326026443],
[0.23009416512953063,0.27610123845691015,0.6479076157142083,0.06897950642208338],
[0.6176191079304912,0.4442455077404682,0.1755211177842957,0.031253422343265023],
[0.5828198467591296,0.5886625628972203,0.7527648021527996,0.022641439525397974],
[0.46806170345877596,0.47056646605250696,0.33052960429065226,0.040555075817983254],
[0.703121537745505,0.5993033323985861,0.012004750919956342,0.027408899406459963],
[0.0917509723743547,0.9227182422966818,0.6305365481441044,0.041025150973091326],
[0.9799024791634008,0.6254850068230504,0.8658853662784042,0.03865849472088132],
[0.44519818406628375,0.7744644960340078,0.2660450594825262,0.01857474357106227],
[0.5768698038670251,0.5549097838950392,0.04869974533855148,0.03238400701901574],
[0.15182001802681033,0.6730343601104347,0.6082242123862186,0.03819617962380631],
[0.5681137256711575,0.35140009642116277,0.9648030959815433,0.05013666284202398],
[0.6302199397407953,0.955527066427668,0.8458102227628175,0.029032536527600128],
[0.5185152506884072,0.12816295761818852,0.8669352372491625,0.037579525931604955],
[0.06972793404430833,0.9721121106649492,0.7775238592024785,0.1784274799903584],
[0.37898846037740375,0.4735124486314509,0.5728103119885418,0.024764928302959288],
[0.5151497577586169,0.6306712794258591,0.8858573236985631,0.03036600802389005],
[0.6368197971003318,0.3525348553981972,0.5329402613257282,0.01892497408127844],
[0.851099752242414,0.325677998729646,0.2937353448913549,0.031275355355088415],
[0.5312550738056521,0.34291390295765667,0.891877124506249,0.03075612086666689],
[0.6769173981477274,0.709780014708558,0.14410741200452293,0.09348674160796891],
[0.7581715924080848,0.2634008421700128,0.1596963361758732,0.04210519023418137],
[0.27382348843860016,0.008310344650695467,0.3066508744005987,0.07336481164911703],
[0.7785777204596336,0.5205468438196493,0.1842956359305845,0.024539196861030538],
[0.9683199727637548,0.8094160457427703,0.4631300958921073,0.038774034389983295],
[0.4071281989779586,0.35081094858802486,0.19415132832478454,0.029414290988557405],
[0.5773097734919538,0.13625821865663257,0.883865635379708,0.02070137248869839],
[0.45173554347060374,0.6316031371822822,0.21856724261388016,0.028088385799419066],
[0.4419261692692833,0.5887991874688702,0.4735606868502701,0.02421697964081084],
[0.39839001072888924,0.8468759331040204,0.404712415480211,0.018926019159083977],
[0.7716672776153737,0.3344569737676033,0.08038500540564941,0.04218251019644006],
[0.5650373533629633,0.05570414685778613,0.3709774981330617,0.025417855394899325],
[0.6247267488706109,0.6622653079640759,0.2669940165604352,0.03916114959969482],
[0.5770680873858729,0.8239675199392342,0.5819915547608671,0.03734009920225604],
[0.4066102472808826,0.3585785028872067,0.9612566285964661,0.028123035954803234],
[0.8950434320053458,0.4797289868411977,0.270173660029399,0.01661908833515756],
[0.9564584887957375,0.8495137017281367,0.6914595778553733,0.0213073068710051],
[0.9503911648054397,0.6506066433984101,0.4124010769544766,0.016877688969904374],
[0.6999369935265737,0.7973694166125705,0.36298786319724696,0.05779998590334132],
[0.38623125945131276,0.4733723902766993,0.879863882575566,0.016044762951338],
[0.5861812959866803,0.3658375948782393,0.1913036960463128,0.03155390423776624],
[0.570540853856534,0.4213613238342784,0.655195558626978,0.018882337850343288],
[0.35001423180069413,0.5231923692609468,0.7672613157610251,0.018026667339044573],
[0.36022924896618946,0.1301987202030317,0.22034100988597405,0.02185872217366322],
[0.3806347437977614,0.9476854389813893,0.8649118892238863,0.030519699002155294],
[0.7652321590461578,0.4800494748727002,0.8770468058819887,0.018587076987291055],
[0.6093589401499484,0.9721324363609407,0.29250927956215955,0.019653161488470475],
[0.9729257986478694,0.5779952908409722,0.6714461336920045,0.016770435217552587],
[0.2640577970651071,0.9087741763190342,0.5320403850341581,0.015063509145410721],
[0.41045371216081594,0.48118068662578883,0.3157736324320828,0.016596514242577937],
[0.9269496883568125,0.904608502538495,0.9308410489481607,0.038383901719325556]
