username = nchw73
detector set
algorithm code = VD
dimension = 3
self-radius = 0.017
number of detectors = 1000 (from an intended number of 1000)
training time = 7.0
[0.06887772874636,0.663096295307888,0.05530938643504357,0.05403735231789132],
[0.9375537713795008,0.1106677656462366,0.48912150056492965,0.024547662308336236],
[0.19393769993039156,0.7566583139655528,0.7290413273711914,0.10324956072726868],
[0.3641514499558336,0.03848899336112355,0.14201342606266631,0.03536804332321162],
[0.9390161467773582,0.11515646593959161,0.9211850684569377,0.2761897357824985],
[0.8630842346446649,0.7380465274530625,0.25700152124845976,0.10660059019930838],
[0.5697768019310387,0.7816113275152183,0.6865978271030426,0.01966547952264494],
[0.15972886773349082,0.7031327433135363,0.9076350938422462,0.09894010807263162],
[0.04479393459370573,0.9867351346608954,0.8824579030998142,0.2794792987954846],
[0.5313037681259022,0.376266216619098,0.010516643817744975,0.04213015504507417],
[0.6832324947622472,0.2031732357890237,0.14496102640322772,0.041494233644800455],
[0.12229376812450232,0.7016073417664502,0.6699259359154557,0.08382462191474604],
[0.7145247077708349,0.7404055411021025,0.9653381595845287,0.13368169232236482],
[0.49262150241149727,0.061196365963044674,0.7128518469460092,0.026105395736207078],
[0.32488639406410746,0.08311941527192956,0.05532864091129008,0.059880171111189734],
[0.19948425714047247,0.5713071619875312,0.8756231264845997,0.021301052571802724],
[0.929475685439062,0.635962581683909,0.31806090473139137,0.03562920109974135],
[0.6882494800868325,0.60709304980164,0.028227807412587347,0.039219872682719696],
[0.03088997690718842,0.682065827899933,0.19283009160233988,0.09510131403256487],
[0.5945890814827932,0.06478100232804607,0.21141857948826592,0.022082798670190314],
[0.6686636904018268,0.40643434542144485,0.36142231130873714,0.035193786759328376],
[0.3285697698107721,0.37537512170188736,0.9474755830672135,0.02024064887811454],
[0.30740288427904316,0.784097306184086,0.7756138572603772,0.11252746026227033],
[0.25918631754430344,0.3650958807168978,0.6976899663740781,0.036004320634702096],
[0.5564387086957843,0.3290344742130955,0.029613653933730166,0.018058866875525638],
[0.4432716611453442,0.22668923350087655,0.992386290615104,0.019485379393222625],
[0.04383236781503408,0.4945712670924509,0.09336775741548076,0.03413972011524706],
[0.47963513341341557,0.5085470426304013,0.9508173429354074,0.03703418683692802],
[0.21072540053794142,0.8810427481177944,0.5482135188253063,0.021657526424511957],
[0.1450223976763303,0.7970106237511245,0.24426059289637236,0.1127480409136616],
[0.46646103429538466,0.5005911362438334,0.00010348866558529402,0.03855589200667636],
[0.09045106115201573,0.6930233668126053,0.11686317309641048,0.09022357023768786],
[0.13493435091045614,0.24610894066643085,0.8854495848382924,0.15177892530648235],
[0.49361055041471735,0.9343503591583112,0.5509917588670076,0.02867424993548471],
[0.2531097455151806,0.5864517591548232,0.07203487130167652,0.03266224121565974],
[0.603045669044994,0.9630536394448238,0.5190641384757464,0.020694003635340026],
[0.20633508654041277,0.11788237593544681,0.6086757267405518,0.04152777482474937],
[0.4977747365800357,0.7521860226002104,0.16631588668263775,0.02264491159808494],
[0.9569044879647863,0.09498566071179382,0.4170697850077345,0.027843701270295423],
[0.4193033073744238,0.4951978220374271,0.6167048958209854,0.02005094402291388],
[0.3491755741908694,0.9238205221762321,0.7587253180889301,0.017071108791851634],
[0.992191292959169,0.36897334086539213,0.5127449133074772,0.038584850451343786],
[0.8019310022426578,0.24507324539267716,0.6348094431876755,0.039210500074811555],
[0.8529489515888969,0.637129140471626,0.7991701762051654,0.060605274027956416],
[0.7674147513426045,0.4179694691164536,0.11129183134504717,0.01729514411552549],
[0.9496234736132726,0.5039773581367735,0.2090653276832728,0.017010549348134944],
[0.8057766719368664,0.9342657872709952,0.8184157783000012,0.03908016864725669],
[0.9627503420402246,0.5670688438867966,0.08519693592222,0.02694393549115684],
[0.9684344523025318,0.238527408069382,0.5580701891211968,0.04233454997630274],
[0.6917018282155316,0.3617059807369406,0.012658104221014432,0.04376264019373061],
[0.7511577467794702,0.7031557695939538,0.03270432251755673,0.09055363430188558],
[0.8005458938523489,0.018650690107701484,0.06528817273535514,0.04893112561368938],
[0.3985346111190118,0.5427092799343476,0.28075406406598213,0.01827467065829288],
[0.2395535692131825,0.8019493906544746,0.5993047832781137,0.033286051308266014],
[0.0001704843922070154,0.8794532999598998,0.019997179368174245,0.27701214829004334],
[0.7634422780121702,0.839597219398898,0.7956932000386133,0.09020458981117001],
[0.4413643019647181,0.8500308829770169,0.022913652544318763,0.0307059822609961],
[0.3088758463222476,0.7740227319071894,0.3429028904192214,0.06952240079239318],
[0.14701119838388876,0.40314223895280843,0.7051966705330202,0.02805309823244157],
[0.33578389333792746,0.31081243214764676,0.27933675502208655,0.043034777478574995],
[0.3680418748407852,0.9266406293350093,0.19511011848465598,0.04385887161413244],
[0.5361056615756885,0.9006082383580211,0.46235918083824834,0.018883065520346687],
[0.594978173165701,0.7229551051110007,0.5238579883144977,0.03204352773562515],
[0.7536517421571419,0.35989882296132947,0.30719435041650955,0.031242036889884604],
[0.6613481457718708,0.8540942828622916,0.17421622899299272,0.07491993150791759],
[0.3561765294211432,0.11584655704189473,0.6037006217250283,0.026691691452360014],
[0.9654732696759178,0.9130213018953709,0.9866294458858126,0.08878544148814889],
[0.4079797043646647,0.3060449260107926,0.2788453429268084,0.02158559410912326],
[0.9022549101746099,0.9865628552518113,0.06382163462884705,0.23368796331675368],
[0.1063779233783646,0.23502550983083115,0.3037382473002801,0.02395949066208175],
[0.4517183322972306,0.03581395047912528,0.21752222091564422,0.054167951168421116],
[0.6201016568190945,0.16550551268885594,0.6226130955397814,0.0491771535383273],
[0.5974984078661482,0.7571706225702108,0.5289075601949663,0.029811654811373184],
[0.6273707319231946,0.8621752208302835,0.7650433923979177,0.027151134901964913],
[0.565593919076015,0.06982037328669422,0.37132866523627195,0.021687237392712853],
[0.039642517387389664,0.10394975346857971,0.21495447320086913,0.06615010601838689],
[0.35469636462534415,0.345412044362833,0.4041820055370361,0.030506230018189424],
[0.16145527471303145,0.0251051638733093,0.18211677897499257,0.052584785719161975],
[0.11412585489620708,0.007076312710671329,0.2028389515493506,0.054519511845689844],
[0.6053397293473468,0.5516956009270296,0.3698877927213605,0.023527090704950113],
[0.2015014380666159,0.15729397679871449,0.22967288003402697,0.028546486822711083],
[0.9201360380150283,0.676139860252889,0.12348490574915905,0.0855331097560023],
[0.7236936508747054,0.6518980856019694,0.1626714794586066,0.04774699477140136],
[0.3451990402963878,0.20360132253133323,0.8582668305507176,0.060640854946219694],
[0.2118089147891663,0.9992227211826441,0.2733968329158014,0.0936364267937204],
[0.7463728751032188,0.23486048106526713,0.6680924638551127,0.05252488912342097],
[0.3450515365167133,0.9974777160864433,0.7627238664527488,0.06024891778622145],
[0.10627444780255701,0.3381017477602387,0.29333296062823655,0.04126903716125857],
[0.6509671165570239,0.37286625883153657,0.8708259394421635,0.04093632816080542],
[0.02160363867647408,0.3147478096155615,0.41731003368486286,0.03201029557137159],
[0.7415835733178153,0.4279946916542261,0.707368727727589,0.025593803265415882],
[0.9742412548683799,0.028958670170039058,0.49100439617580616,0.023819797396680692],
[0.20023303106329637,0.8907605062174336,0.5682414129644171,0.03550953762531461],
[0.3330792099330707,0.06791804650957356,0.798418800441199,0.08280324122752737],
[0.7774988970541383,0.7298406267874947,0.4579913800958453,0.025147634342036387],
[0.8049842311290284,0.5393410128254001,0.9721102026488883,0.019436376294059844],
[0.45447569226557694,0.0976138393813859,0.3539026321761167,0.018056456895381816],
[0.27111208280426147,0.6181397519778136,0.2734304137127924,0.03985640016593566],
[0.7325245893680481,0.2434455645645257,0.3632272279040937,0.019013239242073078],
[0.2658231218335415,0.5494619389531957,0.36834562564819595,0.038167885220378533],
[0.7774135791197717,0.3658575884229335,0.37117348034886777,0.039982493717152234],
[0.13260530627243616,0.6612964343719313,0.4585282286113075,0.018493538332839336],
[0.2456377226338281,0.5845821229231503,0.231355032182594,0.02696976182493757],
[0.3839710000754357,0.03396762549324295,0.7310732579805095,0.05254532203896513],
[0.28870035418692386,0.20002279139337942,0.9586303024466721,0.10857843587677925],
[0.8916878821976997,0.8578983593887658,0.38520664817047856,0.02551070682575838],
[0.493721332719009,0.01917663556543392,0.9703821392054991,0.02270243798766656],
[0.8416367698426294,0.34391538031954794,0.6909716356537045,0.07984884331591044],
[0.3325384095611732,0.1387160554446002,0.2917280554091546,0.05160520963828709],
[0.05105728684438571,0.18029487092560825,0.024629608441076867,0.08006406142343585],
[0.39445453041229694,0.22426851704418072,0.5940480749687856,0.02997955813139199],
[0.18936565879065348,0.039963940817505095,0.45321936862907686,0.031069944176007405],
[0.009618801658518694,0.05921671126730765,0.14798065803103055,0.10487607532764696],
[0.16538300367100012,0.10123410755335005,0.8220292266302174,0.2355577041047226],
[0.8028295811912437,0.7216958958769486,0.48463209066650836,0.026597116434715275],
[0.22096069680240216,0.33999932085253437,0.22110022843271537,0.04580728391076967],
[0.35137481908450496,0.33246008274741845,0.6627079593136842,0.059560335393104624],
[0.7755179238793296,0.1324119413924999,0.15353719916941078,0.0364136770143693],
[0.9485632430604591,0.6252166023658029,0.054309879525984206,0.05093249708582634],
[0.917578983866719,0.8019570275511144,0.8227512583948942,0.03829320700522464],
[0.8627195769345716,0.9561054523179239,0.7298407787499381,0.022147331787749205],
[0.9833547295781581,0.998541700568808,0.3188586295088832,0.09024491865362641],
[0.8393892285784502,0.35771265173461253,0.22062740608523812,0.02399086578900638],
[0.4102733583106368,0.8302123852145975,0.7773274910958873,0.05371911440789044],
[0.38012613406396134,0.6633157979333246,0.31632174681887326,0.04351831424518677],
[0.37687575182022026,0.2718864159413499,0.2005608685903315,0.037507302452485125],
[0.3218479095441712,0.48470656414241653,0.7757338639495843,0.020163962559745487],
[0.6391582308247858,0.8219725632489305,0.6197737081012703,0.043569073869880334],
[0.0045291623340555365,0.1703402253516635,0.4589652227284533,0.01951537507988238],
[0.4580391934893908,0.9745407119350481,0.07960035182651704,0.017404386938078796],
[0.23323862410121454,0.38824137174686413,0.8166920540140777,0.022976067580720995],
[0.22929431075312734,0.15250757546613836,0.40135434159773586,0.029084053583882157],
[0.9538705812864743,0.6852078166194935,0.913819137731243,0.10166796864245757],
[0.40346185784839983,0.6375604895656966,0.20048789936929412,0.02516486324057335],
[0.6236223422702047,0.7825563239312112,0.712848256782575,0.043633708297844236],
[0.15298304394874718,0.8342489314974382,0.6008394002853086,0.021235546406833228],
[0.9379912771736658,0.7715868346140584,0.6065047548940395,0.019654740452684838],
[0.39323921854045474,0.015732748870361024,0.8234110935145585,0.04953200012012429],
[0.1765573377485553,0.9396177970395178,0.4836016385100518,0.019893174719559523],
[0.43086005202666,0.529720139414202,0.3992972773357847,0.02540408254185319],
[0.2973926259299867,0.6182145678557515,0.938878392736986,0.030335315049085237],
[0.7120699617363845,0.017001372503820056,0.026981529303475082,0.0705502141177019],
[0.7734564774127023,0.41063239616751446,0.48629873368542575,0.019785538764080422],
[0.278565005151716,0.12146011897467657,0.487052277804467,0.023012156051933373],
[0.3358841404539237,0.23871496759611055,0.0354780800275899,0.057829246081360974],
[0.22750429421709994,0.4442912317467995,0.642086469257154,0.018415563969206704],
[0.525685874116154,0.01869838087279252,0.9862530516023443,0.02026678856739949],
[0.434053561500211,0.0879117276785436,0.18515941818803694,0.037049277047099614],
[0.7335740675791259,0.8709104582191054,0.2785861265014292,0.05554224013496517],
[0.22269671645413402,0.5166311125201456,0.36837843019895156,0.027566259318613333],
[0.38858681206112544,0.5586258639189386,0.7054670024423206,0.027853233000505274],
[0.061849836593102836,0.5543553441241353,0.08908016061275292,0.024814692199372664],
[0.5446396609304223,0.9554857277598695,0.5758139235477903,0.020843696713806523],
[0.10668675968945973,0.9604939789956812,0.5880099881106805,0.025451586234217213],
[0.49814291785684595,0.8685716521102383,0.1182934008825689,0.018875277818615296],
[0.6936224644822844,0.7947972669768417,0.5980916243550496,0.03780042720184972],
[0.6162156467930507,0.043104830517019854,0.7568698319649088,0.023416966382208422],
[0.7656510565867879,0.9021325872132467,0.5386414424825311,0.017668241523856758],
[0.8108621129173915,0.614944703064242,0.2869312202735994,0.040452261890438185],
[0.5668169760496267,0.41307718350572264,0.053177680012606254,0.021117134685997373],
[0.5225419929502084,0.32736699883819564,0.5565218925897067,0.01753797999894148],
[0.7303020604277732,0.8925328634655616,0.4192427390228559,0.03644432600764207],
[0.44953891000784096,0.3707952600136446,0.04367926899125485,0.01945791471599346],
[0.6469130323711658,0.28083825707910304,0.943014369826325,0.054333199572304675],
[0.7695215456986354,0.7120338088453246,0.4267190035452647,0.02974528135526895],
[0.8925210622576326,0.7941244622739079,0.3812074670478801,0.042601993175888905],
[0.675648169879954,0.29694297420748195,0.9996670651040547,0.07160875142225788],
[0.6360790045116558,0.9650913800538679,0.8205041733626703,0.04112377935924044],
[0.9132497193015314,0.9741882574474818,0.6973520690496231,0.034706154700089996],
[0.9683688693503044,0.6905189516190201,0.761106421146094,0.08735815471361413],
[0.2923204527034152,0.4684590055761273,0.6842802593482983,0.022869896739680977],
[0.3201709104302174,0.29452803308141695,0.13674796444591986,0.022991302409272003],
[0.34452452892400176,0.461856068704391,0.8866279901724243,0.023885260382965144],
[0.608033831500004,0.8920711825666474,0.2968655578194216,0.03712291296755501],
[0.44304906449689696,0.7406568109606038,0.2697879221762378,0.019951146800591277],
[0.38294718420855123,0.39635703460568183,0.6298132267123396,0.02018679006314522],
[0.36282376656112614,0.21702413193680947,0.6987610121823655,0.052890231800549484],
[0.8781775855379763,0.8171306676864765,0.49456875010301027,0.02068671693638574],
[0.19411289583795244,0.8571582569214047,0.634603446596144,0.046025214142391635],
[0.30952108662315325,0.22861215866360507,0.3979660450143472,0.02627792179452368],
[0.7075040804515204,0.436105685058054,0.11368383855302489,0.024602604102240362],
[0.29726292284186484,0.8944472289791621,0.17486556292137978,0.062400478910055665],
[0.6862857453691414,0.877384916838957,0.48413791996411804,0.02547173720998739],
[0.1834280263683793,0.19936345489316742,0.05380758988033729,0.022242650538814766],
[0.062458438584356624,0.1054682099227856,0.051984511459434724,0.06692596262340364],
[0.7592657079481396,0.3705299894559315,0.7762272044870933,0.033426954632076136],
[0.8509880395285564,0.10191434664549803,0.4083644010294333,0.04907949202945647],
[0.3661379274646007,0.9058876282309609,0.4552999167178209,0.023624917937362634],
[0.101543119364638,0.4865748131867422,0.6359171655872058,0.020566704368602508],
[0.8099699242368841,0.34003346701058923,0.7991884836134907,0.06547267458452008],
[0.648327104190687,0.23530544585523183,0.7368705413422896,0.04022201519778188],
[0.24474499480958878,0.6779746239191449,0.20004169390639892,0.1082742230553322],
[0.6554304616964516,0.09070550916752063,0.3952348757578924,0.017923317177686485],
[0.2792379370067888,0.3093673179876142,0.052362745966279434,0.049859625063948865],
[0.6919232557403446,0.8275755897713375,0.1022042809653757,0.11455669619039306],
[0.3321119390542343,0.3079721495613288,0.10995983133884057,0.039810208748477405],
[0.1697613664861909,0.21999056884480805,0.5841725111345583,0.029103159285617415],
[0.39790571778570094,0.5753211129500475,0.1401479134791931,0.02059596899702385],
[0.5881909152092103,0.0439192302885848,0.8273909269439103,0.01933244759095313],
[0.7148469899459671,0.994426607055354,0.5297424955867769,0.02983420687060194],
[0.3539925642728168,0.18752456703268772,0.011669672431990574,0.04336859563024526],
[0.9430202527981982,0.306590953714898,0.7168352759826012,0.09348267613235524],
[0.38223897313923794,0.027366372675859618,0.5044062227838251,0.02243454120829095],
[0.9077752597692149,0.48966303936514677,0.15174234321102853,0.02036487959608721],
[0.47175896987871757,0.4846030959168707,0.07571865948065892,0.017046505287243295],
[0.33985247632864135,0.7366138156926908,0.6596297008994977,0.06160221812160642],
[0.39975105477745576,0.03217037639141118,0.0629949068508705,0.0314768897550605],
[0.7023052493507989,0.07827062343546409,0.6508171618352786,0.051818661923624915],
[0.23052103822197778,0.48012477118385166,0.8251096672606543,0.018637778866732513],
[0.8371956831259084,0.7617891102377661,0.7612154434597024,0.057383674677995544],
[0.05912640654747192,0.2639136134138662,0.36073333369997396,0.06772428661582214],
[0.7061900001672439,0.19750810340786262,0.5213389180021917,0.02355077364557283],
[0.8226109245491232,0.3010698616556432,0.3566969140967623,0.05111989130418615],
[0.5772707558094373,0.3558591549637231,0.22764319856637727,0.02732537052530734],
[0.38827821536701057,0.0861206235373092,0.39677938392747136,0.032490024211801825],
[0.9869579013896992,0.1883334842339115,0.3715758726146381,0.06085652064253719],
[0.038667759565571225,0.6345616505760157,0.49543039762582397,0.01928671525663745],
[0.4008031425347849,0.5560116998584579,0.10869254967660136,0.026671040011329132],
[0.8924386736961609,0.12890894096771188,0.5302384025544313,0.023148647107043445],
[0.09732279604981264,0.9260979940230989,0.5911448139406974,0.023929656208752696],
[0.24871326850174025,0.3891548267415017,0.5547065987303043,0.02288929239517809],
[0.40132557946696934,0.1818964042775888,0.047824993327549414,0.020699002076149164],
[0.2434760056669658,0.4313464180552774,0.48714783111748783,0.033744698666240386],
[0.871088040718913,0.9743392117831455,0.3543106693352327,0.022195357042982436],
[0.7431452629022276,0.4385372175153929,0.24797259117791093,0.025730232233976975],
[0.536901918727731,0.06800423973345304,0.4889129452780576,0.02934840726330746],
[0.43804204202985475,0.2320002804296063,0.8510769103381067,0.025374442241834112],
[0.23111241730632048,0.2711718252402634,0.2396200088928795,0.019281057153803377],
[0.6573891121244769,0.3039042502051795,0.039127505294713094,0.05006133879293628],
[0.8309921629553296,0.8607808798937492,0.99915174311347,0.1206164735454492],
[0.7325815528259971,0.9509319066466871,0.8418285858958433,0.04236348331901813],
[0.12064339388081669,0.6423040800437102,0.302379659774748,0.03908892320392732],
[0.870859794802113,0.28852004248969787,0.32607796061826166,0.04565436897278212],
[0.4667753764567345,0.7824141389288547,0.19006720517639142,0.020731053503796178],
[0.62919453389923,0.7818422057086729,0.3065220048948657,0.03810579423619273],
[0.38795002795462386,0.22607053471609506,0.22773653654127624,0.018027460261994054],
[0.922294702260772,0.08510053793588201,0.1784360564482318,0.05990568551460168],
[0.04585466856640552,0.027293312858928,0.38026464971408325,0.03145330259843774],
[0.748910544574572,0.06291844886729214,0.0667898964383411,0.023766051399158883],
[0.884640556257454,0.35137473558909627,0.33853841222771774,0.044794748605459025],
[0.10485220991660016,0.17148341166788195,0.4941929284680686,0.021895067839183158],
[0.9923591684087631,0.3349289041716267,0.6253292421112512,0.06101311137985853],
[0.6713585936402047,0.5302972731473496,0.5005727402306116,0.0242839635285073],
[0.48698881016052686,0.14977587649438062,0.9357140783519604,0.022012494936484113],
[0.28435558484535517,0.3901408899607447,0.6305064473913794,0.024978333456669978],
[0.703917232269309,0.11670135384102032,0.01308667112755968,0.04638535232076342],
[0.713240082046525,0.5385340546992359,0.9493997170442678,0.02096314726720959],
[0.6033741500854523,0.29127998588963555,0.8459158386859927,0.022494600156320425],
[0.2798274073041961,0.36785160806699113,0.16392625788541415,0.04937859538854203],
[0.29449555969255137,0.8786504218706418,0.7157225968677082,0.03915048461206937],
[0.32313093318580377,0.3774661492246125,0.28180037366423494,0.029960614491981195],
[0.5140885916003142,0.0015024330324754365,0.37905470563408383,0.0172452118402691],
[0.4987752463277767,0.32118214731454753,0.9599526581674285,0.02437981240974957],
[0.5833778493449044,0.3222247878123804,0.3326168159062848,0.025339555336580354],
[0.5117565170048056,0.01660483579351868,0.5110207119361568,0.03538046682858005],
[0.6801974647474496,0.177017199251015,0.2981418077272199,0.018564185589020323],
[0.6173826409404798,0.3345988736586957,0.8402956932145376,0.026481037607951105],
[0.8804907642689709,0.28013563415821086,0.11236060262099068,0.025053564028920734],
[0.24600973444084684,0.5489404570992336,0.09856462740701366,0.031429201944977087],
[0.12427227333472768,0.32451287121985994,0.5777014878965803,0.030667162231128496],
[0.423000248828749,0.04936900307328462,0.30887498464065044,0.02530616416897139],
[0.42134651487989894,0.9711018811414396,0.8198729373798841,0.03263306115412549],
[0.5162249169377731,0.135701338463334,0.9945980146587189,0.025173370569911098],
[0.9792494256313214,0.8413060903152222,0.263363173165562,0.07855411645793856],
[0.9989714325289805,0.44658263281446275,0.6183337782929346,0.0534050950212247],
[0.7224161947974553,0.4943764968548059,0.7946288010271753,0.018958766236663108],
[0.8943594657939541,0.33569318320505004,0.38326727133638683,0.029651057623511085],
[0.24945331797245562,0.5799216373576375,0.3412073021213541,0.05859259575767599],
[0.36285495201540363,0.06611023926876702,0.4694018169760795,0.033048878352129336],
[0.8910737103776191,0.6311803258814501,0.2189208657530255,0.026092498343742797],
[0.6277494730429055,0.3759153858543248,0.07002935416637257,0.02798971708287487],
[0.508086707555567,0.9703413898213943,0.3840847092181221,0.02037861973605761],
[0.08153692004637636,0.618699330091037,0.6035516895366018,0.030367959055396868],
[0.5956919910838998,0.7902558978298495,0.03857633811599204,0.026257660427982353],
[0.919881578283895,0.49689658402311054,0.9962979781304845,0.017777392165191405],
[0.683256406682402,0.5093948664635529,0.5272703341711689,0.017176878922341855],
[0.13474322561160323,0.4561537873553029,0.25785886818204606,0.02643824605380609],
[0.46382049508084355,0.13400873977295702,0.24905460353757536,0.02076734233034544],
[0.20216317552612295,0.6158752396530068,0.719782099173948,0.025775777041366667],
[0.6752841642014444,0.5786532533662138,0.6514724151242529,0.03497935444816524],
[0.3325619141772621,0.04071254628265453,0.24596536015817294,0.06512006617837765],
[0.3332369253223574,0.3042113944875193,0.33146377529211857,0.049360675276671206],
[0.6129486000569091,0.9583149083937162,0.8970564526913946,0.042884496702744426],
[0.38288127746928013,0.25385883982881774,0.49448664241335016,0.019352740590017133],
[0.6977236562870986,0.5771626309870256,0.2545311389823971,0.01847776163561287],
[0.9959853326814518,0.11603496505882682,0.6494882810813988,0.07933732640808033],
[0.14906922320700422,0.11926848653148503,0.016683522676416818,0.05231491608541544],
[0.29207571898591367,0.3475281216427645,0.6903227568176132,0.06865888242569121],
[0.28409179793233363,0.7198694011231859,0.061252805758089224,0.12630220381704926],
[0.6195206572442098,0.01329606674193251,0.6629959693992424,0.03590482746723713],
[0.7278223055422731,0.6436805736369615,0.2809101781681361,0.06187721808255074],
[0.1645679966337148,0.4073217570121105,0.3968978011711911,0.019828142023725993],
[0.1923647204668144,0.7857262782567526,0.4743314913961767,0.02532252805822697],
[0.8896879675130063,0.30181221448724294,0.21790474860492248,0.02999427877361139],
[0.06276007320129262,0.790258359303661,0.4041384779528987,0.03547398448429501],
[0.4690397033121978,0.15943543405266225,0.9166749013856573,0.03106553034017112],
[0.5750573560559069,0.548511165793885,0.6234831286935342,0.01721776072636562],
[0.33476457921261726,0.8346254258777196,0.04491161654680065,0.07173462316635139],
[0.46945528795369385,0.5513278951971541,0.938804011694866,0.019015305351887564],
[0.753508057117733,0.9628935574849591,0.8069075403058952,0.07944224785340595],
[0.31603735204844197,0.28469971728657295,0.4082678709595453,0.032403211287977345],
[0.818946984777256,0.6053894280065881,0.8486254420336403,0.04455149962514826],
[0.3922689157156428,0.02900734321806453,0.09698531383784448,0.0370694174975125],
[0.326045014134997,0.041011003130071555,0.6096313369806817,0.01746020023850122],
[0.2378393697071861,0.015955038470857774,0.1773500055020395,0.05277672595038173],
[0.6434332670044463,0.1887644714040293,0.5817928784215006,0.0334224799487604],
[0.24070351083605757,0.5672845522520943,0.8465805553010282,0.02750372206785321],
[0.07636166738196248,0.6096238184527731,0.691761902429809,0.02268301650387544],
[0.6101075569354149,0.7424740773773403,0.0530726076456014,0.017886629504399947],
[0.8397189971829118,0.8364531683836439,0.7339692973204054,0.027084044396365234],
[0.10025828594787589,0.20190439857755615,0.16909129958407154,0.02106155748719047],
[0.21931478310511976,0.4623447160198981,0.46312535269137933,0.022619451743641612],
[0.7868108040924873,0.0031758491493569796,0.47675121206950366,0.03734217223637271],
[0.07799946504847965,0.34057053287344463,0.7367225211644627,0.0812082418685673],
[0.08707230153566081,0.0017573457131870862,0.06399721137204573,0.13869009107520663],
[0.6629107369643313,0.9674892450403377,0.32206527243712,0.05525703232779178],
[0.5455940646433722,0.03821094209181486,0.0963328205363706,0.018231207603671466],
[0.48620296564819265,0.33773047496096753,0.06329595686070211,0.02594853287361812],
[0.0019672867669231486,0.8942015126886682,0.5627939646216539,0.025206938341858214],
[0.7670564941913595,0.618536440006455,0.8048289943870619,0.029261316137915147],
[0.8450743602303937,0.30413091314845264,0.5374418515688286,0.01767488834405531],
[0.0029887424872833135,0.465197539716354,0.5824829247713353,0.018581522543106598],
[0.1494071259980122,0.2975835514810724,0.07440632841848549,0.033128670687864084],
[0.3880823557881491,0.2745084880448443,0.6188142555544172,0.027190852830434868],
[0.724093442471491,0.3724280509902167,0.30856060901344406,0.02508207590690565],
[0.7402839802048657,0.8593691129639692,0.35863661402545555,0.05516459160533371],
[0.011196958663022505,0.7892847974954282,0.5132675858571243,0.02091806553398816],
[0.17563683964114196,0.42396038818759807,0.9496953160974315,0.0191580574964283],
[0.39173884880153953,0.8086247773298553,0.9873689768159606,0.03261391810239995],
[0.29256401272149335,0.016469488875172633,0.5569393100451453,0.021294834924411393],
[0.970536839333639,0.24830166387372798,0.27114292023718545,0.05253131221240549],
[0.06902848452148724,0.2793212980184049,0.23890234728115445,0.03112270033000853],
[0.8047156293366456,0.05314717016862136,0.32771010510106335,0.034751490788123035],
[0.3077359617665759,0.9906322361564681,0.9911356154321362,0.09666461820319944],
[0.642397154682381,0.6996005046903397,0.1145718742103794,0.05997626114790705],
[0.9386361621110778,0.12720694720495485,0.09174732300083022,0.06919117732191313],
[0.004820228030791962,0.42667663808228895,0.06803317564835265,0.03741109552836715],
[0.6655024208488771,0.648745505495466,0.7565830739490859,0.05185700578003884],
[0.9179662623898358,0.5650702841387153,0.7316648902758067,0.030891182595862744],
[0.970015563356009,0.32574195818099216,0.1705351169363687,0.06364489535791479],
[0.5466998651103254,0.8601750790258569,0.40448417195355635,0.018473245229430328],
[0.9537135313867675,0.5350584266569349,0.4709672417580181,0.017397890213556415],
[0.6261248686434953,0.6222980147652171,0.14681711190640467,0.01750947961102138],
[0.33852917267150584,0.576722450601136,0.5246965508898118,0.029900074175830627],
[0.3342328191316041,0.361381115261062,0.44559066435902694,0.019599509753132474],
[0.4092084938418261,0.22442264324726302,0.9906598191910361,0.033870121463566875],
[0.6926086269988433,0.337426495549247,0.43686317384159856,0.025884336289961028],
[0.7683625939655597,0.1286487188904497,0.23703933476497296,0.0283610306000567],
[0.6320435525567177,0.9344369035178715,0.09902096804816063,0.03879067635293334],
[0.5123712492008579,0.937776970615279,0.9546790956454235,0.01931938533227888],
[0.8749059127108276,0.482327075818192,0.5842247188618153,0.01764855349549043],
[0.7732764553545263,0.9224766567785495,0.3895071867756974,0.022054628404148756],
[0.06187066147699938,0.050195248491453404,0.5781296036074878,0.02387731562963588],
[0.415386798912211,0.7617598227691734,0.9747816550817093,0.032809654072477136],
[0.6451152974520463,0.6376288070809343,0.06200431510231441,0.05010074979334546],
[0.5256999101111554,0.6944873950385064,0.8567566964034663,0.025382910967145872],
[0.682598101046472,0.854795880474673,0.6230487476165866,0.038475257885797726],
[0.5824514803689205,0.5686818809107554,0.8979058439718536,0.021724615189155458],
[0.051566183763254725,0.8090935583121895,0.3481370607914678,0.06968243991228976],
[0.4413141706783751,0.5760451337035574,0.606208488821403,0.029839029860777758],
[0.49563747749749243,0.7693258062895696,0.9468630172558086,0.030652041754585073],
[0.9933031825453045,0.21789067184815247,0.08009315203537015,0.10861383383841768],
[0.9711069527434375,0.5668917106997947,0.4840328186432995,0.027374622311986008],
[0.9661582716942095,0.5003192271849775,0.40947287607292604,0.020452172341005694],
[0.008390845877865094,0.8340462289037901,0.6396957514300144,0.05467287530090778],
[0.6695508263512246,0.06537680883714292,0.32498542917901074,0.030231930358112433],
[0.6552359994296217,0.2953406208142134,0.7587809604598434,0.059873391526367906],
[0.5387305463566551,0.6209483385072551,0.7608972448226445,0.026440267688141235],
[0.8381239254521049,0.7317717205284043,0.9126376046911099,0.1292769220773049],
[0.8806087011427147,0.1569036813094843,0.03430323520145839,0.03898768510820279],
[0.3831289242898053,0.6417519095470198,0.0928182325181186,0.017115465395898193],
[0.5645490527169182,0.6775888681936296,0.007978164474706118,0.02662864549527439],
[0.7308065851071663,0.8250623184181554,0.6160619520434769,0.01975185694166392],
[0.03023925739307154,0.6482491653918707,0.8133576769507128,0.05606039351038826],
[0.40119789248073967,0.2775168297138143,0.03205319184393507,0.018461194609428],
[0.5364022550340134,0.304323494445253,0.6477892360986026,0.03368436590859968],
[0.5845388998696229,0.9143327966961735,0.41087082237357675,0.01875875820763563],
[0.9758018307673908,0.3659114568757392,0.004124538652967802,0.04287886165452653],
[0.9798838224327184,0.3354376201844581,0.47030274728531785,0.030936443344806552],
[0.37217184541610304,0.6047197840668369,0.5603833802977317,0.017654831144209487],
[0.3949074211342398,0.14992306439108993,0.3133596356648948,0.022198725745132868],
[0.5173130726551249,0.6273836919774705,0.006954678970090278,0.04291438617066008],
[0.34358240182797495,0.7908711663611372,0.16251317516585329,0.07112761986944707],
[0.7161011626248139,0.9627871110985295,0.26022349296715164,0.09719355179032287],
[0.25603748822655226,0.39639132696640544,0.9966622739498254,0.048338331165115725],
[0.3717627666172142,0.7946789625400946,0.617402853025732,0.03409935762674613],
[0.6318911784519836,0.09063656341538806,0.8807381625255878,0.022875905929535034],
[0.559910511317325,0.39153538725121717,0.5355567672548693,0.02759723495545855],
[0.1254722134838152,0.38803879385027107,0.19648034642269363,0.026227165083029552],
[0.992571350818429,0.06817708478022844,0.02658841517726629,0.15319246462530733],
[0.2520544719202099,0.45947650360690917,0.32470509440538176,0.0193790475826522],
[0.46226512134042996,0.2277597723192638,0.233502980602031,0.02998649896073853],
[0.23351917301745007,0.2574806958527538,0.5887844261741161,0.021093645273555978],
[0.19116827860183128,0.773478130941762,0.3672801608077525,0.026195001874807555],
[0.7731825043916273,0.3607242975981194,0.9717415342577793,0.06050304413532996],
[0.1960707367424247,0.2977248956765124,0.6258047657569158,0.04082342167905244],
[0.5864516921898132,0.33039650787322616,0.166377804855822,0.017466494035662763],
[0.5367986123991337,0.5837708497151055,0.4538087974578252,0.018096589496280326],
[0.3515987519895143,0.21606332459778987,0.5993550446288738,0.04643410829258679],
[0.5785464777354369,0.5755225369334185,0.033398442330413114,0.024372192748817932],
[0.7016699755098055,0.949951721666988,0.8914779187985503,0.03415030347346389],
[0.009483480202367889,0.29166173834052156,0.1221352450587807,0.06336805009418545],
[0.6715858669475269,0.34941664739184275,0.13426359739580784,0.041856528989199844],
[0.7078249837118339,0.31157131908477187,0.8932521882793135,0.0995069938459437],
[0.8965151076598269,0.3670844488201871,0.6092433234059471,0.022255271933480876],
[0.42451754440953227,0.6252168923387814,0.5814875308670796,0.026990512750687007],
[0.01966406979184865,0.6719714307284167,0.9147689077951788,0.07360687101864559],
[0.6792868157142667,0.43967019038262467,0.741094117326676,0.023228445100708914],
[0.3109871217921524,0.6349000641827877,0.3596570617611261,0.0461163143808718],
[0.38136327288549177,0.4764463420381726,0.7321549259545582,0.019628665839310222],
[0.010739898122703484,0.21893221921327677,0.09896492271952995,0.06390765704822576],
[0.35195722141276675,0.6460357548389335,0.9079730175918168,0.03971725286299247],
[0.870447312149125,0.6746128435542921,0.5973868076664282,0.036535192907101416],
[0.43868844654814343,0.9898776910152085,0.21392312753479514,0.035219618644185505],
[0.7121882368362926,0.3687795057722857,0.341095192025497,0.04613617918164248],
[0.39098261466023043,0.8653625445958375,0.002485217635130099,0.04011185699498597],
[0.1991511863305132,0.5149922847246563,0.716101119021325,0.029531988337222183],
[0.9917518195701109,0.95756028384423,0.6634374069461126,0.032334249213299825],
[0.4701404354749017,0.2695006222022547,0.6856989031053561,0.019267149883944283],
[0.4804342023252418,0.5237280112530514,0.4191754500087971,0.018929331389203073],
[0.5452853469347092,0.24774210462651636,0.5069931938368258,0.037996802351214845],
[0.3828597454680933,0.4568647400420377,0.5478673735202564,0.01820552794939191],
[0.005936266632569853,0.5550702102743071,0.8133830417726104,0.031183578496367235],
[0.6569911807055295,0.7142549372744892,0.3771002911053385,0.04197598203670263],
[0.6075846529035447,0.23471948992934966,0.002112338357887711,0.031163225032253106],
[0.8922364169838363,0.05833961422483702,0.2281374822762524,0.04778676116246823],
[0.34913139302591023,0.4592744688355539,0.36231840424146533,0.01901958052023804],
[0.8969460442350834,0.6795852563474253,0.011918524390041485,0.08063213261172952],
[0.3998453284566461,0.007147119110238576,0.3161841224561337,0.04286036736518011],
[0.8160100856104225,0.6859180187609385,0.5115650858035532,0.03526730274752064],
[0.47002162315332463,0.26789726608809805,0.1296365992173032,0.0369241262878828],
[0.6814258116860732,0.20191836868314195,0.27294375813173344,0.03657194850523785],
[0.020716421027477727,0.6042166616120971,0.6810652886683379,0.04049791514628508],
[0.5857278660602727,0.9471777822500452,0.28009172568050167,0.0324842867791352],
[0.6213087122338442,0.9332618470453398,0.22985648169284123,0.04551162005127746],
[0.22892951392379235,0.41726631228598554,0.08520037999687036,0.01842569762401721],
[0.3387945258003624,0.8805677762897547,0.335217214241753,0.03049017082260439],
[0.6044863114203132,0.9327338365108109,0.3796224566242733,0.021226681317195933],
[0.5111627794736696,0.49190058035782336,0.5981064806367876,0.03772120554547205],
[0.7989923952900742,0.7056740251688366,0.4471997899656409,0.026235953744160587],
[0.9320164501580815,0.4450211733633589,0.08496574690577885,0.019274906990155855],
[0.5572757024176962,0.22819802087940266,0.9433027601669692,0.018854176596601657],
[0.3824644411835705,0.43866923193201046,0.6514638476775897,0.02184113976864121],
[0.7042274755741891,0.9824926681932687,0.3766690696174936,0.03255775241378217],
[0.3806729939590795,0.14353466208493415,0.03440589761077406,0.03891499332141875],
[0.8362218177380353,0.5028162488683777,0.23847914778163104,0.022323144786469996],
[0.5097334341107015,0.09152616294948346,0.2867852472774901,0.018301148538821213],
[0.7176604260352812,0.6569112778340294,0.7573514699064068,0.03959148036747848],
[0.9361580969341664,0.11956535419211511,0.5121774756128568,0.03217193553624454],
[0.9498863205707679,0.28240156198271027,0.5196199656022021,0.01964512810852987],
[0.6508174585608423,0.9926284058783759,0.6393168257108512,0.03437549399405565],
[0.18002148365820259,0.5626554228331483,0.6166533182343811,0.017568545531390985],
[0.5432686675218183,0.9701419941629488,0.8290816116481319,0.0274783876148941],
[0.5800648688541192,0.9211900808594268,0.4707136992523494,0.021744832704702476],
[0.3230553066053863,0.73191426580488,0.9813003541627728,0.07889686456126796],
[0.6131904952415267,0.36529602341120393,0.3011404214633008,0.030299939612757718],
[0.3712138862821398,0.72490074666105,0.43155208738020756,0.023460415053473425],
[0.5874198975114833,0.0018550537840640313,0.3056920564645448,0.04399370472638721],
[0.12969194643577098,0.5684324264210544,0.41447659496730715,0.032096026531652104],
[0.8018143340677144,0.6659328037799616,0.2001236016762047,0.06100224665030139],
[0.11838765113231864,0.5924913503419479,0.5124497677571116,0.022919510923972056],
[0.6934278517184032,0.13225904853167125,0.6280206832667735,0.04398127466032174],
[0.08853153703312244,0.9777203975194261,0.3658934718786051,0.039405140602982294],
[0.20986478828967936,0.3829946212537808,0.7329314252546778,0.023263629220195127],
[0.6533934854358874,0.6320449614154955,0.5340877726166562,0.03491660984057971],
[0.30349889721475454,0.1363855577130494,0.15725164766910038,0.023122024201609297],
[0.6832320540759804,0.9948786295251336,0.9914476532319622,0.09498374653264621],
[0.338118946819551,0.5573755958413144,0.27347441567082265,0.024427178598015298],
[0.33450897843473293,0.3693949012490185,0.24667926867931633,0.047607501380263706],
[0.8588404089272037,0.39555406564130013,0.7734052057210896,0.03397544023358405],
[0.6043451748036335,0.2777633650109864,0.5507634089467214,0.028014425085588192],
[0.5321340685479597,0.6595075752398648,0.8036086289175385,0.017746982800965094],
[0.9378994569923108,0.25909209388972565,0.33650918087003034,0.06462693789743539],
[0.7811235449370674,0.38434002931051003,0.8685867005635441,0.018884943475387668],
[0.7702618963470855,0.3444391326544378,0.5909404709152015,0.027114448513335054],
[0.8447160132545676,0.4506906864136452,0.9228576122013116,0.020041712014360336],
[0.9259975771877841,0.9029784706010457,0.5376120707793666,0.031233432512129185],
[0.5255783445010168,0.36940708395152566,0.36932893836183855,0.025460564592789683],
[0.7351230916449332,0.1415399516089253,0.6425606964937647,0.03940537771092263],
[0.34551989042602005,0.28681437129897847,0.8743485437680821,0.05286738129646257],
[0.2586715042390485,0.21021105864858902,0.5935463328889804,0.01871108292845801],
[0.39870847429488177,0.4261096142639451,0.027974688800655456,0.02234059081172033],
[0.5059637224794227,0.9831501886089262,0.8494350853809963,0.032403230482068876],
[0.7756041139229615,0.9418570342686859,0.33988927048402473,0.051875857898998484],
[0.7973801176436157,0.19253009651926123,0.26541275715602475,0.025582054324257794],
[0.23834166285760783,0.5091503946593933,0.8889927343472207,0.025175244648327863],
[0.4605963210396211,0.10731454763397319,0.5796041155822234,0.02106511947986428],
[0.3867481113356587,0.31339937597276524,0.6060854230895677,0.025026225588917796],
[0.306628995351663,0.26911069458318115,0.6895207571754585,0.07901189296894566],
[0.902692065188659,0.6743010208568991,0.43566234986751273,0.025308461371598014],
[0.9045648179789088,0.33356523329093335,0.23951920717758468,0.05275451201929854],
[0.26033039866355867,0.0909221449510963,0.25533016954031296,0.01869521162810131],
[0.2471368877165756,0.3928805608935233,0.3668036095185522,0.033591217567082575],
[0.6211298645935415,0.8486465216130549,0.40815083523319284,0.019870530018046437],
[0.4604900845777433,0.8154513240054821,0.3139429836652152,0.02299984687891586],
[0.8390180863535873,0.6735104979962862,0.697069411370208,0.058919756249445954],
[0.5531538604141254,0.9191489851335933,0.03260172151825902,0.022225694278144907],
[0.5872546004334949,0.6818206224784437,0.776028074539209,0.023553790572249225],
[0.5742786622816837,0.06674680469866923,0.6704623192730367,0.018643822128707632],
[0.6236633022769982,0.9158079927676854,0.04144402246926271,0.04341971322895133],
[0.6174121252924368,0.2125185663917114,0.9779272579312949,0.04554326572068387],
[0.8773237064036492,0.35596485305305725,0.01793522523341262,0.04699669166992311],
[0.25284321261833886,0.3513013766432832,0.8493507492028377,0.058257895677100685],
[0.4082448948209143,0.943651206722325,0.6465971828417544,0.04214567334711834],
[0.5140144722183635,0.9938770711032602,0.007327583617432909,0.05886567776232288],
[0.1390784086403869,0.44343414254718216,0.5381810887309288,0.0195620380629006],
[0.6641539333894307,0.6875604522911599,0.18645990000486834,0.0780543801086819],
[0.5019344028268363,0.5061023613906824,0.29892928911407424,0.04085887312121394],
[0.8718858483169577,0.6079847890476873,0.1774180164262067,0.027733486877423587],
[0.656827396893299,0.12388523267413531,0.915385448184966,0.06205449920484296],
[0.06309132072270507,0.40237659510141477,0.42412231884840734,0.022179815186881745],
[0.2781743893368116,0.9232677192807618,0.03702468757570487,0.11445255415640541],
[0.9390827581327148,0.14467817349971268,0.37890968387484636,0.051574224133831836],
[0.5717502946205318,0.6528884364011048,0.18428229352479775,0.04031203737615239],
[0.5030917432001567,0.7673442345558612,0.7740232461284315,0.029438112160431344],
[0.7600724234611707,0.9904819236936635,0.7113012694596376,0.08405090648932462],
[0.7355581910753589,0.015070139137959182,0.399899254261853,0.04648836942319322],
[0.5975743800640081,0.7785691397651631,0.8840833919036197,0.021447226729639418],
[0.8630291969472508,0.0010846467044212105,0.6103349142239067,0.02593493711532912],
[0.14075189450265824,0.24900665426578605,0.5076801164767393,0.022484925780710617],
[0.6740595394968936,0.4622490272933931,0.3959940384987102,0.03142717330026713],
[0.019304253804667937,0.7302275101929488,0.738850296899747,0.12282241414716304],
[0.37708832527130276,0.6498883372682793,0.7857115505972005,0.039654883580061535],
[0.580204024778748,0.7498014281203085,0.2584147185797703,0.021377383719900923],
[0.5477361772328357,0.23317552985476397,0.6137193724147504,0.02609771820250715],
[0.060186134228245924,0.7675850817455065,0.5804521896802208,0.026196566988520284],
[0.3962719591842716,0.4145477795170902,0.8148089086583339,0.01841376399231589],
[0.6284716771758263,0.3913581751176666,0.42895769908686976,0.030237053750718654],
[0.917903435175292,0.6395780766169274,0.25162880245742514,0.053894092206455996],
[0.7230596771907333,0.9024848641442531,0.4685164319280747,0.02805041267419569],
[0.9776515447784139,0.7018992514147079,0.007360162950499127,0.12501567687305515],
[0.6105262679910732,0.48032268979079995,0.9313438848547788,0.026041923307076116],
[0.6491327215090632,0.5859760756958334,0.9962485345017967,0.01747118292218547],
[0.4388325255248383,0.20447355968852576,0.3293331762694892,0.018353997571411124],
[0.11259678375707505,0.5702103295758347,0.986505042150223,0.024497345399149696],
[0.348463527528012,0.39347610714241466,0.7725713014896103,0.033749180888584064],
[0.8836137631031805,0.18967280380087737,0.19070007688654111,0.020882546852601533],
[0.4556395243044222,0.057806866650655264,0.40004414638859265,0.0288990074432547],
[0.6194006082632745,0.8385206013471606,0.78903022785027,0.022222299291361852],
[0.08212592184629286,0.3810134728919755,0.23403913975874613,0.058299111687660846],
[0.6387028554074339,0.9313817880147087,0.150612021927383,0.054936096268258156],
[0.5884122208979999,0.7407696986057781,0.5854466555636632,0.02544620211510811],
[0.3593246925799486,0.7192348338480474,0.5784583606202892,0.03723066551425549],
[0.7351133468819794,0.7953815630611377,0.2591538292868195,0.08824406197625603],
[0.40394563342791945,0.7292061860542638,0.4965645206636764,0.018031414221435796],
[0.3293336154528024,0.9097324661836189,0.8912511403145785,0.024783026823218847],
[0.6427095334654755,0.20969007504151627,0.01748357267153855,0.04800942477078943],
[0.6594340149828296,0.6758204127758508,0.015012588364321289,0.06902115544883597],
[0.9553901543995466,0.20778281589210157,0.6594704891767029,0.08189564639479467],
[0.7037681088459204,0.26998073517114907,0.3688861078815062,0.03182681545687449],
[0.4137295112055015,0.6978439919931224,0.8680888729553141,0.031808877540301095],
[0.7709469929160326,0.6886589199236159,0.1407613531125793,0.09872013945762784],
[0.5888148150649617,0.7291558971836811,0.8828676329610924,0.017079489318746456],
[0.5283342366707983,0.571014329254013,0.9043023013467959,0.030454673743533736],
[0.615371492453406,0.6600184419497445,0.878567048668542,0.04701717749732004],
[0.9704224344435002,0.8810886953870998,0.47867192872311615,0.03813376135976321],
[0.036040259162762434,0.9979471262124296,0.39663203072127473,0.040495765206038474],
[0.8863356414441352,0.4575342487072195,0.9844812238707271,0.026812874398827707],
[0.32604567873213697,0.9474081980054692,0.8346822940714042,0.033579439468944615],
[0.38772723842433676,0.3637253797041362,0.5991802246378789,0.019745070749731662],
[0.3984959839792799,0.9502581544258305,0.23923623804086425,0.033049311514412164],
[0.049349594771082694,0.5332217946664836,0.10555888981493533,0.029164093186291498],
[0.1735424616234138,0.478723869546431,0.7037232940346565,0.021583128272106213],
[0.1072169768131861,0.4046370597056277,0.006319748723068175,0.047519069221564916],
[0.4334785021762966,0.33948738973092396,0.5660811253823246,0.020035743497009664],
[0.9635352469812184,0.04417806987733086,0.44944164754155036,0.018873922463768837],
[0.6848861798287814,0.844753911266443,0.8529982352249023,0.04783493565613506],
[0.13246464806695502,0.506819011142939,0.1955197582728352,0.018527708360401067],
[0.9809374314262748,0.5920307820297862,0.6295822748470328,0.023525388302445452],
[0.8582182977517158,0.7792798556202938,0.5009730973621175,0.021377338138598018],
[0.13891504511082897,0.08466388451471873,0.5012876015948697,0.03450591412010497],
[0.2923042672440077,0.1494725992057565,0.5185209338467432,0.03026137544968862],
[0.2435502450558451,0.7089286810303532,0.35461822283876987,0.048906367038966114],
[0.9923693165810421,0.6600569958616316,0.4082846707181602,0.031316642336979714],
[0.3865114921236348,0.34401780434309737,0.7520854242875605,0.035948834928974625],
[0.4860772401844544,0.22253826566647483,0.3839987286781288,0.018637079203893195],
[0.8101186688180533,0.0699729467907515,0.5335253836984597,0.035262763176116235],
[0.6211150183437147,0.4619531608602945,0.04322085594189884,0.023661872707534698],
[0.4417353651254401,0.6204386253935313,0.7753030825838267,0.01770344734296219],
[0.19356093106179906,0.5086479078457152,0.7453452297847537,0.025677424395761296],
[0.24968596627292694,0.04047945010204124,0.5776111624978282,0.018279631326854416],
[0.6004433257327522,0.8582116357882688,0.2819634266226536,0.0447264640278869],
[0.33356350568962945,0.7714363959846836,0.45415468858966457,0.032116426400655165],
[0.8529618040393084,0.348333254216303,0.1260088985412502,0.03041219499236998],
[0.2095686756399523,0.3601772912660772,0.010469031107822602,0.029413001596313562],
[0.2784504929423546,0.08934940556260607,0.24523230972399035,0.02264010732803902],
[0.23266062121003028,0.3456623468151946,0.08472525825629318,0.04635534821713748],
[0.467117826842803,0.46313633324806236,0.29912261590609013,0.022872607993108904],
[0.17058563604490706,0.5785422065726085,0.143837109352566,0.02724337010206683],
[0.7144113914563572,0.42036445113327614,0.9490688261711047,0.022177421289179933],
[0.5560854730689537,0.21928530654322775,0.8843610877800441,0.01941164127175267],
[0.7965878832241362,0.6376536954852573,0.6089212829898069,0.035297219256497384],
[0.16483392663122354,0.5122597470877706,0.2871865613352904,0.019005075296814382],
[0.42597591600230833,0.28708412473172074,0.006562751939488631,0.026321493018496123],
[0.4061362503959687,0.2866339008789607,0.7549004169152941,0.02559826431356335],
[0.8249477100139424,0.8709647622004186,0.3200804760804299,0.030296243446213164],
[0.5193978065114985,0.5887764793099212,0.10874102430881105,0.025247115696508428],
[0.9845679920979254,0.13480311684356694,0.283375853933852,0.07774988370232214],
[0.9506980766942936,0.02795813686321691,0.29952513694474303,0.10526198829598045],
[0.5828514368641214,0.3647916809148679,0.35378249612203905,0.026751406998642972],
[0.51772928657553,0.9598365771537023,0.3657835585825939,0.025572008358861857],
[0.39193616543827314,0.40430687762631057,0.399198884513317,0.019170544282749204],
[0.8090938866190943,0.3593232925762163,0.1699699533721477,0.030714605794256368],
[0.7302468325186756,0.7830123979018283,0.532215712377154,0.017811696711303025],
[0.8323889519825104,0.21363373613581982,0.4057456989245033,0.030773264373820795],
[0.6562607676294173,0.2765243784877379,0.5020537035327908,0.02755827302841421],
[0.06488527595878846,0.054197714514429673,0.32423627964553425,0.06900429239160179],
[0.4273278462773734,0.7554530134812366,0.03595871897769132,0.02514399810492974],
[0.7784606126486372,0.38191810476627,0.643503893512877,0.03497326165542613],
[0.4727393788450017,0.864084800390565,0.26301154988321374,0.0210995835850549],
[0.7020331322244736,0.16686836782240055,0.538844217927667,0.048255225030690144],
[0.04331924399194631,0.16556560996509173,0.30572042956760637,0.04517452805185053],
[0.41375078610080307,0.4942920485391973,0.3274430068253058,0.027064952796294887],
[0.028364965669362197,0.5447423479248342,0.5175500492744046,0.021865620096605205],
[0.438645989273039,0.9641135630424201,0.3242803680698516,0.03914194542803203],
[0.21873424510327877,0.9885761653135122,0.5253231718270504,0.01962603212763009],
[0.005977984923207447,0.44645073013586256,0.170155409393821,0.023838114012640917],
[0.24291010421653936,0.8220469124974811,0.15738462811547793,0.13168976212097155],
[0.06852292248859804,0.18700356050293598,0.4036112796459489,0.025151357255293535],
[0.9656875862494155,0.9191817638043815,0.8224665553469741,0.021282192512127124],
[0.8690523824728267,0.8643323271272888,0.2880284280954676,0.027725803072427946],
[0.5268679264533208,0.36798464719564206,0.9927492550504314,0.024256603578247923],
[0.4540246430387871,0.14600650519698188,0.8651169261304074,0.021850617953006024],
[0.3513224424420839,0.06731230246586617,0.6455999801436784,0.033459950514178174],
[0.41503194358507456,0.5942859019823585,0.5806445454012962,0.023663266538377276],
[0.7855246763328866,0.07086776682653861,0.006699286326048992,0.05026659305982965],
[0.5454984965716266,0.062048111548293594,0.2250919568486619,0.02084003612444088],
[0.4943925059084733,0.46855625123629574,0.12810188614173668,0.031807708556349734],
[0.7360920824772451,0.2817481581986968,0.13025562049695727,0.023751806854358695],
[0.3997728763157441,0.3393508650540572,0.5011928342563796,0.020930844654945102],
[0.6563794697587534,0.08799581662704681,0.7429223698753211,0.06864691139971328],
[0.3047917897367316,0.3914684205069052,0.6013111313464438,0.026504176991259835],
[0.3921132842569327,0.9684328686418892,0.32036978871636335,0.042574893829343395],
[0.5248458290107758,0.03078560942549191,0.10123306966137835,0.0326270169978211],
[0.9085849426183497,0.4366655666152871,0.9247676875783091,0.024026523656108863],
[0.690283774585261,0.4601772159882269,0.5405981202584192,0.018398644321217968],
[0.6024807696705501,0.9804100025238937,0.0505845539444566,0.041278648323307604],
[0.8878606251571295,0.4022306337470861,0.19719742146960462,0.023861744489997658],
[0.5707943717869278,0.6942915370751785,0.5887196274856589,0.017439049327991507],
[0.8366230894872622,0.3767073091942513,0.05446868615052225,0.04250816824297826],
[0.7771809947126672,0.2769527477843883,0.6804875019464188,0.07668306712929626],
[0.34654398188150615,0.9435361511097696,0.1541553357631733,0.04825474872368683],
[0.7894529485871953,0.49975129777401517,0.572576655394784,0.029793933743396138],
[0.5447448532032986,0.5128070282951563,0.2775059179661905,0.020589175120752312],
[0.32366070062672403,0.4184444538559524,0.07212448265834748,0.024485941901921472],
[0.6494664875087032,0.18891648404847972,0.21273557083348427,0.03879573531382554],
[0.722451041693837,0.6667668662642006,0.8269655485221518,0.06268943638916213],
[0.3513493069415813,0.4905699057319103,0.9303138117887783,0.025151650425697974],
[0.5666387018950594,0.699083304457273,0.8874503755372397,0.025549001149027917],
[0.48000521148284425,0.9444733738774804,0.7435622781068735,0.030391572057007585],
[0.8128443201771659,0.14370376744383162,0.6729865160671957,0.06289019570247596],
[0.5465852123346522,0.8753948109080593,0.1183285295978429,0.026199042560670995],
[0.8296784497564071,0.690127405582445,0.41283789619343614,0.017411819838369938],
[0.5136194345730422,0.3125772971120714,0.6006196585615813,0.028106919624066896],
[0.44557449959914375,0.7619487548778502,0.26292586802972295,0.025868293092413293],
[0.5636190772709532,0.48677104952547123,0.2233188639531637,0.022518747745643393],
[0.7179682308776496,0.3877172402987098,0.24924477665794853,0.032793666801548674],
[0.9737004698910544,0.8969370591070956,0.3226825899737056,0.03628846503786693],
[0.4466462215871335,0.6896872908550309,0.6241118658369392,0.02266800700996211],
[0.4975639572439531,0.20481671224030218,0.5240787114263475,0.028156768684459953],
[0.021239183531054473,0.8781388751066664,0.30273633800052946,0.10024111816778242],
[0.229858150074438,0.3058698798906112,0.3388667829164642,0.0407068473010293],
[0.9933794165809202,0.7057654559603276,0.23516426710025173,0.11446805042705478],
[0.42115301469010746,0.9947368689909529,0.2629987254980245,0.03246214745752832],
[0.49857671327299014,0.7780480588134919,0.3804889367262072,0.024272329532650426],
[0.3147222557009013,0.1391794087325967,0.1865094870458609,0.018006666142691335],
[0.617650061987893,0.94082064226096,0.6955970138999819,0.03867559210066822],
[0.026258092481514006,0.38148841045436543,0.8648700997691261,0.047414301364430395],
[0.41389739206213916,0.2632876660177671,0.18560248385035316,0.03814429637604142],
[0.9653333779573335,0.45919659972143356,0.20281798861037137,0.03918437514340624],
[0.6181548144720062,0.4514576662500862,0.5106039929912956,0.02540117338408847],
[0.20078122028975343,0.8979074245660189,0.3626161371293656,0.023578403172352706],
[0.7286390903044881,0.4619986965525281,0.848125315090949,0.017161998834002427],
[0.2477980361689447,0.4810071640637543,0.20372790937913432,0.020685376597653217],
[0.27639925471607785,0.3869293080126799,0.3832953210852379,0.033204458971925845],
[0.06511403802153315,0.31505422758239443,0.21980776204145513,0.019518680625624264],
[0.9863888416622424,0.5331583379342343,0.7312754949125282,0.033367724852598646],
[0.14949309297670377,0.18881179475739873,0.00344756340210417,0.05439192901477173],
[0.5885202170214365,0.7945467437705319,0.8191041501829566,0.021474793080215833],
[0.4151529205268776,0.6223587982629524,0.004608549157416708,0.032673874203947184],
[0.2574166219687004,0.6525491359084823,0.597522117092638,0.056261288635490084],
[0.4580378253855384,0.511253525744191,0.16718436290144523,0.017196669556040378],
[0.21079607964336367,0.37385561592013494,0.7706458934378391,0.029686508258749758],
[0.42210210364058764,0.3216169815091504,0.7480478669460932,0.035517238117314054],
[0.4842753135483021,0.48842484096380057,0.25116591554268064,0.021851531287596544],
[0.6804921309795534,0.24760078345153602,0.20114146530051857,0.029205562556116157],
[0.3523589392934333,0.4585431683477714,0.9724651696018126,0.038841662624659865],
[0.6743293045044758,0.13345283760687277,0.8051447893754246,0.07340446262810803],
[0.20046298862765555,0.4945047810155304,0.9641810773984879,0.025181414312741207],
[0.6897231783915577,0.17771007034814124,0.025342644126673086,0.01817241208553027],
[0.526013526557259,0.09147257424412258,0.24785705408937586,0.029103049618538594],
[0.6373734072966636,0.08030466439193285,0.013290982356541026,0.04754782966385669],
[0.30324768130412305,0.045839509287436964,0.600797725614929,0.018760343458065452],
[0.6122977327587893,0.7969881542661593,0.3684619272557077,0.035826609534172646],
[0.3030043034470956,0.005277487332993713,0.39466863177330436,0.02097909482954617],
[0.4812733321243553,0.5394194527351606,0.9138859243100038,0.03530819134963685],
[0.5031935061003506,0.49846335967405986,0.7159108432477459,0.020481329287611726],
[0.8447785737481497,0.6854340956178192,0.4739694522853847,0.029863336671341945],
[0.6465195049455918,0.16894070132292027,0.8700186236240384,0.04504889055938118],
[0.23618493022244713,0.925101709027424,0.5898444426861262,0.03703831278234558],
[0.06020900610921698,0.24159656300752075,0.1926516627071937,0.020592701577406433],
[0.034921238977904556,0.3111796153626497,0.48280777764114347,0.03382369665243051],
[0.18481264426663557,0.7065111248025697,0.6127066974660632,0.060714240736603434],
[0.9241677381395386,0.6561540969350992,0.5944467732532488,0.026182012816251946],
[0.7198237474857848,0.23401973334363158,0.7737141199339409,0.11449621359126073],
[0.4152300322501591,0.8509649986407604,0.45747177003195916,0.019730238789343352],
[0.864278189955087,0.13037092793760408,0.5308770807522278,0.019297275915639456],
[0.4509734365803195,0.47671163443077524,0.26483156254423623,0.019706036668994543],
[0.04157655080683198,0.03245415575637689,0.5116178492412818,0.031236421991694525],
[0.4355710414825995,0.9180900276456421,0.7401079940133422,0.017891222998720688],
[0.4262086620457167,0.3069473220778214,0.5817802678103264,0.020671683860290384],
[0.5141609452958975,0.44603818781287186,0.6644793778776172,0.01803974815720119],
[0.15039520340486134,0.5897187714007043,0.8252347575771939,0.029409269699629523],
[0.3000310050558245,0.566905511054913,0.7322363468849836,0.021329773038661265],
[0.354052421610894,0.8623413141821845,0.4758967059467035,0.03355986835402488],
[0.46453538334053646,0.03261359751045789,0.05394519574190837,0.02900174493765236],
[0.6042784113171917,0.8438903473001436,0.568304805351736,0.021558889769885507],
[0.2939419593623669,0.35802761504913017,0.9387904145447404,0.04195692353012982],
[0.0069911907043287425,0.9172342035628922,0.5132834269008452,0.026472477740914303],
[0.010779596212495801,0.523374832066244,0.6537434879725097,0.036449137514120704],
[0.39809504221694325,0.26281849842100025,0.8073365416216328,0.017813366841602375],
[0.2532895249569237,0.14834105939931397,0.3822948353701918,0.047578126994631695],
[0.48780711517216013,0.6995213998608275,0.36978917604016437,0.030664253317523753],
[0.424371916293223,0.8519076923576022,0.7086876757145427,0.01896777780359756],
[0.23683651373736825,0.47837319646933785,0.6231150946765063,0.018515886582115976],
[0.862007779087364,0.29292608266242093,0.00037013959262832685,0.05570932765198208],
[0.40832512145259114,0.04169894641084071,0.9970963006481744,0.041143664522340535],
[0.44960183245063334,0.21259818699474176,0.17083300737808005,0.03244675336892727],
[0.4596072690673234,0.4309525152334449,0.6626873931149824,0.017642885328417186],
[0.18062395125052966,0.613801721775799,0.8652242499263003,0.03225509138558308],
[0.4199933749003171,0.7042153056448481,0.14105850069312853,0.023431592550533918],
[0.6691602234925953,0.4098469568802202,0.4009024157221047,0.04180142623423925],
[0.5933447778979438,0.7281969140200624,0.1686257094968051,0.021524327096916727],
[0.45559209650827504,0.5978646856085973,0.3108719948008454,0.018785417815312982],
[0.16213367644412602,0.4844599360290791,0.8927861896684138,0.01892800192339915],
[0.10159565637857881,0.30296144820875803,0.3156043404769564,0.05246513322574228],
[0.688573901503424,0.018755065115193315,0.7093705164010069,0.08285726276918039],
[0.03132706355714898,0.643643531290329,0.9982280613535361,0.06210017461779585],
[0.7229126932610179,0.12094562233526263,0.4163133642382797,0.022470882368602958],
[0.37256191114729076,0.9841588156035591,0.8253349346316119,0.05485726926043255],
[0.8368180124783263,0.7464299901440414,0.6149233088892504,0.027226797348889435],
[0.13687394601340508,0.9906023655767393,0.36109397997385373,0.06593681719666812],
[0.8389844122963899,0.48745446965250605,0.10443404051865812,0.027841111300696858],
[0.5314211668212544,0.19554664352887652,0.3811689469977213,0.017808065468567995],
[0.8156488201498004,0.45456588900701456,0.6814732402857273,0.023832503691768973],
[0.5138938687657959,0.8019805878912903,0.8198208234897413,0.030339491560558637],
[0.4457191622326251,0.6721509895187929,0.6403219879997475,0.03253988861770801],
[0.22460126957022197,0.7409308640724761,0.4158581385041439,0.01726083563398379],
[0.6611628254561125,0.0002600028094681406,0.19441662059943754,0.044313464190627046],
[0.8740792941497655,0.6272752993869317,0.9887138072514137,0.06601279619552428],
[0.9509622279989425,0.6179806237589992,0.37087734739714573,0.03049024249945255],
[0.406877281464298,0.46969930206079,0.5929865057314542,0.018267957760510684],
[0.47449086339146485,0.5322193504003403,0.5803408778014545,0.02497967040637844],
[0.8238041020394423,0.687990362361264,0.5759631440314924,0.04065912217808997],
[0.41325674025848325,0.6495864005723888,0.2814102485446891,0.03256799499177682],
[0.7306428687979764,0.8475436794923629,0.6534428058408717,0.0491732832850333],
[0.3336246439691005,0.10922111664988798,0.3516554306743668,0.06114880131336031],
[0.40530353822786436,0.31874215593682576,0.3411627854177621,0.037557991339766804],
[0.982765765363619,0.463655318464432,0.4414341426316222,0.02626062463273613],
[0.63435468124585,0.46544061619727495,0.39527320878913663,0.019621800744749403],
[0.14140326813158965,0.46082896796943607,0.7101811195307746,0.027183700434840197],
[0.42347917227691123,0.42739194759464705,0.1777221856506105,0.023534035429458776],
[0.7647478280692552,0.08804053427979786,0.38752463347364896,0.03686635869283722],
[0.6422216873728926,0.742864072935927,0.7828352543763945,0.027940990543830396],
[0.6529825782615767,0.9389960503823901,0.6605200792115866,0.027793713958777687],
[0.6392240300788304,0.3597029672039712,0.3977145504389026,0.027048377178587636],
[0.7212720977132249,0.9670172104622816,0.5752312409496831,0.024021450435175007],
[0.9592464885870199,0.9189827218742205,0.48411920651987406,0.036698237917157955],
[0.30718207393460606,0.42019321070100213,0.10666931188550499,0.021024806124702755],
[0.7418114795233656,0.5602083121348175,0.2496928005337673,0.028563853618251762],
[0.6196953908820557,0.4248503829427209,0.1883801898558185,0.035727971718828314],
[0.33978201160156807,0.228955638012036,0.28036152757233956,0.017728167633803173],
[0.6286298642056873,0.8577048926739491,0.9816295601742614,0.07964076475410176],
[0.623679150391357,0.930870421878371,0.41984878638089207,0.017800250248500626],
[0.5344477816032188,0.0067348654121991425,0.897772499283462,0.042742666043355436],
[0.6612056450258794,0.34285092836829334,0.31422342701744854,0.03213052511188872],
[0.6513308454572647,0.08969329824974648,0.09870666468490474,0.03008093580961687],
[0.24932961688109012,0.5418173491759747,0.7499628886716266,0.018026920554140187],
[0.6418620713820322,0.612965347860789,0.8977313770484919,0.030937114574812886],
[0.6246136772603221,0.4028493963201629,0.3815382391364581,0.031075805457825532],
[0.5474526344376185,0.606193008911773,0.9234837956941319,0.01990708277260754],
[0.5821067417380579,0.14249702953098642,0.9990925947047896,0.024872669813000202],
[0.5097853550814568,0.3216119212365228,0.4041677488531257,0.02549397542835126],
[0.0003585408545111468,0.3604758241456748,0.1083731489820694,0.06083135529868769],
[0.5348176578084899,0.7319965055345645,0.47698763790784104,0.026974933285101158],
[0.7438144185050691,0.6130546840545034,0.33804437995015746,0.02060542486987589],
[0.39923811134259246,0.6667417489828743,0.045074991036963885,0.022624158864114285],
[0.6885295980683416,0.3524966150916806,0.7548556218422987,0.06889699012829181],
[0.4718867832877228,0.896583817372609,0.5298426211263741,0.0209849680908843],
[0.08051143625169077,0.6565322535084034,0.6023001425714025,0.04817700921461371],
[0.276727860727332,0.6265084710297576,0.966118035637638,0.035043759612698955],
[0.9584293874472011,0.41805731939696655,0.594638930871526,0.030434244292440252],
[0.10253768824162579,0.7888282751702503,0.613951120686678,0.03609141056352503],
[0.8943448041917507,0.65781011278552,0.3398615756290735,0.04801460975475773],
[0.5777568319711216,0.06062983771826491,0.6299204330817952,0.018249537167607827],
[0.3360273171664443,0.9932843735284457,0.5291145613040142,0.017620143760672537],
[0.12013729183650257,0.5412257902802329,0.6593847847894221,0.01791322815496197],
[0.49948946242743364,0.8947221181801834,0.4864105139341285,0.01819191517373169],
[0.7080149374403193,0.9213928563327088,0.6452196908533933,0.03556350150384488],
[0.3403016116454637,0.16304121324250453,0.11237920470186058,0.03958822819106797],
[0.22916895436103413,0.28099681427865164,0.017913576888765048,0.05543474061674393],
[0.36281869572005687,0.03725484568552362,0.3522668053389145,0.0594385185018767],
[0.6074500007730091,0.24768723646052992,0.8837415843814248,0.017683255537783556],
[0.5765806683612413,0.013261551759054524,0.6226371949948311,0.03083148275553623],
[0.05561364089317067,0.24373579993856598,0.22631580061402579,0.02857960084860505],
[0.5501153640849784,0.30115705973432494,0.240248482487336,0.01712832677860377],
[0.6249271718899612,0.11262249231921162,0.3001140415017033,0.024212213041930886],
[0.314044776648965,0.9979623556303214,0.6405317724431406,0.06826964395215661],
[0.7128737939598758,0.48075902526893244,0.14484225498619852,0.03485755175655644],
[0.03145841666869775,0.12489712117199148,0.3574321351207361,0.04987288897538053],
[0.5392464999333237,0.6365069852153412,0.3074102729394914,0.02559019269026422],
[0.76653104309323,0.33770190573771486,0.7301177157426838,0.05595851914359244],
[0.9529332118003448,0.3951705385390514,0.11798409507443774,0.02353098042731752],
[0.23390484417519075,0.5751056008209033,0.9169783963255151,0.022213511513807883],
[0.6752273204468113,0.018278778443489574,0.36151203362283724,0.029858273719240172],
[0.5224204752889533,0.13214303593920196,0.8671290816412228,0.030213735593446804],
[0.02266399195094526,0.5626139503072629,0.8631704691195452,0.017239471703793204],
[0.6133693155239061,0.49277509141237585,0.08221166493217813,0.02052403924727767],
[0.48573160192933906,0.1372678819915354,0.12908160292724835,0.022203441327537363],
[0.9186199937554013,0.8179872357885701,0.6658505494390441,0.01834724818679863],
[0.3474989495083062,0.8316170128313021,0.41509891906955865,0.030232107354538247],
[0.12096925707692108,0.7039577796038693,0.34353032957152196,0.056673072624738016],
[0.2164216380833246,0.18033697290118322,0.2148383061164627,0.02364628443053606],
[0.6187899876480623,0.18980443708212058,0.5092065626116056,0.018038201925693796],
[0.04650443214685185,0.34418077534373637,0.050393540219429656,0.04059661664830003],
[0.7061627564466195,0.40132948994111917,0.4772289829075942,0.02345215991597975],
[0.42424208635037874,0.1919792030274029,0.7603028066005544,0.028751027212989652],
[0.43943318056838254,0.4701399609623622,0.3094450682497196,0.03247718302041679],
[0.043698251078316375,0.7248119529786555,0.3712757681771639,0.04487601537300942],
[0.21416030255699914,0.40716367862191905,0.8296992862200124,0.02659906160198955],
[0.40173873278722116,0.1460989366710187,0.45423825996328815,0.02102407078794695],
[0.7334824200366905,0.3614953803958848,0.5279825802427814,0.02159750187730059],
[0.47805386933648764,0.5274352338141495,0.3294142696711948,0.019084808072916598],
[0.001340109378202059,0.2788206570383266,0.6014071137686098,0.03897722347508619],
[0.2653796241040448,0.12334116368477588,0.17075194172205355,0.02544352116028615],
[0.23823739217343454,0.6886502756696398,0.9840715415727013,0.09765746601681832],
[0.31460181815582233,0.44393757801756506,0.5882434164964488,0.017094781357305862],
[0.3993349017865707,0.9783644706159681,0.08983932596707933,0.03025013755808794],
[0.3228454679942264,0.5689303206327667,0.878680145535862,0.033101112901096755],
[0.41002619875256463,0.2907518922918091,0.6016497990421458,0.01744910662828527],
[0.19869689962261272,0.6622274115583436,0.3803208702421472,0.0320678151826772],
[0.8942233058814525,0.25027340022280853,0.22674629799798074,0.020588220769255643],
[0.821404408284801,0.18465521868520718,0.1845282910056658,0.05266549891190926],
[0.42352756702573746,0.6375171007512799,0.47869399313260985,0.024252742478118927],
[0.7099070292942338,0.05116115388093678,0.4435854619196934,0.019696160258850133],
[0.6451251620279362,0.7739791395094062,0.3794960194480569,0.022400507130211363],
[0.981902291736991,0.7700266469616477,0.6861623686072393,0.024274656217965936],
[0.13529374597629662,0.42658312538093657,0.8726330872287581,0.017009139149406036],
[0.4373339838957513,0.9551008234508482,0.6085560609748393,0.0175211263082179],
[0.48565687952633285,0.08470250992821171,0.991182186914121,0.018242837506336165],
[7.649709659685033e-05,0.5762066616849574,0.06363277299534875,0.031974223594337436],
[0.08592004456908553,0.43325371112708255,0.724661026740736,0.03873838654311619],
[0.43895231398218815,0.783010254252413,0.621389600073794,0.018649586764264363],
[0.7526851942669313,0.06245148395660227,0.6625537385483703,0.06893604273280854],
[0.6114122698023944,0.6207819688152212,0.37870526264014437,0.024090604620788103],
[0.3179511815749563,0.7439626049789981,0.2568289035898015,0.0892098894927332],
[0.05406582163908413,0.009353036336385512,0.2671836820883412,0.09902097989269344],
[0.5260798821104282,0.8736605419340319,0.091555347530346,0.019036564912037923],
[0.8227031024833337,0.7670608983081477,0.09758610672229107,0.16695248512695393],
[0.08670369282034085,0.22049990625565385,0.4157887364509053,0.01923302417759861],
[0.801944462783072,0.5239592797981487,0.06285933472736649,0.0246271947638661],
[0.15216808132589232,0.14246289359151376,0.11636421228131455,0.03145589594991682],
[0.3044901696802039,0.8466444266011032,0.46108174500624144,0.03969545844838949],
[0.09976314820406951,0.12399538746457517,0.14192467217491078,0.04966928308451769],
[0.9066158456759191,0.08905826298207964,0.611742610663837,0.03755760814049386],
[0.43193293900969143,0.4878722668258253,0.1170094673649752,0.019546577245876245],
[0.03255754962745694,0.7712764278320969,0.5821123496725037,0.019933713364739307],
[0.05308973880629553,0.6168535525539945,0.29377261869063864,0.02938298081257886],
[0.48089191528790387,0.783928794593266,0.8064438658781465,0.021815545051121064],
[0.626177334596457,0.3807180118867356,0.6350117434042877,0.034452934679223716],
[0.5547637951932486,0.6391134233879154,0.0759724078909797,0.022149453031937216],
[0.5243001754040495,0.8183278838384631,0.040749340604740336,0.02338964929732955],
[0.4907744492875624,0.5829879956496352,0.28208571074595246,0.019580621260456406],
[0.8476859320405152,0.9557829710989015,0.9235760167920078,0.042221172608106754],
[0.45918616944084123,0.4853117408135733,0.3318888498087864,0.023469126838534617],
[0.5006064659227175,0.48858530318487614,0.8116124572313587,0.019724092416179388],
[0.9683666909902694,0.4642605191711926,0.5769770668041146,0.01808010747579148],
[0.9280704681373763,0.3147748037595658,0.28477396958024526,0.0568300829793157],
[0.35311209276426025,0.04759605882020268,0.537822371435208,0.024476031282405872],
[0.8287636867979222,0.6149793601964109,0.17220587244263008,0.025746233609782877],
[0.7390411759892042,0.8898911343801699,0.6947314921059029,0.05843137737991638],
[0.4414337342335365,0.5360382896142402,0.44193549555359946,0.027906543509774055],
[0.8767689901807392,0.3896120927484077,0.9022306642799754,0.043929508687655966],
[0.48279487922107434,0.6920797287554774,0.035022771753008275,0.023323592287258492],
[0.9072775252301236,0.6931965440436555,0.6525529021737512,0.07809673826595584],
[0.4933269525613141,0.49993587541367723,0.1340398901669737,0.037968264765023636],
[0.9062952192415289,0.8294262299503679,0.5921813403029769,0.017284744621115525],
[0.572313618630066,0.181061299492437,0.1409879754420177,0.0244858376325411],
[0.7590496933974678,0.5741696095145971,0.5277806368251753,0.020655623275999353],
[0.6833582238283561,0.4267075908479807,0.5452912071109344,0.017597015893206884],
[0.3191608528011759,0.8514518719961991,0.89881646679531,0.06389402779216484],
[0.48507385474569487,0.5679135744239439,0.2431888641710389,0.03852688000990905],
[0.8515735824687766,0.12719608704028562,0.004182293784910418,0.0715712013859713],
[0.6719600360372562,0.4054171628577219,0.5269130766426894,0.02915375878990146],
[0.3928424407819828,0.859676219518515,0.11983268009874093,0.034689970176352565],
[0.37324886698722504,0.329697273507928,0.19576231303506553,0.05074978738637054],
[0.8913224513733154,0.6695721060470619,0.3901597202428465,0.027650740570377502],
[0.8942108430270529,0.23269004125082426,0.44317016722630576,0.02325195277050509],
[0.835622869232559,0.8271263178859641,0.6802322677329818,0.020731789859279717],
[0.5400762729771891,0.9077888708936412,0.8279600495262727,0.03275118185547093],
[0.9290213849117097,0.012987728397226839,0.18239227666259816,0.09536425574952724],
[0.5722899054809957,0.506810579403395,0.9053734459208719,0.02350526170909463],
[0.9225800426837213,0.8851804939842056,0.8816953072920596,0.02074279326533062],
[0.7423639890857315,0.011938053808437488,0.15031628982062517,0.029085071591582648],
[0.4976577145285863,0.05059253239676553,0.31891361040006105,0.017165409437800636],
[0.5106499524597413,0.12696549583761185,0.18748473447672465,0.01887418088579939],
[0.856639270179765,0.31251208719517776,0.13305246384365566,0.033125001991479885],
[0.683232822649777,0.4193167326394678,0.19860044604863425,0.030974630779709064],
[0.5808827302307346,0.14475961838321394,0.16743161574206145,0.032555197073601126],
[0.43515019046572023,0.8679700810255152,0.4322868742592023,0.019355694970545165],
[0.43152014423473184,0.22857653919649867,0.20889968524174096,0.026359142095203104],
[0.6303180156397463,0.25128705973264576,0.6938627185490678,0.04227184206254145],
[0.3564682938859475,0.6375799876642536,0.21697972979393965,0.04537935065654974],
[0.29120841359251914,0.8975444918245887,0.34812719391268454,0.042107731657534474],
[0.15744430820337874,0.4062039168024685,0.1685013677555961,0.019643290050220356],
[0.31638101744744684,0.6007471369753361,0.30894995254144286,0.03703711479861724],
[0.02189570447458178,0.5299690929634517,0.9820383118318771,0.023428496442718466],
[0.5673368339620455,0.5665775272531463,0.8806180114470515,0.025097934018388744],
[0.30865515911052765,0.5143506208633504,0.1441717524753242,0.017288452928449313],
[0.2200389952943057,0.5916924958823071,0.06831345220906304,0.027401771976336642],
[0.1909705091548356,0.018174462772750144,0.5009089476334136,0.01850790006574684],
[0.6262682000103577,0.1131628692488702,0.10891368386447109,0.03069327999645121],
[0.18136619776915497,0.306070671718757,0.3676228530969634,0.04426444450958615],
[0.7828401050067675,0.18398946478090827,0.2897620778647063,0.01969761093869507],
[0.45949899258214866,0.4676789379992443,0.13324105749525883,0.03247891170968491],
[0.23791835042016363,0.44528261437030614,0.879963440579165,0.026659908417774797],
[0.7337793159957056,0.7016361652918943,0.25057295741947594,0.11147453077669629],
[0.005574380732813133,0.3214798626080839,0.3829830031394088,0.04714153940524257],
[0.3871610500479624,0.04313814032647956,0.6202920118288127,0.019065404867850966],
[0.4392994938027368,0.4128188867444226,0.8661818689243981,0.018703296434442934],
[0.9421144855366362,0.8256615608715464,0.8882866119974294,0.01840424943920254],
[0.3003613903885427,0.54974526677055,0.29886110303285074,0.03729459515768747],
[0.5882625872737881,0.37520817751030067,0.773650327199233,0.021578695261805773],
[0.16097267161489137,0.41248201057474876,0.7301528585189239,0.03189145817074478],
[0.3800131472112913,0.5660952341707206,0.2552003879518908,0.02540453158643536],
[0.5866087810944242,0.9448874440578311,0.764208391394955,0.042466429933048014],
[0.47629186160933235,0.6176989101914246,0.22548022639566112,0.034563437079485775],
[0.071440742409835,0.6029008580294606,0.8191014851278358,0.0356191554890441],
[0.5518950716641888,0.6594854610423141,0.4296017310685837,0.018910248851737706],
[0.4659046210000285,0.5453947099745191,0.48387368792827923,0.021869264328795497],
[0.5978973754523563,0.9309761766554632,0.4615947806256825,0.01931242764597719],
[0.5598297826836398,0.14695639715649433,0.7766756564517336,0.017847169742043895],
[0.852261895599866,0.21737871619388793,0.10128831697432228,0.0310595223996126],
[0.5022358128568719,0.3575227050528401,0.8369437723678624,0.025373434162591135],
[0.4477422599553055,0.8527934756033473,0.4547376761280746,0.020302247869507226],
[0.6203338934629625,0.6654693524395956,0.7841064417530378,0.05067540745327506],
[0.698336864708654,0.6484006845476609,0.6074863992113466,0.02597716948435809],
[0.4770252463331285,0.07896191299612054,0.3242277801078566,0.02478041725846001],
[0.34937914923143387,0.5438263803516473,0.64725435933442,0.029213877900267478],
[0.2674121782460793,0.362374876448207,0.24049542036072924,0.05106557031541849],
[0.26779700964115516,0.32893083689074465,0.7650078858765702,0.07548097275505887],
[0.6293556790771159,0.7439366212918038,0.030356318161329332,0.024734959342813223],
[0.9201267602477461,0.5516928047543597,0.2356437224463298,0.028613780635770587],
[0.4742723651050137,0.42190541128842984,0.9523595729283202,0.030349969378907604],
[0.08687726051639444,0.5461265672662853,0.5779746688807307,0.020414266276394595],
[0.16433187343261413,0.10638517425829408,0.16059324997160263,0.02134961148039624],
[0.6760206527219066,0.2256506601379199,0.5610693884716219,0.026555517412752798],
[0.023088645655884643,0.25913226344338025,0.42642310925405524,0.02390139666320279],
[0.5328348081349261,0.05090187735396079,0.2375271409469396,0.025027327022808694],
[0.36585433926236777,0.25222772780373104,0.0991770355113385,0.03958444710458344],
[0.8252651544198435,0.9839441878444756,0.9821046759929459,0.1075533391517864],
[0.6997725798817953,0.49588386929428097,0.8384863480176166,0.021514571899472035],
[0.8992457592179542,0.011011805956063436,0.536468480640023,0.018677119998134595],
[0.42843014899981846,0.9948614976264738,0.698095848716819,0.0234873572835895],
[0.2282135114370727,0.3278533654461876,0.9943493451350564,0.09074834753401975],
[0.4830857226563682,0.6730078414984346,0.3467277870541102,0.03492943869311918],
[0.3818328213324387,0.07273888189930233,0.2915566748741599,0.07082947942292929],
[0.10735815664181392,0.6715431810147873,0.8080510684469202,0.07299557772867023],
[0.8424696988725672,0.958406721929714,0.7582410764445938,0.02337387029233475],
[0.5480892859848805,0.2142333814254619,0.21619108623529593,0.04569153912142425],
[0.5587444241400187,0.14516481076086885,0.27102743474420266,0.025155356631023536],
[0.873549581136813,0.24223356360893855,0.56928212453636,0.022130166773636856],
[0.6709266522896268,0.08732562429741375,0.47848325882010323,0.01704261835075751],
[0.6417839945199256,0.2979654176880653,0.3555030438752709,0.03343351794267912],
[0.3872838928398855,0.3028685096770496,0.2983450699321727,0.03679564958825335],
[0.3452519683480939,0.566610545313715,0.31677133476331787,0.027102416031136653],
[0.925822602124304,0.2745186688310126,0.45510951877835715,0.031403822651434425],
[0.7701588691898097,0.7599215625378373,0.37179959763789494,0.061145553090074176],
[0.5072427713159963,0.19395641407487774,0.09110742909601688,0.018913012840406786],
[0.011651750712765585,0.28191275454503106,0.9762331355687687,0.14848169496151165],
[0.7586605731894333,0.6538238941927197,0.39371396647519263,0.018939620622643885],
[0.49175434633224835,0.5480881080300432,0.7905434034460921,0.023596079397825882],
[0.8359210882067,0.5726811481042197,0.8218462175584147,0.03333956464389772],
[0.09420115393645545,0.19096562109045812,0.13508083556953998,0.03094032812296524],
[0.6084545961703249,0.1722195788430413,0.4022735773276469,0.024313531975075513],
[0.8940696992077742,0.6082579864075455,0.7423632620204419,0.04085831499299426],
[0.40810712552045303,0.8522014150541531,0.5397224567383355,0.022676361550613103],
[0.058587028624373594,0.43760679688995663,0.6781376691796838,0.01700584551664515],
[0.4525135729629943,0.1933860917466138,0.024698150783808437,0.02472954944916761],
[0.3680637067471959,0.4370889309740107,0.11168562124792936,0.020331666847716187],
[0.6628263027796644,0.5992771380200874,0.12354445730434549,0.019655561701759396],
[0.29250040280404843,0.45726879042958635,0.7943918184137635,0.02281617030810197],
[0.014405652189309337,0.4902323556262912,0.6105201914125034,0.017572492909978914],
[0.7713108766582479,0.19380955521113985,0.32283007174806544,0.022863226192249578],
[0.8577867722046378,0.4523727625807532,0.6602049383305233,0.031210219037076117],
[0.04983215419135567,0.004241231812521673,0.4570567487848445,0.025939875949549253],
[0.6656630701012667,0.17308674561893367,0.10641901434576917,0.03139295869508475],
[0.5977291887869095,0.8407307492648297,0.5968293532835998,0.03456310253891087],
[0.4811724892743122,0.36579016683609167,0.7123093682410666,0.022964799875465534],
[0.7214567291176867,0.6607025152972058,0.41065305880129843,0.025902273646453845]
