username = nchw73
detector set
algorithm code = VD
dimension = 3
self-radius = 0.015
number of detectors = 919 (from an intended number of 1000)
training time = 6.1
[0.5521952704796265,0.8061052061258448,0.3122566270208541,0.027161412328489065],
[0.8889962856971091,0.9434639377953508,0.6644807171457686,0.021960139695450104],
[0.4267299532231459,0.7069075035464893,0.023019329514342823,0.02311337298497025],
[0.09378524293006019,0.8382668170415685,0.33523525094261164,0.06644946180605597],
[0.870295984762325,0.6972621774183912,0.22317603306163958,0.09432551014950097],
[0.5515994363943565,0.14568192252961099,0.26386073455271564,0.017425181837061113],
[0.44031887647006096,0.1441070448408306,0.8317389454051488,0.021056810918467672],
[0.6034003244322267,0.7573582985886794,0.9739072135360727,0.029857774311237553],
[0.38002588037139695,0.3043924149699264,0.8668945961179981,0.03742126275265457],
[0.6583513073008956,0.6996754224003741,0.9649871909275747,0.08582195612827367],
[0.49397157700276284,0.05579118694659613,0.19673727782383144,0.04164105037431145],
[0.4682025949373485,0.4925876920699721,0.5800733053922434,0.021104471735711193],
[0.5123104614222099,0.7840380856386074,0.4467151534570476,0.052899335621647364],
[0.9198090146040058,0.9785597803228603,0.04931513159576606,0.25428393678851424],
[0.07415500585097423,0.37478097474955985,0.7595461940093403,0.04480920832641482],
[0.8415909776241429,0.10591575465241787,0.6084801155624742,0.03153436889678262],
[0.19542337067363869,0.6492595584157421,0.87168217812129,0.0503248659938826],
[0.6300605908477649,0.41587216190025356,0.7234132344557641,0.02001480817349926],
[0.5014559138989697,0.9740273253583985,0.7069490919625798,0.025342191243304384],
[0.8674598467591813,0.31900288391935505,0.08019214528540941,0.056967122293244785],
[0.38054265810556387,0.976768512894006,0.8022453769687076,0.033593672767166786],
[0.27162437119169236,0.23601249138983527,0.9689657535769477,0.13004319472626746],
[0.3734908551880972,0.6292858631201588,0.09918064646947056,0.02619986834767847],
[0.5589500702524396,0.4433342818941385,0.6074256223069188,0.016769211049124287],
[0.3823664092301926,0.6560051686250038,0.27068623441978257,0.05596920638760562],
[0.5197675798326624,0.7672211491906841,0.9698128338195624,0.015426843259545669],
[0.045269438749557245,0.001704423429251034,0.751958081853331,0.17300514342800904],
[0.26482119605427645,0.09697434935588867,0.19819315620573197,0.015660388659615034],
[0.9648655354713133,0.899118903396407,0.989023947601433,0.095492883662183],
[0.20868318571174405,0.24879699981055792,0.48604792012504017,0.02310113631750564],
[0.16791996251520835,0.675742217292568,0.6448547551910337,0.06336429173867122],
[0.27701500002471424,0.947524914901118,0.1546892908795553,0.08935539032313444],
[0.5099521638442264,0.3504964246195954,0.5457042600774662,0.020106926381675244],
[0.9120846161196764,0.9374631603692118,0.670082449839073,0.026144092980774587],
[0.04351613467650628,0.7419673680537785,0.7265253637133066,0.12861190455768584],
[0.9386549973428642,0.15703486067088612,0.18681073058686581,0.025572128777903838],
[0.2854892433022286,0.4297406096439237,0.2236491648671085,0.024773519840182286],
[0.3452705959978549,0.34387692029220684,0.21146438594419203,0.051473256019443456],
[0.956661594558004,0.24014121593285087,0.037891317970256355,0.0972043345572073],
[0.9020953618852124,0.5396336600913383,0.8052599461669577,0.020380527043611048],
[0.9041102789208997,0.9658639908609302,0.7153348719929774,0.026717625037276913],
[0.4983571446831636,0.6473547389947973,0.7282894927208231,0.015692727191106235],
[0.05012802689639306,0.03312642071491567,0.2043215895749857,0.06699522625889909],
[0.9616114162379803,0.7298112382243628,0.7868235649655623,0.0888901577807731],
[0.9438096875490152,0.3917645352202135,0.4654050856031198,0.032713142400163715],
[0.06341461500763568,0.2124095605760743,0.3086279479184718,0.01811516062534045],
[0.3557703849876548,0.6970659835581501,0.6173927627300403,0.046666412875878055],
[0.09662639191578093,0.6420207703734911,0.3530695290618667,0.036558902163134524],
[0.7174800585635751,0.23467415081346055,0.8526756940888943,0.1118721748575789],
[0.9143203968285492,0.5230872392636797,0.3714037359238862,0.031386781080678695],
[0.4393872289469335,0.004876736446398078,0.5122848707532935,0.02944659030507194],
[0.09133864881112652,0.7023956773048537,0.561455363189137,0.015846311999151385],
[0.473642937047301,0.6814539431632417,0.5227541740426982,0.021285284143238707],
[0.17465303817759448,0.2704298311858254,0.3101915059324758,0.022692301752365883],
[0.951315455990339,0.024971396299885207,0.3374510970105641,0.07169495725481184],
[0.6374300987801398,0.817002824904258,0.674920993199142,0.037004536492119725],
[0.2975259884805753,0.6033396569088529,0.14380321879094493,0.02410064633985127],
[0.00787069633799653,0.8419895331247336,0.35476626016466983,0.06434402741535669],
[0.1871276366495802,0.2869009288695954,0.8091294561636809,0.10416353487299208],
[0.09407431296124125,0.2659965936771258,0.9257293553753154,0.13952432061201464],
[0.01205796292894723,0.43207899343055034,0.13878747296827532,0.023041139137100854],
[0.3054047693568208,0.5021224234998438,0.7279388511874447,0.016376058275818957],
[0.9325561237003566,0.444384644449217,0.11499277405473196,0.015442943315542069],
[0.17479188489339004,0.9947469486980146,0.9532834497395052,0.2043508121705251],
[0.6441644597325533,0.12890888472459616,0.9001549567520483,0.04891360764287801],
[0.40025899803109266,0.027713545134062656,0.7509057851765967,0.05372724286808894],
[0.23991022067032408,0.34906576449342586,0.1486771991240351,0.047933060664069424],
[0.5991681074112741,0.8915946423057952,0.38690108028904135,0.026778706518036766],
[0.22337710790461607,0.6875070635298456,0.7160794873217171,0.09032843195961807],
[0.8666709259904612,0.5995334595947339,0.31439097419673334,0.022524269200215004],
[0.06711031763277886,0.690282710298335,0.028707736309558807,0.08754263774407531],
[0.6445272533575725,0.7322312748849936,0.2878727935916118,0.039683723040423766],
[0.21769538640278052,0.486957821120398,0.6476250431482771,0.03189840270995415],
[0.7369930737006426,0.7076855379142354,0.16043556683132587,0.1045806292480258],
[0.7153082984971083,0.7777019557623034,0.9297054926425528,0.131302577719822],
[0.7300492051901326,0.9366870170790695,0.40343276572231246,0.026505499265474457],
[0.6028401757983702,0.0774180534102139,0.3906185425391475,0.028619209657704175],
[0.5341523159447015,0.4370073253530855,0.033109119580769564,0.018954518487591568],
[0.6918238785819708,0.16007007755763114,0.09766077135814388,0.03157361496959609],
[0.49798800800091725,0.13848540044355817,0.7752449690836423,0.015445346831630524],
[0.015038074615774777,0.5132257749711724,0.8067919133824347,0.027300798248974148],
[0.8092313062736193,0.43440020549447755,0.3404327666307764,0.016410138435836802],
[0.24415828096923187,0.81014055798455,0.29292527254098655,0.05264095453831674],
[0.9368920274249768,0.4008226657587117,0.4996236049223136,0.027265576698492944],
[0.21901368638851626,0.5305737735424987,0.9487846817072988,0.020761344472210994],
[0.3479683320048941,0.5910940238285031,0.7641525736855684,0.016658700284811735],
[0.4216052980595678,0.22394875589423346,0.8305672233829012,0.031654304369267264],
[0.641918577019373,0.9704874347692404,0.603886486927695,0.0311113310254389],
[0.20423618878324357,0.8141046729054776,0.8265700516627846,0.1434841522440768],
[0.2910167258984653,0.7738232413805552,0.20670123050606548,0.13285663215144466],
[0.2762861890036702,0.3819586264761249,0.3871277169527838,0.0365943736280598],
[0.34242688315286274,0.7583503347037985,0.01213978365315449,0.0786853715191967],
[0.7862284972508065,0.10728598960453584,0.827168227313046,0.17656215704171951],
[0.046536341860891284,0.3729577745856546,0.6487229518996895,0.029311423406386587],
[0.8088292581478799,0.1362258553978959,0.030793619593342703,0.03864861195081009],
[0.16376022861071238,0.35418733234812283,0.29704318101092886,0.029375091684155044],
[0.36785788715963286,0.623117692698543,0.8275250202969493,0.03153768919693988],
[0.012247659434096225,0.1641465906454419,0.02672393738469092,0.11186116497785735],
[0.3041204575077384,0.6554281771639228,0.04377520505475996,0.07908355278154952],
[0.7570820812110562,0.33773158518542745,0.9517547589641157,0.07707918774864657],
[0.4243878900222201,0.44520135556393103,0.9479525147321185,0.026874834561918505],
[0.6349438929852246,0.7307766293280357,0.7707003435215926,0.04110212417192302],
[0.13447361549133774,0.53207399603165,0.26438779907056753,0.01543643553345363],
[0.9528120205668003,0.7458792790993023,0.9609355150804433,0.11719147605020828],
[0.016807657584235858,0.7811847691015269,0.13126503930279487,0.18393857877683228],
[0.7358455592827553,0.7252813347424619,0.5015974496958592,0.01651061060045056],
[0.5613174343779275,0.9353457822731386,0.06688214308871288,0.03185788252706778],
[0.6784321771121287,0.8183867382120845,0.5970656785570676,0.047953020267658145],
[0.729991571626314,0.9787614852241461,0.9091667481693967,0.07539591945612581],
[0.4523768657094679,0.10933744080868901,0.14935654293764933,0.034087662417245534],
[0.8265422447873314,0.4556020291661431,0.697800149538843,0.019893822317742296],
[0.07983610515236172,0.7199290551155406,0.36397272375276213,0.055992665750218495],
[0.8664562645370036,0.23058891194454156,0.34616987985182557,0.017415242760818232],
[0.8350697216857461,0.729399802722594,0.9581512192985627,0.13885568389604314],
[0.3812544238336717,0.8796908672814363,0.827490170798636,0.03123228384590028],
[0.47037145427510996,0.5418734546099157,0.2866904994206152,0.02674068292783844],
[0.35041542984117513,0.5227744177744791,0.561388773918516,0.018187045941602316],
[0.8418441116990947,0.08402796681275715,0.01781573330741959,0.053988260606058436],
[0.07767931682208218,0.9771228604750865,0.3524229508401,0.054705693634363534],
[0.595506144838675,0.012100250427217851,0.25736753423961967,0.039802798308764084],
[0.864867449695829,0.37961883718277756,0.6761335666525744,0.047112496628852384],
[0.771501537733406,0.36023725042709576,0.42491821900507454,0.0194468487113668],
[0.6372328250611561,0.884416063482223,0.9594271854328899,0.06924584781082832],
[0.19294523239838512,0.8214624243851222,0.5819015122945855,0.023094512445431807],
[0.7337662287671016,0.7662506037089304,0.4062563774223411,0.021185175250212705],
[0.3213890282982058,0.36004457694122605,0.7280078460523896,0.057641669727701364],
[0.07769620763002949,0.9233503224482401,0.2752898224828294,0.12051795838071828],
[0.47434382993209534,0.18838223949595223,0.5701431811822409,0.019009064465878397],
[0.8079932675966339,0.8227174481240985,0.5516097094453752,0.02397113395613573],
[0.2795037143416056,0.3611115193808838,0.5976153090134994,0.015339254353779076],
[0.8433375655434754,0.8369174083860013,0.5014700572225982,0.015446945736246765],
[0.3071616322467793,0.09801751770931466,0.5400203775632338,0.016910300983536443],
[0.5441555566805669,0.5904250708092057,0.41954899608059093,0.03040865505585448],
[0.7612504773477935,0.3421961047607355,0.4328161195123762,0.030050878711048987],
[0.8889111338431531,0.36853160045247746,0.16741904977750677,0.03043270587372863],
[0.9277013988374537,0.7980249363578513,0.535850983528439,0.03475751810860494],
[0.9272540170852427,0.14518172796484008,0.3123950360975458,0.04451699192690352],
[0.43561811585122157,0.9229224291340383,0.7406042036568069,0.02124302792909022],
[0.8923152815272034,0.2890974279855496,0.9840348113179173,0.1021560438288336],
[0.8686533222005792,0.045823637947032814,0.29206125085626233,0.06529341678796181],
[0.39352530781372896,0.5282007077541232,0.7696820707235333,0.025187946055731485],
[0.8657942962729246,0.04952053143844137,0.557221835582735,0.022271271547709276],
[0.42128933057993856,0.04509040135042697,0.9941287026618534,0.03035471783237966],
[0.7280296801011457,0.3956764016383154,0.6502182774123172,0.027806401479771398],
[0.963075424599843,0.9312936305562686,0.7766433981665534,0.021762905434562968],
[0.7041417668803661,0.6488402752561244,0.25100511115701407,0.06462417882814976],
[0.08171162377239882,0.44020700929436296,0.8565303252780796,0.016953071291964862],
[0.6137980407654002,0.15891751887307537,0.24199221565732032,0.03182055457172587],
[0.4544451671161954,0.3534326569703158,0.04928043479610167,0.021870718702474423],
[0.3083933499818531,0.031567660578541434,0.8367560783173299,0.12312798495255102],
[0.25607814769747217,0.14009297088776107,0.41767542940886926,0.015005943224839845],
[0.27508699115434443,0.405218066358801,0.698193563617054,0.022275098773978715],
[0.8336938531991352,0.9178363743303563,0.34493900241898146,0.036822355043113895],
[0.2843705909440647,0.7033416088758367,0.9834896729722277,0.1111547685625774],
[0.31626951034070105,0.5567914683250169,0.8860515264662924,0.033136848661099505],
[0.216011068381181,0.721548689815378,0.03887908522690986,0.13537691812594743],
[0.49286445033356086,0.7560738904311687,0.020716833855661476,0.026018160662616426],
[0.07198505846295389,0.6224033288741159,0.4892784401027578,0.018526105812648956],
[0.760295909265622,0.9889209706460079,0.4580311571264367,0.020076535333209453],
[0.6068163188432063,0.8423824687541661,0.0060814863493714455,0.0219057056753331],
[0.019731940905743928,0.3019609551720106,0.0006406830444781741,0.10086604484054278],
[0.9262284194563714,0.6665869534133387,0.13294904760975246,0.07319636587395391],
[0.4203060282836275,0.65860482896143,0.6765152992473972,0.034299004689311303],
[0.30705336769090263,0.4035247403034682,0.5964008889800377,0.022136242484105832],
[0.4477197493705416,0.6387737285257091,0.3418084015208879,0.01601118950279652],
[0.5653318931332976,0.23241172948647992,0.20519768366296598,0.0372678066559032],
[0.694165434363184,0.34631590474105456,0.6039451037009712,0.05524767011185695],
[0.9068423538891408,0.4674029001836436,0.42430259075632193,0.022581553352000912],
[0.28387504438777766,0.320504421721188,0.7011657447966354,0.0845435697269408],
[0.6338148053767355,0.7758663120361919,0.2388641869151632,0.048939781768188625],
[0.1803442007659698,0.1315763128987013,0.6327743669616378,0.06368944487597986],
[0.4022474688847226,0.855638159514806,0.5701381353368227,0.017246844732278173],
[0.3714898411383707,0.2676455962091774,0.6459030991731893,0.029370131206651474],
[0.5502286228879121,0.2553147916390084,0.32864997516704453,0.026889683892925835],
[0.48344834962583605,0.5663174464089239,0.7819067003126835,0.020386929579509987],
[0.39351031012404225,0.22598943872741073,0.7254036398896867,0.052388927107711564],
[0.09920870402550708,0.4723775283650593,0.30332820752021306,0.02296095815863232],
[0.5102165198647997,0.08950736409404636,0.6057481993505288,0.0175318378136336],
[0.28651927946207234,0.12100769885236551,0.5147295248368579,0.023795247113148003],
[0.9005387881646734,0.33329287838176114,0.4403481828830693,0.02004002195612782],
[0.8954839729559261,0.30082148480945026,0.8336604772354579,0.1066643057264916],
[0.6299916857101145,0.8363819880510276,0.15275566609901892,0.06033720028811336],
[0.8547247608541653,0.033872286836804655,0.05980576225331169,0.05023466964770684],
[0.9468265187118415,0.27305946303175055,0.697522609639923,0.0979499897485133],
[0.5712839393844369,0.3081893014388397,0.4864215873460136,0.024497873334157774],
[0.5984149068878364,0.4396755784356843,0.23052248576971046,0.02782416658334405],
[0.023738491846737375,0.4002904442374713,0.8949588865806509,0.04592052126400844],
[0.499788114378135,0.6873121272662546,0.008236778873565331,0.05211691664277657],
[0.8395375435538601,0.6758325516039355,0.36238385833529796,0.03202560513393317],
[0.8902923355697838,0.16231466263449457,0.11320054949749248,0.044286548334143486],
[0.6075816433181037,0.958512267440459,0.6273194898709357,0.04460434750990987],
[0.38081643703499324,0.14488008250121087,0.3569943088466876,0.042248275638847775],
[0.8624089490904671,0.5052113082721881,0.7809659787119805,0.018216319272938562],
[0.9911452945930384,0.9356666325800185,0.29618340651137953,0.08257391054527428],
[0.3498901530095593,0.41467833707799784,0.4104018239143118,0.02779114229774731],
[0.07905724324800634,0.005300960851201353,0.02962172203715563,0.14577720318141513],
[0.024756204878237376,0.41144106439557493,0.3579083088287519,0.015348575602032673],
[0.9390200734446941,0.5736727513371984,0.07628230991291884,0.03758697119696662],
[0.004381828886262817,0.9960204841279955,0.04373409298753084,0.3502356383048101],
[0.6645770597902902,0.7831256741399109,0.5221828338868961,0.020932568876253735],
[0.6380230684787997,0.5759511759141949,0.18323540145820316,0.028899322884110533],
[0.36681403931756473,0.9112195830661485,0.8938636700725754,0.023723744929595704],
[0.5058902165828599,0.9368330386617172,0.4103599898330973,0.025301179960910795],
[0.8601878401724558,0.7400613201320972,0.30684224922198855,0.08243826551015358],
[0.01210143707474709,0.8336608730499042,0.47046372928539426,0.027036457657746746],
[0.4349875313238061,0.01900953348355683,0.8389237695456475,0.01948903621282539],
[0.8729325076874799,0.5325767726980534,0.6717584380299313,0.04521795998437332],
[0.02248992571777675,0.8280196981566174,0.8766016790191777,0.21630182742562692],
[0.95706544503729,0.40253852387553724,0.7654068837227486,0.018670283344050215],
[0.6055199481128224,0.06582050914401838,0.3018497870949661,0.018378114433616484],
[0.6944075351881646,0.9801598508891394,0.5209492463806912,0.01960398396104819],
[0.5746020507210378,0.263564051597977,0.5501436381298329,0.03199144424558653],
[0.8246305216173881,0.46981882858412005,0.5389102776460619,0.021673900958646478],
[0.5751717403112786,0.28351264575621793,0.6498117666115216,0.016168411996828284],
[0.14152635763728394,0.6139050656485614,0.4317441042581811,0.03623297375630462],
[0.6047776402624204,0.13418774453858873,0.026602674285284955,0.03853125583372858],
[0.4836793736593097,0.5614910505247583,0.2667032559295812,0.027760988910082177],
[0.419699393868577,0.6718861822133362,0.8419616697868428,0.01654521671725248],
[0.7760203260661814,0.45105409919840345,0.3138677729899654,0.01792141741564622],
[0.9801489998693127,0.1541466298286578,0.550240530879612,0.022799985566221363],
[0.32455507310515785,0.8357001006133671,0.4763339857917831,0.038116761434605656],
[0.695273570474887,0.651368302411786,0.48719509236545433,0.028455818430700698],
[0.7981610219413409,0.872443040863461,0.97456112064557,0.11292527856118238],
[0.49849413952303323,0.87429028950921,0.5107067810250541,0.031030277611725804],
[0.6232299219844901,0.5340377554681291,0.5280192481121834,0.01756171482042241],
[0.5871540665073917,0.5441106380492112,0.5667128780577472,0.01946408973063672],
[0.10380166267683755,0.6394429607652965,0.9734352613176303,0.05513292636246249],
[0.4251676147405242,0.5182275839583975,0.8614699073926564,0.026301896864376527],
[0.8432828647567446,0.2990407850518665,0.3575836191625802,0.048356607409438424],
[0.6188968701651699,0.9947831982883563,0.8488658486206136,0.05841029131280691],
[0.8103213397295821,0.622822525628021,0.14318245593162937,0.045081057675302835],
[0.06278541471235077,0.8139369957337903,0.4614069164302229,0.029992995296411334],
[0.265099659984957,0.0009729125913405801,0.3413441045647263,0.07138999666736652],
[0.7009218244051435,0.37906950920324745,0.4078532845931312,0.03375035371099999],
[0.8769605867329532,0.10080427636155709,0.14652498624457366,0.015940238488677733],
[0.5492702366048933,0.5209297247148661,0.013254140750920795,0.01731928298248498],
[0.6216915590282219,0.5374141634538677,0.9915362673481692,0.0379670545689358],
[0.9274074396609436,0.4132027534751309,0.7344979040836482,0.016119745083404892],
[0.07814527354375644,0.6025335011739891,0.13447795067163626,0.023249820494411058],
[0.8689446031866422,0.20430484741809385,0.33927045817511925,0.01928009486499866],
[0.6059228257859585,0.6023876411101132,0.18017899394648373,0.016694707083891987],
[0.24104705580819064,0.6441075686807116,0.6279576047854128,0.03506206561980199],
[0.06783538140515666,0.3511201985902609,0.11074492175794048,0.0496817585183231],
[0.7277903615647875,0.7451581763466458,0.3244666395732545,0.08576059331847556],
[0.14712165273270317,0.5324410786236049,0.9557117271807959,0.018320546723294306],
[0.729470890471972,0.46197096558677786,0.7812571939797515,0.02457373750094475],
[0.3436490204292445,0.3665088511147261,0.8558560241777287,0.0326806147087057],
[0.8281241387926057,0.6626539817352208,0.744438058653892,0.0693377956892656],
[0.7254938604899246,0.5207921385724535,0.1646565535973974,0.045723205685961554],
[0.34543177801654057,0.02823832717437791,0.04319762112287806,0.07839953043203743],
[0.9500801423749038,0.11326358671173609,0.16756023529138253,0.07013541878747036],
[0.3424408257563504,0.2304206728129784,0.8222232533468218,0.06482040552459216],
[0.6450722311173102,0.04367265129924447,0.6429240864648791,0.05537925567050858],
[0.7311767063721052,0.21459815575001007,0.25421252133111916,0.06620040096650118],
[0.5990141382680453,0.8351896807869493,0.31987561807544496,0.030983293744715083],
[0.007522313419638049,0.3692458716021171,0.19419915671321664,0.030851989136844345],
[0.763598638618443,0.11207243231305797,0.34486176655840617,0.04440101455779981],
[0.7298692598948654,0.07409564247462186,0.21792829863113017,0.029095181748352086],
[0.11927044328877423,0.18989213211864775,0.05468028945771597,0.024549973820692392],
[0.4513235120545087,0.020610141500389312,0.20623625424571213,0.046598408197325546],
[0.3790949649605352,0.312962657181464,0.9849680611184006,0.05769591775953724],
[0.36413846190916643,0.606316462513415,0.9471839421903397,0.01960901460184101],
[0.9940842267960406,0.6340128773164541,0.11606827725161062,0.04261711230701548],
[0.8286959353588476,0.39592416003014386,0.7741518747044042,0.025134588668591522],
[0.6692923327135591,0.6570582551559563,0.6415746065334514,0.022959349000114114],
[0.13615464496007867,0.6363598792854195,0.5502173531915906,0.018712959676209104],
[0.7914313964706752,0.6116977791444661,0.8702386932604798,0.04362715070198193],
[0.8942579920560499,0.04427712000994921,0.6161165969451413,0.02920392151350308],
[0.5980477138723974,0.8224378319216819,0.8367338658379009,0.02840107764996956],
[0.9591885029696683,0.9910564024518153,0.7970608710882273,0.04440289939840236],
[0.3468518720957061,0.21115850287240423,0.5451613290398092,0.025082563540126515],
[0.7764925431896519,0.8816256656241127,0.8563859743294427,0.06431739745934015],
[0.5517726314369292,0.8894664930944429,0.9989571561570587,0.02105172778687648],
[0.8139137509675343,0.22181163238237422,0.4992380431318202,0.018626713833342405],
[0.2610838284287925,0.6504846709293676,0.8283727064014643,0.0968253440134451],
[0.5723441227143018,0.16724013099985535,0.8813970382002955,0.015044634640769598],
[0.15265722726932962,0.5103947019053712,0.42596908127068467,0.02106377475607641],
[0.19738215319905017,0.36363562815595596,0.2972889722103621,0.04776549774530674],
[0.5349845397519919,0.9983252850344388,0.31333052316096743,0.02642472318733389],
[0.5307806950192707,0.340798650719778,0.4321361999910479,0.018116573294651016],
[0.7724460969915176,0.033672411738978614,0.4214845979392676,0.01579973377562373],
[0.37058421069209424,0.9592057553289912,0.08181912547282089,0.029698670971854198],
[0.6464195150100698,0.5412710522220683,0.3474518081622058,0.01692513217111262],
[0.46690650595214167,0.8271120048940649,0.32684294602425457,0.029522364586259904],
[0.2378490469249459,0.2892771615646075,0.27943602399622114,0.02057225768059579],
[0.007674375368834974,0.8246166656570322,0.5949640341772723,0.03955549729442378],
[0.3250327078100276,0.1168934650706358,0.35145394117270645,0.0600081032547351],
[0.9668330874928786,0.6798825062327674,0.7019737882925848,0.08284739347561362],
[0.23827270538718492,0.6211082665266038,0.12894532574608586,0.02220112530066315],
[0.6003194724161524,0.6153873186243847,0.25248582174150613,0.01824856276220997],
[0.8084099452719615,0.8226667527541635,0.28132739392049333,0.03760082459162829],
[0.20926703545957948,0.22822362984789568,0.05678114111292609,0.021375253437844917],
[0.17376548983700413,0.22867962155487864,0.07350293236429617,0.018796126507300018],
[0.6354119779379112,0.0686513160407024,0.03569958950844998,0.042515935686716876],
[0.7197083649690698,0.6774014865793179,0.3880874851728108,0.03417098250159527],
[0.35834383600236974,0.8304599705504054,0.7536799028938815,0.06263003001515255],
[0.6270937106921755,0.8158496429717665,0.3614634878242352,0.041514294756794745],
[0.6418300584968819,0.15025630937393308,0.6901192196577683,0.05592906582342122],
[0.07930916863207316,0.0686582392253079,0.5904422948490483,0.03237892801171433],
[0.25465253485290296,0.9511714370356932,0.38511043499189024,0.03608235165103645],
[0.0553886632494639,0.28584190755644334,0.5298827806104492,0.015538362216482828],
[0.8542189501308197,0.1053690318406112,0.44952015398845535,0.025967617351188563],
[0.6115939140027391,0.7364276501496967,0.6084658567244458,0.016768676384301885],
[0.765725421253333,0.9669573497620496,0.562083371125306,0.015947638384703422],
[0.6885479109570402,0.27597005336449953,0.1491334569370848,0.015136476933177843],
[0.007840336511923729,0.4715593304485681,0.9081194430551778,0.022971128702519418],
[0.19051696537453477,0.9435000409685235,0.36465214938823687,0.047950599384304377],
[0.23349408944999905,0.09917058315537486,0.9441218596760534,0.15396256393408847],
[0.8980892058434999,0.3631949513877587,0.6252511437417607,0.03313751255481706],
[0.8515871380202134,0.00015387002461464405,0.23990862423189252,0.0774214632335628],
[0.8206179213966025,0.9389996226611791,0.6825589307048956,0.021891248654499762],
[0.111790366798863,0.32470338468638105,0.2070510299477092,0.020449204625864498],
[0.5751153425126385,0.6755788960295271,0.8952035424820536,0.037538874717699844],
[0.8396965398377859,0.5972477941148697,0.8356437611326755,0.05020659941746382],
[0.5145887502515397,0.901868620805717,0.02495731284808167,0.036898263762332704],
[0.254214250070645,0.44686794032200616,0.43012897905363134,0.02015625868590882],
[0.5041168292187036,0.5489611694268943,0.874588076928088,0.035048713837953806],
[0.28253447318558444,0.45531746203201473,0.20239315415197812,0.02175883983476358],
[0.5842681035536275,0.30934419510409217,0.5560092219350883,0.02659332592173326],
[0.27808035588694757,0.613495619379582,0.2588662756203588,0.04008533923767501],
[0.16254801580959422,0.4807826920550149,0.36296461703092364,0.03410785733168141],
[0.7531448482007486,0.10387668045747045,0.4161823560252327,0.040013490536228796],
[0.4669347065653119,0.5474866207530728,0.9131261308387859,0.04200754213965699],
[0.49920525829254314,0.05924335490514543,0.7943366456743097,0.024140674333487114],
[0.9838738265099151,0.7880237619799286,0.3029076551168557,0.058583567449807084],
[0.5751734181326015,0.49029918418726604,0.2115624223579161,0.02698967585536327],
[0.28179532937023166,0.3843642776248285,0.9374958800928516,0.025044721477507595],
[0.6086483161244992,0.1480469509391742,0.06684177573206507,0.01689836034568447],
[0.955100965145952,0.5353872520840263,0.3297668770313934,0.0195447167491061],
[0.5815821499941601,0.09839147880569821,0.7702135726770292,0.03180430465040015],
[0.8759091933572746,0.37230255297730064,0.3142472321141384,0.026521002050462372],
[0.010744687098485528,0.5249227171967447,0.8485138948112209,0.03585520099666637],
[0.604187652936718,0.27791565138375607,0.2677181883998132,0.033696314559846695],
[0.5183482668942833,0.47101139851166707,0.6451841160612745,0.021711837051859736],
[0.9638154412863454,0.32927238111353707,0.21458548596534333,0.07318467166671752],
[0.5901726406330395,0.739437013823369,0.8013139932692995,0.018417364635931896],
[0.6347288618367026,0.2850583599492599,0.5363042143957484,0.02780969674894871],
[0.2106216084063347,0.5053583858652431,0.27030123229758696,0.03287769958856925],
[0.9037012049570844,0.41106312285909763,0.5042725340237685,0.03230880157464],
[0.3322546774015883,0.2841234719757534,0.4092617511211143,0.03022789546510095],
[0.7071340763493352,0.7960588072202472,0.03836804256091708,0.12020017250534624],
[0.6184176042083154,0.5381800641627386,0.5977467967579757,0.02848921782960956],
[0.8325824482520507,0.3602122049465001,0.016610882586482356,0.049387386103071],
[0.7210319844839729,0.8937916276873804,0.274781962298674,0.05164767560906364],
[0.236765988910837,0.3096475279500124,0.42640017819102194,0.02418057003534893],
[0.007840720462999773,0.1400892902743779,0.32153216387300076,0.08370650754317467],
[0.918531008703131,0.42851950778328673,0.32461376883403215,0.020424008912195084],
[0.7045719408299862,0.638209151192747,0.6593941984488575,0.02794762682070552],
[0.3621546739558199,0.18624128744001434,0.5271545342045331,0.018655587679585743],
[0.27909021514903165,0.30706166599314,0.4875992585116272,0.01631699882328764],
[0.4256559088263505,0.9335575092753302,0.8277375896615627,0.01856557038542931],
[0.3118406479964636,0.16478871551150542,0.02096203499793481,0.04760882026922418],
[0.8411532659233675,0.934568543416095,0.3083221508094314,0.016041788391108966],
[0.7067492420236601,0.008818943270580859,0.14963671924589117,0.06509965181616717],
[0.7944241537157476,0.9342612645353854,0.35136326736307744,0.03399348743959672],
[0.5475419953511818,0.5472659781783302,0.675850152156262,0.018869350209495185],
[0.2277724294574437,0.017352106513178422,0.5739146946339849,0.03656374209117211],
[0.3759343067612393,0.04665446934605466,0.6794400897125678,0.06579160995483548],
[0.413024959409256,0.5793248210665946,0.7389063506258953,0.02522686134986374],
[0.608286173563915,0.49467461730814977,0.46538010132312724,0.02211775217490878],
[0.4350861947601059,0.35282656608693175,0.12568936592295155,0.020214404546360365],
[0.1934846027754359,0.0008396234465670727,0.1278035365045852,0.07865857547866366],
[0.8282130192461729,0.4375003782836754,0.3293843743007133,0.030173758798936176],
[0.704589337357314,0.6047745761600481,0.021631090847660017,0.026012194533222205],
[0.2962227598968967,0.3547141514505592,0.9148717707807893,0.05024126415866398],
[0.534676402615236,0.18209714015994938,0.1110246302414789,0.024013550041908548],
[0.3010796961122555,0.5073683427618856,0.3209258470881726,0.02481330048592255],
[0.0628220424724033,0.8353809897615196,0.42109268788746834,0.01644492196404357],
[0.8288607073653999,0.658411255966671,0.5200909211031343,0.03012818729380882],
[0.38204856401963627,0.14297724244760046,0.27802805121768026,0.04108022018105687],
[0.8001799842425915,0.17544179163710738,0.3343536226126569,0.022584321989848097],
[0.5145938428928499,0.6980228544977801,0.7282061716369431,0.02455426702978112],
[0.6057502933157359,0.6154740721298413,0.8383481933293022,0.03445142457097357],
[0.7794670083518701,0.322904681845394,0.5845066157638533,0.027681000362929413],
[0.7952609886158248,0.7277312149361376,0.7803083250499417,0.03446416485942681],
[0.24491476403854218,0.0877956203329211,0.4812987157435966,0.025391856933327947],
[0.3324461017862521,0.7210596803923524,0.3322801471380262,0.060994188769665295],
[0.3677284274067798,0.33517551170821513,0.5744624514052872,0.01775941282621065],
[0.7660437776662598,0.684078417663952,0.8394175941277762,0.06352751245930523],
[0.8704121674089891,0.7332539728864115,0.1124242752945408,0.14606336277402326],
[0.3401006337884245,0.23027377349267897,0.6129356812489353,0.04616007392260529],
[0.24887972271302072,0.08318037585408922,0.516172624489922,0.024451904498348498],
[0.2818751666574645,0.1644436070373596,0.36959301494802077,0.03067169847249373],
[0.7600720758062123,0.41973748159264157,0.40604532756162626,0.025156452902258535],
[0.3244142985151348,0.718251501445394,0.7096510641529229,0.0895188167406015],
[0.197735182187307,0.4540080225933053,0.022253668134807003,0.03271861566814234],
[0.9905453811861284,0.39013624670322955,0.8499578861379685,0.028940744818095103],
[0.8457529008007764,0.8663156053579752,0.8297462115621924,0.03811761312851497],
[0.6082758271454269,0.14580754275757624,0.6003249987603584,0.019634861952270197],
[0.8089055481116944,0.6071305063145612,0.3632941577631781,0.026461951929688053],
[0.18695109157291634,0.9510083571452657,0.49321681283652763,0.020329037987200663],
[0.10893330933289602,0.6684110106630407,0.27390076219326587,0.06954516451276951],
[0.861677087048844,0.2009095675769289,0.4370175160914327,0.017819699953912305],
[0.7626807562670501,0.8260538729006954,0.36269559206170143,0.04236015860555243],
[0.8560211093006321,0.15977289391179628,0.14159888883985638,0.03483442409724743],
[0.45987116784895155,0.9693039938078992,0.4619212334623545,0.016428834206590248],
[0.6675952581616496,0.11008508902676672,0.009852186606975288,0.046081638076699544],
[0.19193358458249488,0.646621921593977,0.5856968699583965,0.018233499062367313],
[0.14437045573228202,0.9549331209112868,0.4754342093037852,0.015837644350192793],
[0.31825128331501484,0.9421231271406121,0.30791277036479603,0.048595258567850574],
[0.8094457396390762,0.7103737343926404,0.5442272894171224,0.03504414830297902],
[0.28258868096328726,0.7178676288810083,0.3984265019969587,0.018527336752659315],
[0.028734517429190087,0.2645358521598259,0.670948504672438,0.09766857958299646],
[0.6610774132578098,0.08633615286759366,0.6809553227156235,0.07376216775706543],
[0.3089944441165897,0.8924179889416565,0.5441283413772653,0.0226794546755405],
[0.6604935145336138,0.9330802143812108,0.3225942491310715,0.061680534463768755],
[0.7407567675274347,0.22553820174679784,0.07779220317666502,0.0256871504325982],
[0.8709585677470362,0.4395697742495719,0.5356735435476287,0.01974764280399747],
[0.5972740588846569,0.39720066087973216,0.18501657476825295,0.025335713304591626],
[0.7557432295426934,0.07033477963584611,0.3741531042179611,0.0372607824112674],
[0.4804134444912853,0.1943090304720294,0.18753125348355526,0.02120561332590211],
[0.7275574547802152,0.29373608273906593,0.6625919328255243,0.07835495303619874],
[0.8610449183040755,0.48128321751856884,0.950105990073023,0.017528306894353488],
[0.10514441984346579,0.17275215982788994,0.7254091322387494,0.14074064823103993],
[0.7013156928711499,0.01674080602005601,0.9963009945485699,0.11231612437792175],
[0.8070966078307343,0.3298715428778156,0.6155228259187733,0.017272785091286165],
[0.6448240768517804,0.7060173017846142,0.10134547485950363,0.06213960718412144],
[0.763681053454032,0.7518846577590855,0.41295766382299826,0.04569416011560851],
[0.2848005467238668,0.3755826469872019,0.13269651765610824,0.05811056848281784],
[0.136535439853948,0.7933945063681352,0.43948165359141955,0.020209232785303538],
[0.5945158692372282,0.021154913254596508,0.868715802972297,0.01515053883461424],
[0.9252979979296918,0.24844317746721967,0.17350639070287388,0.017693727997942728],
[0.5301524916252409,0.18370247605248613,0.7281224219119559,0.017183147534929416],
[0.4627470451260741,0.7538378738161051,0.43299906208701433,0.026893655651275473],
[0.5617824794295624,0.7096141661513852,0.922333431416653,0.034190500462177725],
[0.9794285265607054,0.4988384093803746,0.9324055167867612,0.02396753173854911],
[0.4405634312828095,0.7500698000093389,0.2592025645338435,0.031856635298115166],
[0.6522979002498467,0.9725972042479117,0.7210390407662294,0.07470457953995771],
[0.3738302229597644,0.2541079341544654,0.17947347062081287,0.054358121554275746],
[0.8987808343660739,0.6056211259628251,0.043039371393443604,0.030807546158778266],
[0.6060371696584468,0.04179217348362074,0.07296105775225048,0.02559576102208959],
[0.3188664553002687,0.0630570294108227,0.5995721408694281,0.01862817510846014],
[0.1951947467412416,0.5922433043334007,0.33639141881670576,0.0356625977423455],
[0.6311592192025717,0.9833772494139951,0.08384431595979414,0.035052939858625794],
[0.36411861250505395,0.2763997025122883,0.39024404942271396,0.03479531996696717],
[0.3515262041656174,0.609036336624004,0.5115361848335708,0.021702832723634616],
[0.04413741963199702,0.6047469120551097,0.5172319000086931,0.022699357351475186],
[0.4832586734737707,0.7276582231849711,0.3910001632607739,0.023778790324896076],
[0.305009139478819,0.19847700472524854,0.35824630491171694,0.024933581963907256],
[0.2155614931064771,0.7002084229085648,0.3940885949967924,0.025271767521745495],
[0.4994472374253506,0.6418904679031155,0.5367567870588972,0.01830709631323079],
[0.5516940374638801,0.21761175480604844,0.11700680954415932,0.02060192392523584],
[0.4285839737281225,0.29812044306087226,0.171019741493884,0.033545280561781556],
[0.8966454116747377,0.16067167622240874,0.410050877987304,0.024850288094158783],
[0.32506835572139425,0.30134178856735594,0.16239835531194635,0.043314441460755554],
[0.5204216277008413,0.03997361411829614,0.36496703518267615,0.016658748765565452],
[0.1980406906063712,0.7533612767594358,0.3336606024651727,0.06448420752358654],
[0.7214721768608949,0.521806900740492,0.7885521955687224,0.01577918394893083],
[0.8073324250126064,0.38419972255909096,0.23389236282122106,0.025343249704060364],
[0.41103952705686275,0.34362403856147605,0.08638106039351123,0.018578454490277556],
[0.7151268826621424,0.4078321484380948,0.23373407529014112,0.032827638035848636],
[0.5972418798994797,0.5477146137948423,0.7182238266210348,0.0430631334015197],
[0.7432036257507543,0.774137754735052,0.6350881602779466,0.03858224976532338],
[0.0033497935958021197,0.33174825665426155,0.44700887528418487,0.02668474515001277],
[0.29249460753407475,0.2742699960788567,0.38205309205537474,0.04655688325165512],
[0.3886444781079649,0.7339801781753932,0.6313304644090494,0.02779111855900205],
[0.18236102723188985,0.8399737675872104,0.4722364256890452,0.01608095227107955],
[0.8712682847841126,0.4796266768577705,0.6811165648462592,0.01613009895211355],
[0.9474093218039913,0.21178136028337435,0.1334275850470732,0.05812459636386981],
[0.48673217482372144,0.3320433940433546,0.9650396402875602,0.017886523207315305],
[0.09698826061909804,0.5139366262547982,0.3989879707545997,0.04581007648356558],
[0.19126541329073543,0.4590780928638548,0.18017737582045013,0.02991947253211872],
[0.04652304471760782,0.43336995865604444,0.712049209990393,0.021561339234456557],
[0.167274981577063,0.1589573493172598,0.4650777387406846,0.023309235983850964],
[0.625677104208999,0.9346184476288942,0.13188381890218048,0.04164562889289115],
[0.5332573177934198,0.00590105228270521,0.4040910962685278,0.019405294676846513],
[0.7859045845468496,0.5992704507855272,0.954494530579851,0.028779582091936227],
[0.9196688995148208,0.9608156559355576,0.4546802732442684,0.02996697372642909],
[0.2963586055795312,0.3939282574646994,0.5638199069153181,0.024387379048741366],
[0.5375955129932521,0.4947621914063194,0.9346817465132333,0.019576048992966194],
[0.6379404419964918,0.1912557908006025,0.010933080541149054,0.04322101750442338],
[0.4453122484360693,0.5488230974742994,0.8566460437554928,0.016377499027036363],
[0.45340081011654887,0.8653388049355144,0.9992561075342402,0.02330152720236265],
[0.5435990394897718,0.004865268938904377,0.21729550255756303,0.018244482654271345],
[0.9534218525280744,0.9662132379812316,0.5804276534276405,0.02013804905183309],
[0.08157407102165104,0.05581895551114857,0.31196294007489933,0.0601433586366511],
[0.7800600479705763,0.27943129356755814,0.5648635302001216,0.018116670534466958],
[0.4879625746625553,0.48208607777023815,0.2685180850152341,0.02018487167075629],
[0.29157060644250543,0.7456885952581563,0.505720550987758,0.018403650572946864],
[0.13012998912718654,0.4484505948778975,0.08884707247654189,0.02947480317093923],
[0.9703924405518789,0.3761153519982915,0.7048440339071758,0.032413234529680604],
[0.9678478455389314,0.17890995707063984,0.26481794602834186,0.04587938361007188],
[0.36549448135730234,0.9535752484090851,0.2794492000611012,0.049880244575003826],
[0.42067270272383106,0.22500642607693455,0.876103646540477,0.018171538905194073],
[0.6436612178746459,0.5551115403084111,0.9477041458007652,0.01543318260621964],
[0.7373489609535914,0.7989651814121194,0.42061714631515434,0.03755832373314931],
[0.2887538897053945,0.32810772633489493,0.5316169766800907,0.020750990446724328],
[0.9888471034240581,0.4230930559316636,0.40151107088325055,0.015184524345637097],
[0.8793714119588508,0.8730413893782261,0.480602317672731,0.022517879701124878],
[0.5883840206000425,0.1490965586801556,0.9374208092398308,0.022009789938964804],
[0.5724687925037941,0.6824251022971579,0.36480878500249025,0.01698967619597337],
[0.9935689106108889,0.9023091276766142,0.643337237809977,0.03263190862162275],
[0.30644514514376486,0.34878259289430635,0.5594402597386099,0.029141536599442457],
[0.46465184468598064,0.2028353262710786,0.4497172620845685,0.03029921661564832],
[0.9582710392684539,0.12581407093152852,0.4175513241813409,0.045615134629738076],
[0.7731105682610978,0.27439209126684927,0.5970650040559584,0.029083984441727134],
[0.7026343902733196,0.3926683508355763,0.11663026759327844,0.04552965732955603],
[0.6299497069023442,0.541587335584057,0.41402963790060954,0.020223703410566715],
[0.9902811518192904,0.5463684697396172,0.5947600795457864,0.01753021366642904],
[0.544240251160443,0.21313535223797553,0.010008056118432362,0.03170900628513783],
[0.062127329506105555,0.24951223298874792,0.3903240642423331,0.05059753439187714],
[0.4782604759698468,0.20515896423208857,0.37599984327054803,0.03151061002285648],
[0.5206911530946583,0.308843449841798,0.19434595553812894,0.02131402450733936],
[0.9878892559480089,0.9503488165711081,0.8635597719693728,0.03692777761343529],
[0.8132596301211417,0.6068071528238955,0.27233358981345435,0.03409164351310316],
[0.6445594358223835,0.6220578380934477,0.05043002316678291,0.03324076171804538],
[0.6345383358241264,0.011577815712463857,0.17078813360440026,0.0498826878772789],
[0.8226413328430568,0.550764345170142,0.5851531736209578,0.033895138031222696],
[0.45892425452760455,0.03924020970589637,0.946018467244006,0.01730841040947252],
[0.8830160320531499,0.6506540156690248,0.6150863167750247,0.0360433550371833],
[0.3455444571961147,0.37783540885573386,0.6719083416257268,0.04164008492959278],
[0.5451366772905394,0.9218017911308798,0.23874286797814426,0.03521211803872276],
[0.017718308222238188,0.16053774610024996,0.16642332763718726,0.01976619090486792],
[0.9576048386366943,0.30097916157918536,0.42474270785605484,0.050736588950231976],
[0.91624629477808,0.981313488911324,0.9566066552689054,0.08033681881875661],
[0.6127637665705523,0.6072951796653813,0.7689575110708138,0.02699418785723163],
[0.5437426396990162,0.7919508763992555,0.7003031223332998,0.029688879638759963],
[0.4155091713957252,0.9776377961816151,0.6907521081511933,0.026982642033462068],
[0.1353431107582299,0.04363468426054917,0.4450626074857714,0.029252605604121497],
[0.01135091915452946,0.04798243155702653,0.45569915359440416,0.023407181949751027],
[0.5132437204849328,0.04379190023228807,0.5644841460125388,0.017577879633170153],
[0.7310166126948358,0.5777997580646151,0.7272366050550203,0.03242086411107759],
[0.5005342645064983,0.7986660384776728,0.617993830553626,0.015387566738942805],
[0.8749253047266904,0.24918912335145393,0.5464532150619028,0.037653173425676395],
[0.3677733104912686,0.04259691318445957,0.3564796270959377,0.05693202254497806],
[0.3339284919204377,0.38802269930597366,0.517782451886712,0.016837965696685005],
[0.1336006367301198,0.08843408587331969,0.4296744584806177,0.03570184895866683],
[0.6003884340920707,0.7656736858890559,0.6895022363656341,0.03902474085208868],
[0.6990938621700239,0.6268699603425403,0.003519032746972517,0.042124938093734764],
[0.5065098291912329,0.8404368926528446,0.956233038568637,0.017280718835904367],
[0.37543542642710226,0.1405633949723497,0.6249824340149962,0.016926122893523944],
[0.9299753582466285,0.014788224462939148,0.6246697113056408,0.03296101774891028],
[0.36886210110362094,0.7515672846238944,0.5330645814325522,0.021159937222711055],
[0.67004169146819,0.40758937525243744,0.5313070052496554,0.030805194276112453],
[0.8743234451511943,0.02372484951587861,0.6953954114509217,0.10691798804257706],
[0.7181538684686767,0.1855439428945067,0.10400274344161675,0.05123432271061629],
[0.8291070993380807,0.2368059424611052,0.10464196038406337,0.01606509085939104],
[0.2687028307948347,0.7891508146078856,0.34789939045887586,0.053283775919719126],
[0.5500533599702725,0.6944367739839871,0.08837887427918112,0.03543217717990694],
[0.9035256790632931,0.48097237321932973,0.8647263410450682,0.01723331318325015],
[0.46169637917516104,0.4192641235498077,0.9835918348378038,0.03836416418610976],
[0.8340325834226019,0.4148966164428496,0.74115971610179,0.038578071586623824],
[0.9770504068363483,0.35933617592036304,0.8704704281377703,0.034130549295694576],
[0.442663828110464,0.2929575686345728,0.41032579473002606,0.017371770232919317],
[0.4901969190313674,0.2735848006144834,0.91954083266416,0.03669813782356481],
[0.17873756469914515,0.5743603076275233,0.375859589995427,0.028730046569855963],
[0.6155529233671573,0.4178219998084115,0.625863546384058,0.02325813156874708],
[0.3871584266588286,0.9696529541234647,0.13539676186758087,0.02186749312291738],
[0.03859689869987004,0.07667207614209293,0.9733541935805259,0.34031579065192535],
[0.5332432435320824,0.5943465448558549,0.039512253609281456,0.030949761225720324],
[0.8129417598703204,0.77001457078941,0.8076002597613307,0.0825170823146489],
[0.3561893042189519,0.6507043859336256,0.6051230865540399,0.02850389376389738],
[0.009274179808640315,0.6382315771981881,0.536713547438794,0.03447092169796418],
[0.8082415054211964,0.6853800718467996,0.6790667561116457,0.02415323942785509],
[0.3954083760176841,0.1851199181706391,0.10531132155977563,0.032402288036337025],
[0.22957872790005474,0.40607386938288625,0.9504968853590531,0.016117555935110616],
[0.8026731342340456,0.36039956929966077,0.7153009496043897,0.05604774320604253],
[0.8143947130297903,0.3537120353632788,0.18014934245658054,0.025198357432778574],
[0.4817340685725158,0.4809712737244902,0.2252595733074162,0.016146228725712503],
[0.01980999467573641,0.8709450304713571,0.43164745024785367,0.024754829034174503],
[0.06992015048450928,0.5412936700775726,0.6079141093915597,0.022268743520034683],
[0.4767466729308987,0.9797578269861461,0.8354555885510638,0.03145677202789084],
[0.6213220340897333,0.5572274385653513,0.23663634989372873,0.020730043845040173],
[0.49653178023730526,0.48541739922156957,0.13958603006216397,0.02891438890716904],
[0.539925547424073,0.6005016388751713,0.1734375139208063,0.015753814509504006],
[0.9656876492765141,0.24127155893165586,0.4917143489407281,0.031550200633851944],
[0.2522438492845399,0.9635294246975419,0.604712093709835,0.043555273448268386],
[0.3452329164797373,0.14690071782409397,0.07474848998429562,0.053146307159149225],
[0.6579754910244737,0.6130003364941996,0.15415082829053262,0.044530342013923564],
[0.7797518340994101,0.4260024583595835,0.4283576406507522,0.02913918435019521],
[0.8551703577082826,0.221789117797473,0.5771474749250346,0.027450863159530443],
[0.9138217858276895,0.1458473678353982,0.5347033446957896,0.03883706619143083],
[0.5633963164519756,0.657612055719841,0.1379097604249786,0.029016100848842437],
[0.3418483342157912,0.22799206694175256,0.0361836084780538,0.05946194045276626],
[0.8000299773876431,0.8039446181644663,0.5175571916339076,0.026704626083450575],
[0.05574711514016417,0.5739394049370677,0.6721979562744365,0.02008192451657019],
[0.19903629906831743,0.8123457197362222,0.5478217250611019,0.018011872187143854],
[0.4864959651865325,0.11328238711283789,0.2237185107745403,0.025920363731677117],
[0.5323352797346197,0.5060156431576225,0.0377029299104048,0.016865495045457632],
[0.5841976515582961,0.6598035355055824,0.2354156402837666,0.022337807993249713],
[0.3693042726038034,0.23193002436319088,0.297488002538255,0.026019624338614412],
[0.5911429328284048,0.12179297582052784,0.8881449972211237,0.017920970336520667],
[0.8548511933085463,0.5400647837254418,0.4416974502285218,0.03378349054884377],
[0.12643171677610865,0.0376926304284102,0.26442701628524423,0.04898361561423384],
[0.9283791383692899,0.6053972061075406,0.0016421536441159068,0.04020026061209549],
[0.8364075118424759,0.27952519577292145,0.6422465920948103,0.041371478666372856],
[0.4208641326276711,0.19910108064549714,0.06600016237367068,0.01585712477075541],
[0.23749819453812027,0.41409225806833705,0.9005656017288858,0.02224783103078394],
[0.19113786702043312,0.15431277593603843,0.021336835580735403,0.039533498516659826],
[0.018449268923641515,0.6408141532994108,0.4474082072210166,0.022914649913076936],
[0.9012578034087194,0.16749607383173581,0.36610966535729517,0.05369591764119509],
[0.7838839697393428,0.5477581362423065,0.24934186986850948,0.018426130199392605],
[0.35052581809210837,0.4611957254891085,0.07316332411231496,0.02835798051227819],
[0.39288981413624713,0.4168547081908911,0.661163131984006,0.023050727443441096],
[0.8370482255519899,0.4875451502179572,0.17574503467219094,0.02430939674864232],
[0.4805243547987478,0.792432416161041,0.9030029602356476,0.022226436572794717],
[0.8870934381622457,0.6103743674643093,0.37013776488861216,0.02526958230394242],
[0.570997339375218,0.1597472406140733,0.11065985875450324,0.020690141298131078],
[0.5629603869748543,0.24739109793510328,0.6254775984820788,0.016462377422512206],
[0.25245298212437284,0.24210341690193915,0.2898073793192736,0.019152830785530456],
[0.004991256593997129,0.49949556440326315,0.9080816952955616,0.029465613913896717],
[0.5996952813812202,0.9364179296963882,0.17024363330707826,0.02900735304583081],
[0.33477615070187605,0.6007410042213083,0.38901956331382126,0.01631802476882309],
[0.53709399963538,0.5125596741143158,0.728541591749739,0.023618378932929743],
[0.03398407983930163,0.5430219423348192,0.5465545496159596,0.021196416512323152],
[0.9634155306520947,0.12662000208089808,0.9067196149461825,0.2643595834404406],
[0.6059002991110006,0.7729265755482841,0.36705055152296173,0.028229126811459025],
[0.9579636537378395,0.4439173079250309,0.38642330650421186,0.0220059961090303],
[0.24709154254269872,0.26912739969716537,0.50857874957771,0.021659079314872855],
[0.4116817569366056,0.5334529287730501,0.09865809995637853,0.020523273611759006],
[0.743872073997675,0.4022777487901398,0.621780907245113,0.03351323379482565],
[0.9620559916885032,0.5672475570932349,0.9855574043389913,0.029953273144316644],
[0.13286485238339263,0.49090943886754945,0.4503154448657801,0.028521856137330125],
[0.5256504989138002,0.2763543607083053,0.1757408787145882,0.015484945380956086],
[0.3735474230021786,0.938617611628352,0.73538707343562,0.018845065768174712],
[0.5146933469430467,0.8350190160713945,0.022896987691085058,0.03859993403990761],
[0.8872305183577442,0.6434582917467957,0.8027911620215571,0.06618524763868514],
[0.8670384758885297,0.5315193257828077,0.7731769170112143,0.01639629772315828],
[0.9023536374798808,0.3381626730183299,0.5211622258546387,0.0200973610953847],
[0.3525895152129721,0.35849677262250434,0.9260521914969715,0.0485829215319573],
[0.931176853742212,0.10490412241467584,0.060397888001785915,0.0805250558641097],
[0.3736838765402508,0.9290413029537831,0.33280008990262766,0.021744811098662255],
[0.1583540015631989,0.15070202550617184,0.2759720527187147,0.01512608736366007],
[0.7681542596825146,0.3862573613603022,0.29703412033930554,0.015303105724613325],
[0.9914650968779968,0.5123551210042114,0.6751857596607475,0.024475236467758787],
[0.3782042806730004,0.1760908805098539,0.16397761248400988,0.0274601645261721],
[0.04410102703120533,0.5067452613561053,0.7270225559551152,0.027634793849450667],
[0.9427743016602499,0.7316768363930417,0.2833653823094693,0.09926446502947515],
[0.6941749155485782,0.28385268264498664,0.4755475909408011,0.023778069484960578],
[0.46571138925632005,0.9039098536461712,0.2891744794345241,0.019312155601994348],
[0.5850550971769949,0.17142756320583574,0.622669656448339,0.03958623828790911],
[0.3233538019446629,0.18354510229998444,0.31884702652101327,0.01972514569983653],
[0.5779186633247408,0.8173358265428597,0.5794703752746635,0.03760555777048114],
[0.7262981100595889,0.6109561385544281,0.8105725878860759,0.03203583160445051],
[0.10727015477286916,0.9798762432097144,0.5778643828768744,0.017500700392291124],
[0.9264041485729684,0.35295786876943236,0.08049962452712212,0.05465098431659535],
[0.0013152295101517275,0.7101223784074402,0.31705447775708473,0.09100625847803624],
[0.7021501524047413,0.24907361637215186,0.008455369861812945,0.030416213424726793],
[0.295764429685227,0.5039935276499293,0.6462820954319072,0.019785096106249837],
[0.2480959532449456,0.40221623094503345,0.7833191755533329,0.02048235062931736],
[0.6063919399122111,0.19624643332384362,0.9957109160335678,0.036343211119810294],
[0.2061488141075799,0.5501134100334375,0.2930138107426874,0.020562629387558304],
[0.45648418263608137,0.2471220535165618,0.011250235939230024,0.023646062433412204],
[0.5969771419895293,0.027613585515014583,0.3455918397266392,0.015647895191728586],
[0.8668124362826852,0.5155691155999618,0.5549555012408288,0.015802027281572838],
[0.8606551121398799,0.005738829748529906,0.3701167643889023,0.06864175414084951],
[0.7664663113745285,0.5574654628264446,0.7188007954107322,0.017330788795354518],
[0.1648532905244644,0.6183817134453524,0.37874836379418575,0.0481720679126396],
[0.2453806715597875,0.36265315286010646,0.897822951643496,0.04790748037401937],
[0.4825815561559349,0.440523492410383,0.8601327016788972,0.02379548969387748],
[0.260632958896556,0.4669780997244982,0.4816247703811687,0.03182523311901616],
[0.3653325827498247,0.5543366713974336,0.2823547829933476,0.01663723600868331],
[0.271779115087158,0.07590054296824644,0.05071700404029855,0.05289860777866119],
[0.7913698215609171,0.6326138694428992,0.3588161153413284,0.03782257340913109],
[0.8570422543665591,0.6130854539570005,0.6708108578431747,0.019355114626137676],
[0.07753933345463848,0.486340418275092,0.8521126009591465,0.027226628914957612],
[0.6515284969743758,0.8272502114254145,0.4083289952053718,0.020922872435410814],
[0.3494768327046963,0.20357259930142302,0.21466261006584908,0.046273764229008044],
[0.7605992219680036,0.010254470219982381,0.2387855916408308,0.05524047253808548],
[0.36234722885506787,0.3213500156831214,0.5498676351012975,0.02165923989127151],
[0.8446935891249243,0.6733918302004973,0.6476101789835511,0.06278035306596484],
[0.9797286418867575,0.3200650164177208,0.11674546901146277,0.07896486746200623],
[0.36674450220831933,0.9917791597577905,0.37337385859521577,0.03302569185626836],
[0.188513759630055,0.5103346192544364,0.37780544675965544,0.026570646268161906],
[0.4935685894039735,0.43850495739773665,0.9383344289109288,0.0176276654008398],
[0.8933648715474335,0.3217590782769393,0.1422260180958308,0.030701767491366612],
[0.8980872526003958,0.3773113845715139,0.27842662905106297,0.023620109061799496],
[0.4869611641626047,0.06579052749511938,0.9576130855113146,0.01855058735424004],
[0.7527915807590623,0.4853577387757467,0.6304871004676258,0.01703638905793229],
[0.8887760294472852,0.47050595902245806,0.5025603678839426,0.025085859788472442],
[0.5012169248216539,0.3275893015936461,0.8570502377089192,0.03635425079577832],
[0.5537714577527644,0.6208732239280929,0.1702706938647841,0.03347346002264067],
[0.09607887158848283,0.4217623671058248,0.03695162615320391,0.029888128302538258],
[0.5353671303921235,0.917360916051996,0.5988766977323612,0.025549586408693384],
[0.4656556322500419,0.5072394762780197,0.5010807218207899,0.02571177391645798],
[0.4933220674348239,0.04021207038471086,0.6937245228164747,0.024606295543868124],
[0.4622357013097852,0.09055855308425875,0.47926317515699757,0.021936592445460076],
[0.6381306286583458,0.7070654569397984,0.31917499850892084,0.051876788414541866],
[0.3169405373634271,0.4697192674088957,0.853038770817459,0.025843406291135136],
[0.3567125777029405,0.5367621340933987,0.6325371126042681,0.029986626309115964],
[0.31077211670490745,0.5873822059801855,0.551441858987591,0.018692544784122585],
[0.972842072917332,0.5093189491763768,0.8053484978837132,0.028257566466970307],
[0.8537827967947965,0.9570147958134215,0.7553266519277162,0.024125875275912145],
[0.7479275817175974,0.5559675394550548,0.19405806851477603,0.027640266968936164],
[0.5870767408688129,0.5243263220859342,0.7795061752607649,0.025767398643508382],
[0.5412431913354783,0.21637130750748557,0.9048223620367692,0.03152788417385273],
[0.5989914156070891,0.44316371625274464,0.7767577434773361,0.01959841892740253],
[0.750517924381538,0.5894167396424872,0.5244607504358503,0.022736618073332347],
[0.39146468507128074,0.5392106887225382,0.8786801916990343,0.015470524042739877],
[0.5058757696299024,0.782969409356408,0.5353284623218696,0.016102601707279156],
[0.06492201796066988,0.513426351870245,0.2959843526281405,0.031193426000248346],
[0.8511059264075796,0.3810847210277607,0.4526619186710963,0.03405681839167805],
[0.2028160013579875,0.25838479765863,0.3814267240735907,0.03762593314008123],
[0.25230622769339694,0.20457889416396746,0.34777709497778453,0.03797812674718752],
[0.3974794205334785,0.11055684977566649,0.18894168507368925,0.04239071044491085],
[0.7939242676404389,0.5173204013275262,0.7815884379103588,0.04081279838192437],
[0.15331797520442692,0.549941008851458,0.09729453684698208,0.027649438060431276],
[0.807250007846433,0.4682470431022119,0.09011343778639247,0.0334377199333754],
[0.2995695142197138,0.2332570651646363,0.20392014718677487,0.015216349483039033],
[0.9508221840974949,0.38612564226959234,0.29296706762946023,0.052077391861435854],
[0.8877256809134412,0.7998331359140809,0.5055391876950492,0.020866292749214907],
[0.051300738578711313,0.3594669959771778,0.29470822846622,0.032810451807423306],
[0.19097358628386985,0.5088165710032492,0.06650694447765315,0.03738287036576113],
[0.6919354182861172,0.37137035329122814,0.885578511162851,0.05814212908898858],
[0.7508994582100917,0.8262104537061258,0.6993123926169252,0.041959509866920534],
[0.8146527183496546,0.23134090558523224,0.41875725364415584,0.028834239462117023],
[0.5522108427531974,0.12518901950657935,0.5619420106087477,0.016024398117793822],
[0.1748746809794447,0.9164459708806417,0.5819161601848083,0.024556302848488927],
[0.4189697913776179,0.7346587732996913,0.23969651665482306,0.025823213684945986],
[0.42443108290699727,0.5743835323216614,0.4950117849651514,0.024063832536200543],
[0.44974045590716516,0.8200829022968066,0.25369866737811364,0.026652097003705473],
[0.19467099208638272,0.40234187549296696,0.08484383322327216,0.037965684781544065],
[0.4239038529776664,0.9656257237187099,0.8933979368709255,0.023511273450274976],
[0.06798921264369695,0.3939039615681311,0.2812846689958881,0.019620245878136697],
[0.8037646416005042,0.6760875116512477,0.42037366428675194,0.02990567074688428],
[0.5493846089499842,0.7056080249242344,0.5609951419694834,0.03582965636071599],
[0.5193860472925529,0.8663615643012943,0.05204532285094443,0.01756930445624018],
[0.6249400685905027,0.289410800693538,0.806202869335233,0.024998952050912564],
[0.3747734162665727,0.03346286068371218,0.2663634898532985,0.08959008919314324],
[0.4163912742311964,0.7916551089685033,0.830735768640438,0.0349876879632606],
[0.7260705460945066,0.2638513998947436,0.1731001813347447,0.04413581484967789],
[0.7509926257200179,0.9835011449866509,0.737117433315722,0.09987662984022325],
[0.5008882563980731,0.7013905528537407,0.07756809813692334,0.016228876961935014],
[0.7102486051092022,0.7648838782196049,0.5395407595802438,0.03569484658247725],
[0.32055645466199334,0.03375086194381882,0.49006328703382973,0.028489842556827794],
[0.2818201400124447,0.47941157528168776,0.02690981506237,0.020343840396915704],
[0.03394237249894305,0.5348669203545997,0.755382259107707,0.016337760040909588],
[0.42421423960778093,0.628338914827972,0.7976810158811812,0.029864611519160318],
[0.4408334022808327,0.9423733420160727,0.6747533516443724,0.017262065783935972],
[0.11268312068904984,0.27016875379353567,0.47190081803180384,0.028034293914999807],
[0.9431862847108842,0.4644587477985985,0.9063160630875139,0.023291585416461875],
[0.1082465345789616,0.2689070245876266,0.07328749563976245,0.044637107973849614],
[0.6840481140241005,0.9240201136013931,0.9946492164039722,0.09425410583489449],
[0.4926453438150291,0.5463221919556615,0.10841766212352699,0.017579112965824414],
[0.42163862574040134,0.6899580998014934,0.9508621453574747,0.027579677811150047],
[0.39671827355640743,0.1286118951932007,0.9101506977797494,0.03397253481461127],
[0.32080118470522845,0.08178413361008452,0.6284820260875866,0.030280451066919643],
[0.36907457215162043,0.5321571672158384,0.050080235408225926,0.027907681834328443],
[0.41063386200257745,0.9282322183393615,0.18957647869137295,0.035910447734672675],
[0.7759475820372962,0.6605796966732754,0.679694205654507,0.017402588010422528],
[0.48218173548661725,0.16269489967284367,0.48574276565162644,0.025612674649910024],
[0.44375572134331387,0.9846461038745825,0.9063245093232827,0.04664300707241424],
[0.72469193652293,0.6448564436060928,0.9128229182914355,0.05791713538776616],
[0.41366481603255323,0.3402865599154815,0.6555152401627028,0.026557583013115983],
[0.09522667690841824,0.3414852143382582,0.5398405894059742,0.02514428673897879],
[0.8773556469604523,0.5121334516888756,0.8875719634045992,0.01510498000590391],
[0.4896087095555166,0.9227328057196321,0.5336236312893194,0.03887944857780185],
[0.5502868953985393,0.673437462614618,0.17695892217127218,0.028347494621125548],
[0.6715101518110352,0.9351139550699492,0.15366024785232468,0.08632082711278387],
[0.6078841576090455,0.32007524499456097,0.9781272239712812,0.03376517597958463],
[0.5421312457991299,0.7049876595697783,0.1886140902211162,0.01573556730050291],
[0.5087840589024999,0.5999214243085494,0.018825932489067276,0.020441023416017882],
[0.7473829628873083,0.3926788974679134,0.580250966629705,0.03399934926092451],
[0.9903603558930969,0.5976300463067299,0.016900077509306888,0.03624343828937507],
[0.9007531091288482,0.9939805406865783,0.8340327884654888,0.0419522317901445],
[0.2597367102505441,0.1685862084254509,0.023125266035599723,0.041585834933727014],
[0.8734223917332559,0.025580598671303356,0.5461206709070919,0.018301653486573435],
[0.688794523188358,0.6435853557419173,0.6872380820748099,0.018655798763749128],
[0.3081663879149452,0.27830904347509366,0.45677524101312583,0.02667077943140579],
[0.5806138553695815,0.03791360535838584,0.6466945609860566,0.03861897430214448],
[0.6523317560723706,0.4717236179759864,0.9127018716246411,0.03375603642833207],
[0.8989434531190628,0.8177242580852816,0.7901257039461455,0.032260297685345156],
[0.5758091830708326,0.222453214432613,0.3242207314564155,0.038745016388944044],
[0.44026818687303815,0.5214474751371684,0.4562601291338285,0.023856540411985136],
[0.01299556059851803,0.3443125850255244,0.7522291918092768,0.06323857761927994],
[0.10807506671513878,0.5536077309387145,0.04441194475595145,0.0385608104313228],
[0.47269226276084464,0.3602725349321162,0.8957338800668635,0.028991917295568534],
[0.7092458254129848,0.4325283912375748,0.7849371130685199,0.029867588304647245],
[0.9093871581907935,0.09913196398115154,0.27032484991326267,0.04074659294935619],
[0.7511992374924896,0.5070785753366317,0.49184754746533765,0.027982344881873213],
[0.9775892534806296,0.6838932304242227,0.37896007739095305,0.03261103143616566],
[0.275839426404463,0.10429711342746184,0.4463174691101408,0.017454522731719845],
[0.7098295756293391,0.5355432787923172,0.8542063499799619,0.02394002433824083],
[0.11160913436235187,0.863875015368262,0.6043352387079355,0.017445460282917234],
[0.3634935337020372,0.6018707035274554,0.4239094250742652,0.019248527433814944],
[0.22721440650992386,0.04539147927484033,0.18953312912879516,0.0349187437526561],
[0.5391957925628164,0.3795612740454608,0.956338782416261,0.01687807782737804],
[0.25860058167137745,0.9277289996630232,0.6999953600305168,0.0562658367171949],
[0.8112748914633493,0.6232234677629763,0.5997722720925255,0.018690651993162687],
[0.41283907483492766,0.11342917429573085,0.06133221961129731,0.03354862904798701],
[0.6943520699832354,0.3574458101183027,0.15721861085519417,0.027665266409712702],
[0.2593772416476512,0.754592802654608,0.39894274905572935,0.023890727464874313],
[0.619184909896792,0.9807223556158287,0.47252386143973857,0.020937399997162848],
[0.013168880549283779,0.5634453789234297,0.9565521376676107,0.039580073123359066],
[0.1406566977014866,0.5425561499685246,0.14923038572053726,0.018170651930878412],
[0.39795113691102235,0.7511040310897601,0.9583083573944556,0.0384840707079347],
[0.8603795116590258,0.9123261609242312,0.5064413142144105,0.01693962078060661],
[0.17729610704927978,0.917800677707475,0.40686746146262165,0.03506093259922377],
[0.8902518223729043,0.5789152121732752,0.18054700825914494,0.022793122822105334],
[0.9558041748083614,0.4874532020273783,0.8394189681782566,0.018688795551954816],
[0.6171105855510739,0.8001508071680937,0.7061876286523845,0.04263507200512474],
[0.1947963555232204,0.5033031404765753,0.7702310687152585,0.015760893666799215],
[0.5615739830994269,0.4709232327633138,0.974479097323081,0.015820866952426748],
[0.80367866566237,0.08667839591779569,0.5081705690714348,0.0284402461340671],
[0.05790925915879852,0.43966536240852505,0.6695479691819134,0.015193618528491312],
[0.7236298541462065,0.27962616981455213,0.5094677829469817,0.02856079819160908],
[0.2164522634086855,0.36756754088918,0.5426665922129389,0.026901510579871203],
[0.19436864875581017,0.3819021333483955,0.9855351715720302,0.03903043738523436],
[0.5095221937024063,0.27452620529999827,0.9828351831419323,0.03819748011462684],
[0.4211290557440316,0.8061019132997133,0.27316432539541924,0.01759830597878327],
[0.12593746032555564,0.3927456219466905,0.7585304072731155,0.03298922341306032],
[0.3335824766146305,0.49843837160166193,0.15529347937922,0.0156659260325784],
[0.1483145820631736,0.5315687305233449,0.04276238272238597,0.021837774271113358],
[0.07619260144319939,0.613791931169539,0.787462590636846,0.03065572787732803],
[0.04416389684981681,0.7895105589104475,0.4300945734473285,0.037660094328968725],
[0.18338560143130023,0.9097579153142038,0.46493542739366234,0.02981969370579362],
[0.06102370784892386,0.4169420596207586,0.23988907908447432,0.019697367547571933],
[0.45707843387865665,0.07963040209986105,0.6281167412713753,0.01882022620802687],
[0.8055063439877443,0.4893599671959873,0.34361302202673494,0.04283056597920503],
[0.27427390362088855,0.5585715114425699,0.6405143088810747,0.031005713397243527],
[0.5230606317160658,0.5727023110025918,0.8015726048221573,0.019498543280528698],
[0.21692310237256984,0.8779240202789561,0.6008753453391853,0.03671157442552384],
[0.4370992858655256,0.8202274228282386,0.22220069473113702,0.03810492450068538],
[0.6170774373820842,0.6421220545169833,0.22111622766802197,0.030308719250878288],
[0.5082491461360137,0.4776144580257804,0.36769304738894126,0.03643209014611167],
[0.7653707894787863,0.4735325070163856,0.42752170173888904,0.022991602448688177],
[0.19349976088510068,0.5393052170165312,0.31463207833548335,0.030579944425528312],
[0.6590427047664739,0.46312479380460825,0.235997586638782,0.01680103551788134],
[0.8553977072898072,0.9659153726683432,0.8488103170487405,0.019076319490930797],
[0.17869604385118376,0.31193839875367924,0.664003849606002,0.07847506862113585],
[0.9554240110500631,0.8850175917341954,0.5013220160507679,0.02953101492946588],
[0.7361530410386861,0.23175340370566966,0.3350683663773558,0.0155806720426758],
[0.3939093342028306,0.8579015292153148,0.266048483593495,0.015126480046933],
[0.002324811111841907,0.1312375042535847,0.5917236248902441,0.019260251230528797],
[0.555339597470972,0.3884671719813496,0.22140687840853324,0.02562515187750653],
[0.19093899794506786,0.42017399888824114,0.012594035551452443,0.02066416010964784],
[0.9517558334046761,0.36385884545535996,0.6513157658415767,0.049526756964051774],
[0.7293305087132538,0.8302073583580226,0.46305470737305343,0.017281844773174092],
[0.6733784438714535,0.7417261303303997,0.47241336323710326,0.015774614191492047],
[0.514506896059731,0.12151238300267797,0.11096124503563665,0.017933965500703482],
[0.48098389377089346,0.6918220785912336,0.4636723168892415,0.02530111015510346],
[0.5496117254020338,0.31929473903123196,0.830253550675348,0.02710616649174151],
[0.9797299872978503,0.6607801916089463,0.5764712616195592,0.017966687696917186],
[0.3996352450283507,0.6917066175544672,0.7544361128122666,0.017798074688859744],
[0.4807787614644069,0.06597994966698073,0.27670760513454884,0.02335638023900876],
[0.4593540213005799,0.19262886673120072,0.005653722036633391,0.019380862046291913],
[0.6502593549616613,0.8490736152133428,0.5319269234341247,0.015376365899209904],
[0.6459604770960132,0.35315605054763877,0.5391263925084796,0.018651801054625543],
[0.99042326611125,0.12044843913303693,0.5272964502094915,0.0373258749553132],
[0.4503698182103427,0.16449408242734764,0.027560087910782016,0.017174345116761636],
[0.5110207067767972,0.9010610317490872,0.859554731668352,0.01584702698473987],
[0.007664977091175973,0.4855928419518495,0.42665288534180434,0.023398056360721065],
[0.5845187639556967,0.8788698156873508,0.48833659181813094,0.021505954808768282],
[0.647605576628077,0.3634712547262937,0.08215343957731336,0.03833015466755993],
[0.5696837530622633,0.3052134830148855,0.6889308397114755,0.020261197430998995],
[0.32592660363180803,0.1013511522801237,0.4442321915406151,0.025032798456708173],
[0.37997626750525626,0.6268190535246129,0.19218034937686035,0.022991530273280367],
[0.796864472066494,0.36932210626813533,0.4741889522157364,0.02248804978981627],
[0.2308478973990562,0.5542798796213085,0.29272367414323797,0.022468444727324954],
[0.19449008699577208,0.9022358990589032,0.7044088353740489,0.05570642553971705],
[0.0769601484141198,0.5382572581608668,0.780365912749023,0.01690541700232004],
[0.5644842348130839,0.11503844188155521,0.7337609571883692,0.035345060601820785],
[0.5143972740892941,0.7902526863028808,0.07894782356111962,0.028824803938009805],
[0.6438170448190522,0.552950777884956,0.7499913715219332,0.02596107655651137],
[0.6785397944468087,0.14604142949558174,0.2047649890785127,0.033352826515659684],
[0.3848590127498498,0.1823014867334225,0.9052724837659478,0.032034127819543436],
[0.3222708186516636,0.4428839368984244,0.23073617784121891,0.041635827826757135],
[0.32936400501340934,0.3054374908736376,0.5910168161637834,0.033583224890507093],
[0.4769887919516159,0.2888381411175992,0.8239258387954232,0.040015150624989795],
[0.7948923979246355,0.3131830270894218,0.5152994561855962,0.017320396297999828],
[0.31458075422785947,0.6012956428307248,0.20904853060391937,0.02439721757485093],
[0.812512022978861,0.8623137745131377,0.35485680442899126,0.029997882225429498],
[0.39658044560590866,0.5893001399823328,0.7033026518924922,0.026602333201420546],
[0.20323683580613372,0.8481617146148996,0.4549624908497746,0.02640098070930632],
[0.7499893845665254,0.36131406505384134,0.34089658883872753,0.04603551554532075],
[0.45795381015591186,0.1467054108325372,0.5264849244867493,0.01876463312916768],
[0.657404426529276,0.37017895081097385,0.2564385613344037,0.027066982608213726],
[0.1273294556204967,0.14418261540573807,0.024161350929118197,0.03612557306884868],
[0.7057591284215373,0.5910999500676896,0.2917203160311549,0.02050600322976382],
[0.5130779219644115,0.3751347210027325,0.18639384392173852,0.015063344849922777],
[0.5081306437527027,0.21322861936523974,0.7463477952408799,0.016418331479445027],
[0.5206046163127999,0.21278384187830268,0.4458021528892585,0.022342819899947547],
[0.10750277927618745,0.35204835800271006,0.7122397416038276,0.058773872052469894],
[0.73161397079582,0.5188692200889551,0.6661474369060217,0.017038563388715962],
[0.9770479837299022,0.45805189306686867,0.6035836920086888,0.029327678621411016],
[0.3979385147441905,0.31810300000982306,0.1747057282565817,0.0370403946675238],
[0.6021424638608921,0.26526058251669005,0.485084641766383,0.022841372236420826],
[0.8550248561101873,0.037505849931735336,0.5053875869788048,0.018199790613545],
[0.04863928303010567,0.9769937882108697,0.547117138779959,0.02772163865779819],
[0.20281572226390276,0.8436016361256715,0.5990013484807395,0.02888736654394193],
[0.5354458877761323,0.5467128710176202,0.24278626329375685,0.020584111108750337],
[0.13167424869180955,0.25671794361598266,0.4965248229864415,0.031396668517159],
[0.929144551446054,0.7117384892733646,0.5978084192298845,0.021835043360545064],
[0.8097902327385196,0.41984981864493764,0.9996671157308477,0.03655136435343182],
[0.13941414914514982,0.5803553618307759,0.8390833367861638,0.021531247474002674],
[0.4482832043036694,0.9698464892256241,0.19563120484495822,0.04271090997890812],
[0.3172515743299422,0.43973592999982103,0.1633178831364922,0.02053122841751108],
[0.2788863782057881,0.1365426788320414,0.6684630494964258,0.0730006131107479],
[0.000498691499278725,0.6540780928703019,0.4926019106006031,0.045354483314933566],
[0.7585278418318594,0.07246705303113554,0.5791330474706001,0.03259728747108601],
[0.33918750178134627,0.05335629739533099,0.15886904185308437,0.05160607588993296],
[0.30477317508501744,0.9916768691554187,0.7634162237534659,0.07876538197782919],
[0.8402657324302941,0.4699722091061914,0.4546503027899892,0.02571456052097501],
[0.8784165952144519,0.39459529897505685,0.04496966730903362,0.02628139695916392],
[0.3474668412959544,0.22430603893731316,0.43618573915630643,0.0209167016997365],
[0.23726973985789424,0.4096398575784429,0.9994908059670846,0.034894240808796564],
[0.526633561115525,0.9107223166224249,0.13908604408364633,0.025784610316330767],
[0.7871366042841156,0.8955275895283443,0.581165745920225,0.028855276431342343],
[0.7876409447708996,0.23329398399526435,0.286833167953342,0.04260949879299087],
[0.09810391017027542,0.6268040929689611,0.6369805072133127,0.03057447142550094],
[0.4418262186494488,0.356640819909412,0.06733374696485961,0.017715840231489283],
[0.3227207295263371,0.11366682959182162,0.5301832582820308,0.025890683187986027],
[0.6844161161626804,0.4155998982204986,0.036917725780918786,0.02512348740709429],
[0.2175539840463474,0.8223288555144581,0.4179188303620356,0.04143543736331697],
[0.03555586721193682,0.15969006762266902,0.21730723214092007,0.020020011285037477],
[0.84876639918154,0.13986017585806276,0.32116377179763567,0.015492569792368224],
[0.8802255799385683,0.4936661711077571,0.1222476822855072,0.02337250899878999],
[0.7656776795713516,0.04327538614833393,0.5499798190809488,0.029627685244470667],
[0.7699018515657158,0.9331174612535631,0.6305843637345045,0.03477364562453091],
[0.7748829227106405,0.4098235174916227,0.8728929354430328,0.020393336921948828],
[0.6213926804821118,0.2053639129366981,0.9496704505536493,0.04686248790883453],
[0.6561412404926321,0.7998349302541238,0.6415833703896034,0.033035226092567274],
[0.6186280377846766,0.29213375315474166,0.8439330261112589,0.0303930537747263],
[0.97104200657797,0.1985556257066322,0.45619487771412526,0.02230825921087827],
[0.8572386810118814,0.13734031305974714,0.6025880409608125,0.028209320841724242],
[0.416146367424165,0.7183718665426037,0.5693071716025028,0.01824717303748978],
[0.4101417987844974,0.7015615368385573,0.12906297198382943,0.030534186983680857],
[0.6906071244629346,0.6446959239206477,0.736544778208991,0.027571755504875367],
[0.4405913646181029,0.4652897744636123,0.3883944271256349,0.025000652392713985]
