username = nchw73
detector set
algorithm code = VD
dimension = 3
self-radius = 0.0224
number of detectors = 901 (from an intended number of 1000)
training time = 677.9

det_rate: 78.15, far: 7.4 NOTE WAS TIMED to 12s training!
c0: 0.9999, c1: 0.9999
[0.35414166781368395,0.5901238789635775,0.374910927174428,0.023238560973290964],
[0.7965609716281201,0.22364392414109768,0.9579378193425151,0.16529549143456845],
[0.2893099426533159,0.38161819470909886,0.8989184787550858,0.026966742420720367],
[0.3884569804840001,0.9794692019309471,0.9049823803415942,0.0479610338918772],
[0.24290613035470154,0.3230581838408073,0.8123086156465866,0.07297387267248312],
[0.17043318030942567,0.094802358630101,0.8556938124753456,0.2301569685967427],
[0.051544022471366246,0.08161043319867423,0.07196571191033663,0.08181355634594982],
[0.7061014849424767,0.984276022517564,0.9688464934600827,0.10136754842620005],
[0.15031704515154942,0.8657341302167403,0.6704290634279513,0.06821826940159434],
[0.6474635271816581,0.8697241715669168,0.6054957955077086,0.022632180139823568],
[0.27497465549764577,0.0644818164014298,0.09193658484791523,0.04319188383949274],
[0.6673836510551783,0.6822555969250962,0.8337352850086299,0.05817696256877926],
[0.8913175618848119,0.32527450195313456,0.047515381295174186,0.06392062695825225],
[0.34631042643988497,0.7131509431117966,0.9472000286899006,0.05128088069813798],
[0.2077926641203105,0.7811463728155511,0.07579212941400482,0.17228191140790222],
[0.904098063069709,0.08674971737388282,0.21262049151114504,0.0395902290135849],
[0.07256063156337711,0.6729773222068341,0.3502522054043661,0.04583984049932992],
[0.8318609223482677,0.9491063291241062,0.10323964953447573,0.17763593078419443],
[0.838233349574435,0.995385493583579,0.7779343026307499,0.03085108729701645],
[0.434313343157979,0.18323035760769768,0.40431642883081087,0.02602474893186341],
[0.2187945934684019,0.24526891616728175,0.01755506778086313,0.030202901932115677],
[0.9469637832402509,0.303294274871983,0.6201946173707414,0.031044862159640054],
[0.1585515628527393,0.29269737318104816,0.6422274881902246,0.044655437275935725],
[0.8090048133689846,0.4007201456034164,0.6986433381982609,0.03278201657625543],
[0.1949943486701613,0.09348688223298818,0.3906260296504038,0.03151603801288848],
[0.2072199960070351,0.4509446157633267,0.011225076887260377,0.028295974259794108],
[0.09109287061794724,0.36944513899109,0.2721758705380958,0.0446832336936942],
[0.09141128581799396,0.6563967408390189,0.23163495087757768,0.04686728988453667],
[0.2364490665320842,0.616369768326526,0.18956545202726693,0.05869289487306771],
[0.03861520251272632,0.2999678254822138,0.3114539405643272,0.07707046015768267],
[0.2845678931356408,0.7172201653739831,0.3264240130683357,0.06446662800565765],
[0.99090166514315,0.7143318932247773,0.1578886695759779,0.09767848707629308],
[0.41268745182685473,0.686090667708417,0.7193521329435729,0.028781150333452476],
[0.5254780548852742,0.7403534547126059,0.4056977536339411,0.032574351468441926],
[0.22919708484794032,0.9727234982526973,0.29675832478130815,0.055172446677051484],
[0.6730265792995164,0.8504752249667055,0.07723871677868,0.08755112623164688],
[0.05692863890637834,0.9994222637177425,0.8404261308786081,0.23601319823172714],
[0.1267063337086196,0.2818132241447573,0.2617359740937062,0.025232138689551497],
[0.4899148986343196,0.19403289432077975,0.46701513056200983,0.025988864792968077],
[0.3306613137855515,0.10945019291345848,0.4192777075221351,0.02510311606597242],
[0.9990512967934283,0.38279231213221676,0.04499497618834247,0.033780811109830736],
[0.8600275805034249,0.6511163721563631,0.44905902938334064,0.024481425148453934],
[0.9083394779455499,0.3004540986483877,0.23110055807707874,0.03967382613706272],
[0.6867435350994939,0.354375831775414,0.9536118908364265,0.039162494903324185],
[0.8697761745316387,0.3565885215251706,0.8888595188346289,0.05528138259944318],
[0.9986131489465114,0.9723577761913477,0.8141863253732112,0.0472712647499408],
[0.8148461131803587,0.614123874978155,0.8971019028295866,0.03274217592179443],
[0.5666196143532389,0.4700457603921687,0.23787224263068607,0.03643662003474302],
[0.22343385545485317,0.369606634908777,0.991909336020147,0.045241359634794975],
[0.3116524832862968,0.09607271045204335,0.622725052974018,0.030328378170402886],
[0.9592719369304897,0.7004441746183728,0.9558310846337599,0.11866971325494508],
[0.9515905053644084,0.7431129800158212,0.7226682376124071,0.04075220971772299],
[0.9499652390114188,0.9419300278202363,0.5262543232045017,0.026618414699330743],
[0.7088336579147118,0.8567957598155713,0.7678494656957157,0.07728111809644882],
[0.6586353604410975,0.03857579504498465,0.28780527752791407,0.028486561969599523],
[0.7001049648617813,0.4492583035460158,0.11220387388758013,0.024425599872192564],
[0.012298184071911744,0.15282540589483673,0.2542377355838704,0.0525513979683309],
[0.45027108472711197,0.3927695757099766,0.2751069463750445,0.023200982986900116],
[0.09305890059386546,0.04897274823311837,0.1660582545072411,0.02889964626755968],
[0.507160986200024,0.45472068151490785,0.5941715066224453,0.023315597154387944],
[0.0015819883873978702,0.8144236606051829,0.6597612604270868,0.0684699397439526],
[0.8982633260228826,0.7968788516715521,0.7351653614754383,0.024662565191899428],
[0.20910430485464548,0.07226537664888266,0.6210269125512164,0.036415419388589665],
[0.6705948567829787,0.7799036234330479,0.01775006216432229,0.07338141927363938],
[0.19769463325301995,0.3481610901764609,0.5657265307411808,0.02377388683963604],
[0.08867315573005907,0.043390022939086004,0.283066145315474,0.05705544168500158],
[0.33717595126437083,0.3934085781721568,0.05016705446560332,0.03415576703477288],
[0.24779453226914328,0.8493734551745488,0.9272252493220826,0.11898578797388298],
[0.33807403330053365,0.0690900454849217,0.5298371011864481,0.03073832731214889],
[0.39432976439465184,0.20584768068201398,0.6044098426086209,0.024396841261113373],
[0.01798789329832462,0.3669635041395404,0.20215520204764148,0.029405128247402653],
[0.6376964848761069,0.8065801656746268,0.3051775034822375,0.044294892005393674],
[0.08411894600967751,0.8516473437178054,0.2548167452904012,0.12192931175111676],
[0.7687960253675999,0.039729695608508586,0.9801324204789353,0.15883905972660842],
[0.8228595505587711,0.7031372195494313,0.7501834176406051,0.04299165286607805],
[0.7753477791766744,0.684144625516204,0.009898295606526109,0.07088382061683135],
[0.6548172005172064,0.30918394554836814,0.8020898935707046,0.04375511743119308],
[0.8733589454086114,0.5170977398800508,0.7432792114487549,0.03424283846370124],
[0.7931904199479674,0.21579714007433592,0.3959465795839815,0.032031281956697785],
[0.6502245076515848,0.6167937317228298,0.16347787567433492,0.039129003623415606],
[0.37017173734960807,0.9180968446352357,0.21365609623766912,0.04005345541854864],
[0.8671315320159461,0.6849555154944731,0.1631335971779122,0.08853230059842915],
[0.14784507245070067,0.6436517364068828,0.6898514979881206,0.043106295049258614],
[0.6953706551299752,0.9262516797528144,0.7288505961757776,0.07682827851093416],
[0.40098700183115155,0.06036771783615613,0.81384665927062,0.047487375604111745],
[0.712399446520476,0.33261830956447225,0.40340969231779344,0.02905531604883921],
[0.7252380762415259,0.6060445447430463,0.9764927769806028,0.05589859285825778],
[0.6054765485806496,0.37753844914324186,0.8940151041105076,0.03129358644455486],
[0.8323647940791413,0.04563893725013535,0.5379637337239123,0.023073092612929513],
[0.751001349399101,0.9901257183909928,0.4316351105164824,0.03249707816472834],
[0.5614653778573917,0.6192808925427152,0.45228705555841786,0.02949028850116511],
[0.03892254629653091,0.0033259982930112786,0.654281057477719,0.09377076939822344],
[0.7767724971203803,0.6185439639643437,0.6380798673805201,0.02434530325680646],
[0.9945712321125171,0.47402422497167007,0.7053794110785808,0.02755145825195136],
[0.9521966480397196,0.9663929378305343,0.7002826351876281,0.02535267550806101],
[0.9929251729643712,0.8199691891165086,0.303198848586558,0.0488968091256953],
[0.6849732217280412,0.43865511461369144,0.7801573737754658,0.02347786446710107],
[0.34778857145486597,0.9081298925770781,0.7827263981060084,0.03336666227828415],
[0.9413770708525727,0.15361562729974232,0.8859657787712082,0.22886846871210156],
[0.6391516377818331,0.10256302916880067,0.8469514609370867,0.02672937504357629],
[0.9394254632944413,0.053601973611608345,0.135382808871356,0.07727361213700334],
[0.814634254845502,0.8405228918418438,0.9426896595752117,0.08124339647477982],
[0.047867827032083476,0.166907316442379,0.36392847523037963,0.04727457991491585],
[0.5080924347559697,0.3330611516664289,0.8637537761543967,0.027479820168678202],
[0.7105991452946494,0.6277142229799826,0.8354481898450505,0.029241015988301724],
[0.956197145089775,0.05397305501635985,0.37560310973332756,0.023429333525199148],
[0.09607825756607069,0.6180167015437047,0.0312035046520448,0.03260833980210755],
[0.16915633794866702,0.11012761835742357,0.5842181858153366,0.027128046722605808],
[0.6806149172714007,0.9106942236407339,0.21318153469054224,0.06513156505236832],
[0.669577045065304,0.7190189233910168,0.09302753464773006,0.07504771209919632],
[0.954754193271933,0.8479593667434622,0.729999494848119,0.02275180999433978],
[0.35500361784597856,0.21743071276365722,0.21066241003755692,0.04026769256261352],
[0.34714230821877545,0.30305333165408266,0.04064017522236629,0.06155516805993218],
[0.5218911446965028,0.8199657651235596,0.9374851503708111,0.029454789380555447],
[0.9858619632776676,0.8601692629167988,0.9127536607433034,0.028406709637099428],
[0.005795871927137819,0.6684240444413897,0.14505818003883975,0.08933028701600516],
[0.3421956777255125,0.6372799992739374,0.0692962303632928,0.04405219977857179],
[0.09790693305130238,0.6721177597014076,0.8015428588312258,0.06776173805795786],
[0.36556358650594734,0.8514342894523701,0.24733247484260545,0.032021580375869746],
[0.3967536756860992,0.12468627648735608,0.4600588633873598,0.02809747305196923],
[0.6536891266559808,0.9664716670399515,0.6751766627811507,0.052123840926289716],
[0.018252945476554205,0.26092478540751074,0.19642958694111823,0.04783165056216915],
[0.6228394274088719,0.9302446291572556,0.5759593823899078,0.03237484684057221],
[0.2172408415032302,0.7285421024502515,0.2947178783055784,0.09941677612433024],
[0.7691575257087752,0.14039856431113162,0.6383642887868318,0.028061096813159655],
[0.6644681997644202,0.9489079138103149,0.03442845380628534,0.07630586780732068],
[0.2744886383685087,0.8047743408292516,0.7309803771126544,0.05860831592701404],
[0.30824783476072615,0.37184509055538595,0.2770661644102569,0.024792051460343755],
[0.6783297083660663,0.05459330704983645,0.48071129505216315,0.026730740871167186],
[0.29217089179990763,0.39124202381989037,0.16706307131630016,0.025090065758675454],
[0.8914109154258563,0.21901194431413518,0.1265857039696996,0.02710578364532715],
[0.7314254263092916,0.6673516153523235,0.795353824977462,0.03127768652652721],
[0.26862208448639635,0.5846801490564595,0.8459957369573582,0.036702869836854654],
[0.6409070335087848,0.37119239508287805,0.672697848355388,0.02791557483487624],
[0.030650668002008996,0.7258375939652638,0.9980865478448102,0.1270612166351648],
[0.6677440469048151,0.8797318041290115,0.34020351066529486,0.034043471403946104],
[0.13764799666942706,0.34151002842905964,0.8589519136901278,0.05012326851576723],
[0.12512705082684294,0.04505362219530984,0.12244684803806694,0.06195294754431922],
[0.3929827606900165,0.7282445321695166,0.8009749346383623,0.03986560217029478],
[0.9688528705101862,0.4023304136291883,0.4453857045295637,0.03244088660684068],
[0.6662300275345702,0.31812169145383595,0.09068416358228248,0.0329824023089962],
[0.9619479062204539,0.640816963066454,0.4396334404752209,0.023708010086127034],
[0.8222758822163779,0.31102407000228927,0.013884685941842667,0.052937590281676467],
[0.21835742386287194,0.7813563089514555,0.6178802789240102,0.027654520237313854],
[0.8527540238353164,0.3269193938573096,0.7619074621637807,0.08786844257265697],
[0.08042210609367695,0.35197296528715283,0.7471763795885342,0.06269065937409261],
[0.7076801438363635,0.017027485651923135,0.7309606643620121,0.0997131236961773],
[0.9900297919480378,0.9220838464663254,0.7500672484376009,0.04194374993010551],
[0.3413124927932424,0.8052110559307433,0.3061360432797886,0.044726889274590925],
[0.5940489351843153,0.7159004284966206,0.6234872063131868,0.023528837759495286],
[0.5902399324073462,0.7957431348098054,0.9816346497133548,0.02745592341266936],
[0.3360528254024384,0.9302955846875337,0.022042046690513906,0.05872154450057507],
[0.8990987874719646,0.6835026552337239,0.4063590398128035,0.023282469602714042],
[0.9963180820897369,0.31945292043057727,0.3262154278731828,0.08145295777310095],
[0.07554664113843368,0.6226444450248254,0.8736940192645334,0.022675249906722404],
[0.23677498950103415,0.16601957476406737,0.3623941848832162,0.03415312894075237],
[0.7500621889660143,0.13844499533002197,0.17394432989149655,0.028558472152349097],
[0.27945347666067555,0.6194801349581205,0.060526801683792764,0.04204701128369519],
[0.9827867006284114,0.8616260081164712,0.9789246163524469,0.09007180808478138],
[0.23336029874969133,0.5176592687928779,0.008391346396727117,0.02249369835339703],
[0.8868587618981244,0.10483053444643231,0.6484248129007323,0.05702377405720238],
[0.68265904976714,0.2507351664687797,0.011473325320641048,0.02914988427791641],
[0.24541568123768875,0.6838476444928647,0.527288711037562,0.023155885581167057],
[0.3127585020934658,0.3470024146969952,0.8064262649930298,0.05098690045267039],
[0.2990464794788874,0.6572964772672645,0.8377004859437047,0.08954118277020078],
[0.20820194978897544,0.7801402154501095,0.722362206582964,0.0705139290373999],
[0.720237641086216,0.7016462657441345,0.19375626873385554,0.08843217050348005],
[0.6734874626521853,0.7907876738866042,0.6088972261809835,0.026241194183452953],
[0.456251329423362,0.9961590229633052,0.28374011382429465,0.03151098976344728],
[0.7647042547371463,0.41613508854042947,0.34245657629044435,0.0235315926200494],
[0.9539636380760327,0.7114939985327353,0.2920067963498766,0.08847967218988362],
[0.08414693970775466,0.5386383015719521,0.023367824270346227,0.03779176320317561],
[0.6085036223062351,0.8505674653510699,0.148183049466319,0.030436657672826026],
[0.037311978287565384,0.2123087250029304,0.6847710576136049,0.08290898422833119],
[0.22378876038636697,0.3566118128182766,0.7324842785794833,0.03167770963510008],
[0.627590279742689,0.32456527503785604,0.9979912408745495,0.04022750517706347],
[0.21185261821009016,0.29912993687491807,0.4110583295404576,0.0257243946808105],
[0.8880489493383921,0.10471000302534583,0.006861108789075865,0.08303221761463717],
[0.4400709636874871,0.1066352377275177,0.8675797691963331,0.03486565515039208],
[0.8049296460412926,0.1891321574443161,0.20834193595836048,0.03457400844297899],
[0.038611702960058336,0.4558557341866364,0.12651641003146352,0.02663670718045753],
[0.3225288453655608,0.9783176236151224,0.3667539975007852,0.0543901455769181],
[0.5086171614724877,0.9565265424259899,0.19537793215360189,0.032135656148656835],
[0.34019475115288467,0.5923723408791477,0.8935888844814224,0.04172519905544614],
[0.008475690693714233,0.5840347442728403,0.8002839767259351,0.036405307987427235],
[0.266155548250843,0.38838400219897573,0.05171707473696663,0.02507918399909936],
[0.08872803022838882,0.4614385869482466,0.4354910559082512,0.03138255550515663],
[0.6931788562994585,0.19350600006725116,0.16530604036235774,0.04446145604138485],
[0.40098431149863034,0.0077878006576231895,0.9123009883563998,0.03539646124158545],
[0.16607861761623144,0.47382181628892783,0.21663171724380703,0.02941814800196232],
[0.6285506555357296,0.15843391399540707,0.8060781637196396,0.033970125365236484],
[0.21772380721592455,0.3726261281032316,0.7050233014249091,0.023287058911900648],
[0.1030323319104941,0.6475368740693839,0.18641547791448076,0.034596285548792655],
[0.6648529311114948,0.19144226277699794,0.2063717870908539,0.04179122905478523],
[0.04816041591317066,0.9714408763890857,0.17141492501449906,0.21641580876602678],
[0.37085067374566083,0.08240528043419659,0.504767632923943,0.03375954370192208],
[0.32769047824757225,0.00734470081790739,0.6482498072123541,0.043801093502460836],
[0.049694105648092846,0.3002680815390799,0.8124855971234483,0.08673175785244454],
[0.181210077613436,0.8946454591391254,0.4329182760762176,0.026597554688184772],
[0.7925015280981729,0.9405517424776586,0.6659933642845987,0.03103962309840524],
[0.33126462105406485,0.07583295707607618,0.3150171696805555,0.06299301994981174],
[0.33562164685684726,0.2892601173798166,0.8594826214349641,0.055146752199215374],
[0.9096816578785067,0.17868926462052293,0.0723956165720776,0.04286826504871584],
[0.7298733822041873,0.776763395279467,0.3799011626912163,0.03224689662059636],
[0.4677510167355684,0.48274494175254123,0.45099852508945515,0.02382967848633558],
[0.6838709692036745,0.2775780011534208,0.6564067054770141,0.05872449634449761],
[0.9410748762632375,0.7074112566336542,0.6683491754536184,0.07831563077861065],
[0.5918526130939518,0.45958965816080277,0.10970722399168698,0.02398408793498449],
[0.32021644190365506,0.29257811420759383,0.9584009269708311,0.08833358379201203],
[0.00270729555763749,0.19181632473626375,0.09247679788617391,0.06947372616707169],
[0.9594419277238523,0.3587182125892785,0.7490001871004031,0.033395962468405],
[0.6464180904926864,0.7438809992693477,0.25875541567288174,0.035640401020822915],
[0.7225707786042691,0.666927118134826,0.7504016975400918,0.02612114091906444],
[0.37300948348813723,0.28859962534892625,0.13104245849229035,0.032778138140971],
[0.6143776017594199,0.4209491547926748,0.7758104162976766,0.025507533876794882],
[0.024758568797936364,0.9506078356876385,0.38814437776910427,0.04385297956300807],
[0.8514041199424514,0.8524412961077481,0.2963441281056044,0.028872960597412633],
[0.10194222687002019,0.8619841326908009,0.3965928367724889,0.027785010710927382],
[0.11908766849110464,0.27668834829819744,0.31470081146364737,0.022974677758447106],
[0.7266136562049336,0.25440192321752464,0.22962313847399252,0.042222652983795586],
[0.27875131756159155,0.16101782110090934,0.6580802570345222,0.046750282167626334],
[0.3817176748523984,0.8165742577531176,0.2830552748257267,0.02795103983026743],
[0.8664156680240319,0.3289478280247634,0.3159278857199047,0.04660407355406386],
[0.03511497338052927,0.6533399723623506,0.2349232223645331,0.05702285134233366],
[0.08780402040321578,0.10779737136781797,0.35051040639884135,0.027724130696456805],
[0.8524043051012734,0.6191095791267155,0.9565393247703177,0.03726778377723258],
[0.054829845888189066,0.7978493206513012,0.4724910975276727,0.03392032857769821],
[0.4532091950536793,0.8131946534639601,0.1928001467283259,0.034600590353622646],
[0.2569659539056073,0.939461016740817,0.34586584854602753,0.03634550984314423],
[0.6239196194840231,0.013637173786421708,0.29988340666586655,0.0412848606383235],
[0.5349675562187406,0.008728792329996793,0.4420227241690936,0.029603326311524836],
[0.7105934584109924,0.7704862410062837,0.3304003063788853,0.07091989663505419],
[0.34618915986928567,0.7003133489463133,0.6105281891033784,0.04240669410319249],
[0.22976293466241504,0.3518075748868481,0.3743511420919299,0.03207362642025108],
[0.8235639551667147,0.2952261492124213,0.6650111861035244,0.05006117034390242],
[0.655265868204802,0.26208473612602556,0.01378359465248813,0.051088590242409276],
[0.35549187148168726,0.603893651057021,0.3166219275472242,0.0333025779459053],
[0.007173418496402517,0.6523395327370834,0.6512992854895493,0.056106440997854265],
[0.02716419238227974,0.28667991037879414,0.9801344242257447,0.13278463271938543],
[0.9538007738400969,0.14752051566595958,0.513582582832063,0.02865759822032204],
[0.35453445306663955,0.3529601316914748,0.8540747398464377,0.03553179835726583],
[0.8658557707640043,0.09679599433459651,0.389886386345613,0.05033934162866051],
[0.8630582907811226,0.7634884131562863,0.7219840644836725,0.05933877624815044],
[0.7847470569189774,0.43845947011901276,0.5922714574241449,0.028896195528631815],
[0.25348289713420014,0.9597240143851278,0.6568323116517025,0.04998302186813418],
[0.3661187203275218,0.7982799987801489,0.6857452129684029,0.051990654128648076],
[0.11311139818488358,0.46547509326726155,0.7614464615945107,0.028351386227472106],
[0.4881229956910865,0.23818700684827998,0.9509035926679961,0.024630134788966373],
[0.8037914185373807,0.08694993047280108,0.6998052341537135,0.10104910503898275],
[0.38254889585295304,0.0038326829461762246,0.6703363270170852,0.06275323971091851],
[0.6731034106139067,0.13141879987138205,0.6956084124996965,0.07729137717009903],
[0.9782649332495648,0.9800022923288608,0.2722003139722621,0.102188513889277],
[0.08194232774859367,0.6555329775429273,0.03740052874975486,0.05183734997337891],
[0.5626636524095229,0.9812627190881732,0.24417462357227204,0.03395323278895701],
[0.8820371237380963,0.04197290719654234,0.23551053306281688,0.04671150339185648],
[0.8693884555582881,0.6739903989664051,0.8428393115464291,0.0728282514814419],
[0.4054165305366876,0.9673474706122712,0.2805639787928115,0.030140793581929604],
[0.9813870256402218,0.29412829456724887,0.631395406322027,0.06034323784178762],
[0.027985404490555532,0.12940579033141975,0.6287434867017708,0.029723049720639837],
[0.4967233381658823,0.11921523558256109,0.451636853709096,0.024073179628825023],
[0.8378598970789507,0.4672296531176947,0.9639377696847325,0.026654412845110376],
[0.3255021089230349,0.7768312959497301,0.785506165158039,0.09996725951711088],
[0.9963367063345121,0.4167433201284413,0.4977374052381318,0.040854465998547126],
[0.65664370337889,0.1007366965508173,0.08116826427907697,0.023066317543360953],
[0.9587154817099054,0.8510681914313363,0.2676556121691186,0.05133704646955606],
[0.685545488280504,0.7516050225934223,0.8671466712249031,0.058548332168906064],
[0.7475490037912633,0.6995705449435802,0.3501802075477082,0.06789310799671756],
[0.9609487974303562,0.6470880279526188,0.6009198757263752,0.02268761007041101],
[0.6923829769048635,0.6436406922064841,0.4029299504410022,0.025179568639490186],
[0.9364102276399499,0.03664596320634206,0.24166768839599495,0.09253337610704043],
[0.6150436418354793,0.10472676905581846,0.8213543767990128,0.022582138294435793],
[0.9026014762513501,0.35989252240684255,0.2695579142638921,0.03315828510292233],
[0.273386428661624,0.36647686516505906,0.24228827497327599,0.04135538558469953],
[0.715636176975867,0.36003917439986277,0.36193331258359895,0.04239944746502455],
[0.8588399110521783,0.018472100729271967,0.31044850862921725,0.06733058529210263],
[0.629108713840909,0.7242976086009736,0.3822653498389462,0.03399833853829419],
[0.4203434569809519,0.7660755476509254,0.659975516387661,0.026273639090379098],
[0.6354295509030359,0.31530421722841595,0.8481941976061739,0.03381043330914568],
[0.611840031638164,0.8573539006044527,0.7326764214482236,0.027697807489368582],
[0.15929680565071613,0.24167181652968894,0.017058635785410337,0.0350322647466883],
[0.21221147672239005,0.3598271248891629,0.27500434394644413,0.036651384319577554],
[0.4711793670763831,0.8257552649567275,0.8824842948237099,0.02697332800968175],
[0.9933312969776935,0.3205294043026652,0.21533168288419458,0.0822962344662753],
[0.8872510120613212,0.1763478532111974,0.11960822394386694,0.047195811418370454],
[0.6997060591479074,0.06600561660479065,0.37454125466907684,0.023212773613673656],
[0.3836458825674032,0.6046557451615838,0.9989436861568487,0.023492190887884113],
[0.7202264096581104,0.7066086765654214,0.9112380308537432,0.10836239296992267],
[0.7971274091107854,0.6811855444603787,0.276400949230426,0.0822654135726554],
[0.6063609162455016,0.8722825461673065,0.6065712790054897,0.02263344842443041],
[0.12706399247572142,0.6129239981574105,0.9902758486852425,0.04584706427107055],
[0.572919567403848,0.49980125985814605,0.18688895700991093,0.024339101901753268],
[0.19087922089545628,0.6177602499741535,0.8562759409520339,0.03366606613855841],
[0.756320199227549,0.8342248216813589,0.6333984968979942,0.0309168103449922],
[0.33746991588626396,0.35265482665803793,0.38763476188790624,0.04227580063794313],
[0.7274588605914526,0.6460105853260882,0.08602234807330678,0.044021055515293006],
[0.6128956937335478,0.4093874018570778,0.14996561221514082,0.03100380882384585],
[0.6177336955143855,0.7851275027757647,0.9557973928993732,0.03255073387017125],
[0.6833268271643694,0.6183999338355254,0.41822587799825606,0.024644749154822742],
[0.09331393815666478,0.47391063522429666,0.38856522592012077,0.026810854358312198],
[0.952593118808723,0.2698553803373097,0.12462438951760968,0.03189581418309345],
[0.13915378812074153,0.28023276206950143,0.04025185427517741,0.043712633645979465],
[0.6168560799359241,0.11723439463322205,0.9174614951174853,0.02614800796402596],
[0.018223916175428956,0.6312116244960795,0.7602963863395484,0.02491160133869685],
[0.2777998329454936,0.8240057815292728,0.2751432522933951,0.06324520186027092],
[0.8625891735630918,0.41299199795286323,0.07175412206673926,0.027779012913604583],
[0.2694443867295139,0.5601480378390682,0.012644470451942946,0.029564079556336578],
[0.6982732484044945,0.8402690995708579,0.2578934775576627,0.03031932185354148],
[0.8586459340860375,0.6907213547875215,0.706797260685215,0.07019425358980064],
[0.9950836803180002,0.8246318515739809,0.16229740659561243,0.1577844203410697],
[0.9226129246199228,0.7546656731980677,0.7753089254110529,0.0587121765049186],
[0.25323179399433393,0.39097724339077844,0.14710595225760925,0.031104090007385583],
[0.9867478465759548,0.042003992262069856,0.4499025123536995,0.022500471477524552],
[0.6674502191314554,0.2824326639911866,0.07272828327395409,0.031823963232487054],
[0.6610732941450492,0.7145718654234896,0.33903536024052594,0.06532558923988163],
[0.07123304794646468,0.07095262593195506,0.1563918352171937,0.04196711246457702],
[0.6355132657883013,0.8090142141714277,0.20778182120571076,0.024591007579911447],
[0.7658113688294726,0.9470861465771775,0.8347184296568351,0.060702930956922835],
[0.057455785763770306,0.2620953218828165,0.3821852255593319,0.046735183734335384],
[0.45408300879070307,0.08571343192283376,0.295922336487627,0.029936519603116423],
[0.6430792120287809,0.36358879585370296,0.9328933572734395,0.06272143027750055],
[0.7703765468284387,0.7772170932625687,0.636783266571119,0.027925692195096965],
[0.7114004946736283,0.858222609254636,0.9314017990985445,0.062171900065063165],
[0.8197004579600325,0.9060398280963169,0.33217357652624246,0.034611982649071116],
[0.6169391418250524,0.7404385777611348,0.19435437633992925,0.02965662917776533],
[0.01121393135058657,0.5763820478227286,0.9198537567131458,0.03765596967791156],
[0.7890195920350268,0.30751618240999623,0.111613433428712,0.026020992569446417],
[0.32065221679313094,0.12399149618903338,0.6779230140969549,0.06435859564326728],
[0.3991887114805085,0.5956743914574171,0.9797929195016868,0.028009148711922328],
[0.42094743100360754,0.9639296020454983,0.19366474354047836,0.038736889962581345],
[0.4020335433448802,0.3054073268305576,0.17672698449799507,0.03471884563726392],
[0.13243911205599324,0.7236998444290685,0.3602640704233149,0.030687207170274833],
[0.9673202366775584,0.3207427255243237,0.10342947657779655,0.0678162275476053],
[0.37007291500957706,0.539555463242963,0.641164683209001,0.02456932443175969],
[0.7236466414159831,0.07327165158032178,0.35640059669223745,0.04558823623494106],
[0.2780126383333251,0.33503355463496254,0.29596453950273804,0.048968733302076045],
[0.767815305212408,0.014127262770406435,0.07122230569161347,0.04580269893523252],
[0.5294771894717374,0.6284747019054452,0.9870979413665668,0.0341012963297241],
[0.23571038109682974,0.7980904494631434,0.6013888223686624,0.025150887015335185],
[0.4822741745487804,0.7514781952846548,0.023529563351325944,0.024687054001050566],
[0.28308819027770615,0.6483650758111562,0.7427212101337881,0.05056518716628777],
[0.6169479007827853,0.21632348846467486,0.7001655568681784,0.023432139026097868],
[0.8551281792911825,0.7592741539444396,0.9537546069750047,0.11422659022516232],
[0.6426446386197292,0.9984077812458797,0.2335531546139441,0.08103119183263881],
[0.743457487313627,0.021147322420541514,0.33757688159022226,0.05786155934332697],
[0.0643831800276694,0.019170842733494897,0.5303218500604632,0.02406831927228614],
[0.9922008473757485,0.071126649441276,0.03023309621702197,0.14469683620608578],
[0.8723137364422194,0.6703266009073471,0.03382249662136727,0.055305001372216916],
[0.6294905801312193,0.00010133352285879305,0.08032779942062851,0.0269250824880012],
[0.7637915309412734,0.2381215473969952,0.6958342336927126,0.07378601985276845],
[0.08958769565546743,0.4415457622579424,0.1920792078801381,0.024986225233389833],
[0.8828753951753392,0.6771995587228201,0.5922833380055211,0.03292579544138419],
[0.8016173445117822,0.1339347016728687,0.3843704584057369,0.02903215341137817],
[0.1707673150815594,0.3549711390618655,0.3498829392352588,0.0379314532959031],
[0.8305831673231067,0.7772753678065484,0.0020918452238120055,0.1597098488630235],
[0.3192987406495358,0.91583591300587,0.8162399789064948,0.03144691052169579],
[0.3133452747361184,0.83518684681854,0.4819053217996364,0.026221143989085562],
[0.09621582842691379,0.1613554069282277,0.37845741791960374,0.0315332802835956],
[0.6262809632972555,0.8125782631674191,0.7344010489955132,0.05658233164454468],
[0.10513563186557329,0.07085088591206679,0.36014789585650153,0.04369146844016358],
[0.7435522556863349,0.5386589897773834,0.15866860162397567,0.03131152217689856],
[0.16745054436893692,0.02658929327697601,0.03446232565581753,0.10441336723811781],
[0.7975090045674342,0.5874144974470074,0.14586925417842433,0.02559252837551636],
[0.8735140691039756,0.6547292388305707,0.3290964077067251,0.04570573815396188],
[0.2914835706428629,0.586275238933324,0.7189324979510685,0.024248143592115082],
[0.38477949992908556,0.04994657604040498,0.4360861923499645,0.03040366574829018],
[0.318963721550089,0.3861277734319517,0.08865997055550512,0.04558701891063503],
[0.005262941046946135,0.061332070617622136,0.2790914013854364,0.10085308113499436],
[0.16920262238620876,0.3462528068345446,0.6925641863367658,0.04444727072031565],
[0.02681912708485401,0.6642074009445166,0.503128985844574,0.034994487106713754],
[0.34394243527067747,0.9325983071552905,0.18300402703761665,0.048322663175923],
[0.8153194677413181,0.878329383944716,0.8589200762982578,0.02843580180371238],
[0.22716392094511906,0.2182976966603516,0.39286888911717543,0.025724425004137397],
[0.8335157544252798,0.28713146949193347,0.14361031973357996,0.028563268759547056],
[0.04392581765117343,0.6229430553378184,0.7137470390223086,0.02867670462218728],
[0.28200228715352105,0.968027589441312,0.18393230383426995,0.06428772788985976],
[0.6843340602486788,0.1220691569979847,0.016762851613583596,0.02714924079140878],
[0.04632716093036604,0.7668045494820894,0.40888164085945466,0.027753428207362634],
[0.3161089698540892,0.8719418970468396,0.8258458340301237,0.04081545791160904],
[0.046947163301309325,0.3588663930330479,0.6806015772015904,0.0407255775072457],
[0.30194122373715193,0.9768525758240317,0.8363410620337159,0.06345649744707432],
[0.04925458221366297,0.6455611946424729,0.6950833887739416,0.05713297061924419],
[0.27866508082393526,0.27813315655029613,0.03814839340627452,0.04565423789614889],
[0.5875128866167058,0.42025090824686906,0.8969259994178137,0.022756900581338276],
[0.2286487316850293,0.32075655825268334,0.15879936540680473,0.03490351900634009],
[0.753314231577668,0.21290173059440398,0.11741516842575561,0.041633489902042034],
[0.12363419421819921,0.9254810735582831,0.6187451984325881,0.038791228415498535],
[0.6390433646936292,0.3436389343932784,0.6254445947738939,0.042618922654459865],
[0.668428309754656,0.14070750498645945,0.33253327540491384,0.024856159639673272],
[0.7104274882653979,0.37576138951137916,0.7924763684337871,0.042120342191089205],
[0.5193444012936824,0.6078160529014699,0.8908033311231731,0.024746620084179678],
[0.374782765920616,0.9885288058492944,0.26418218202824184,0.0585510807211843],
[0.2376915206638347,0.31563747503362516,0.9251417529366112,0.07732063820899464],
[0.7840919906203022,0.7776488312067701,0.305210112189763,0.03594492652966971],
[0.9374536845354757,0.2228331259184516,0.28314176663721957,0.03825397859598233],
[0.10746871810229641,0.13539307077997298,0.3571215921060765,0.025961725008184545],
[0.14272670025721146,0.4178604638886818,0.6116837119972619,0.022735838382662656],
[0.8640040583183856,0.5933486246674529,0.9830447931770719,0.04427898540203051],
[0.2456351398039458,0.6282115177234052,0.6071822785100881,0.0237614711020032],
[0.27368712746629853,0.6801846982858368,0.6770551726745271,0.08413036794294379],
[0.3220218003440406,0.8717185955677447,0.2555295721102525,0.02639799406686776],
[0.8321867983639546,0.99680054115017,0.8775812174545665,0.03878460983202875],
[0.7287195326152974,0.022412457210504777,0.15666933405586225,0.032595485425222476],
[0.2545837235957934,0.11765340589536732,0.5311547159623138,0.024614437102880787],
[0.2636062813578042,0.9465814203718104,0.25865494894196894,0.03150364739372394],
[0.8427914887091795,0.39146548679568105,0.6375806900483908,0.025802191807291843],
[0.17417149322466197,0.6675002381309264,0.7591649280862818,0.08620885961895676],
[0.2233305231318894,0.37864767634031193,0.6658568688925459,0.02429240339216059],
[0.8303005654834285,0.7419037145556453,0.372151080509178,0.030024694034974788],
[0.896106100680507,0.5198834154866716,0.13334576982147273,0.03625034937568794],
[0.1281118472867081,0.32616051571699556,0.35225589193733187,0.05279929167925779],
[0.19670691930474515,0.4907831509371966,0.20903073666479666,0.025505614950825862],
[0.38275878703337585,0.3424342760327841,0.48924714241714795,0.026433294406479017],
[0.45475931571539685,0.08753767307568183,0.33464336798287764,0.024590299230629654],
[0.2137187253895496,0.5087697196413709,0.24786393225429681,0.023040749155904223],
[0.48985813479024465,0.5417745470123996,0.8984420881504983,0.029624316614363325],
[0.9388383554502492,0.6206755245000726,0.10236772254928916,0.03703423172763419],
[0.4998029591395209,0.6886570704285163,0.33499149837549846,0.024648651104276453],
[0.6393692892902083,0.6394327046523453,0.5264219893282895,0.030235096964437002],
[0.8068303145093819,0.2736525897519173,0.13532480340316477,0.04119140649251399],
[0.7171980986129906,0.12422745759127862,0.8225901257170256,0.10148337666450846],
[0.10560784915595411,0.4389249082068214,0.004590348783541365,0.029244946028426384],
[0.18398510021773673,0.3740721159282243,0.23152547957908276,0.042659778889191716],
[0.9737677359703771,0.15846828545879743,0.14885381007187481,0.06560324361389436],
[0.6902829716880271,0.18936788152464212,0.5951490647574618,0.03300471447455666],
[0.664453675861563,0.47617547161986684,0.9694774390200516,0.028463972311236544],
[0.3158472557494908,0.3842366851077642,0.8491134127603769,0.034377293396283745],
[0.2842046878448309,0.004583119325069052,0.6355408207847277,0.04232029420098793],
[0.6044687153769988,0.8151408048375416,0.8182735699115746,0.0317948009701156],
[0.740572389123692,0.04743999194217907,0.5473372092222006,0.024562878262574094],
[0.6552921511689053,0.48468919553778056,0.6585182988254855,0.025172108869927778],
[0.16261988296268137,0.007509802856677461,0.45765006533710717,0.03154193693368752],
[0.2623408220687701,0.5763540010597263,0.06256779671456736,0.02539995237582814],
[0.14139803455841893,0.35382550207277086,0.18380979503215567,0.04031243580743141],
[0.4790276532759148,0.6379492790442347,0.6562459306704169,0.026561999658306325],
[0.9536872994440582,0.7092321863912463,0.8369020987552747,0.10752916316745684],
[0.012928386022547755,0.14701422287005983,0.16065871056438008,0.025023079633970557],
[0.4851755762120967,0.6629309809144276,0.707937987072388,0.02323825112548628],
[0.2407251425932816,0.3729428923378688,0.20839771720778144,0.03914766535296703],
[0.8626647454773018,0.5319308030380371,0.6338676480243384,0.029079389578236182],
[0.9258455862115785,0.2289337764309528,0.08133090576715807,0.06072317491910677],
[0.707656678374947,0.8103094210807948,0.22849177413340027,0.0697474837137796],
[0.5472311738914298,0.8171704089179838,0.3306695684893103,0.02493954905115778],
[0.40242587815633324,0.3103179960540082,0.7466133766847315,0.03475739031435622],
[0.08881579803858797,0.402753596090633,0.006307353678534744,0.029385830751622096],
[0.4321620381394373,0.7311386725157213,0.17287344134741167,0.031811417862597266],
[0.9178004913310367,0.07775614828684552,0.33134919314478184,0.07123156424214418],
[0.3280372558125343,0.6022443057860206,0.6750415938297742,0.029393513506613993],
[0.1516497172650051,0.6664757054837473,0.6160355513842112,0.030012634838853105],
[0.8322655417371422,0.7129749613900735,0.34472938014317756,0.0600517516507922],
[0.11889240204688822,0.7233462631779625,0.3221625819768419,0.0695678021722699],
[0.24297854465824842,0.34359859780635094,0.6929125994201735,0.048469156083663506],
[0.6116547835984103,0.5994986135892139,0.7185489232929443,0.04946963375689584],
[0.9984996890565394,0.02804592418676577,0.6932439842288496,0.09998628237412822],
[0.990200829666509,0.6528480519318504,0.5307977013788521,0.03263702919919535],
[0.5813124068181723,0.9994575417643119,0.03513686691641804,0.04659957493467484],
[0.7608581349692095,0.006257170933329115,0.40607778737058486,0.02672470570687208],
[0.8798570863708577,0.9135028681361829,0.9612468571487677,0.07187802679508655],
[0.44330032680989495,0.48523413934476334,0.743415079563961,0.02286167279977312],
[0.3814538130608349,0.24754582775237566,0.06138149407668225,0.029056046187116182],
[0.3373326066953547,0.03156618260625621,0.1672376723008353,0.05386350114444277],
[0.385853631898182,0.3127576836128537,0.28304836988524684,0.03371981406614388],
[0.3671854520814566,0.8596780869064158,0.9440771234427261,0.02482100621229109],
[0.40314315428921,0.04827577386616,0.39939261102608214,0.02973198271301816],
[0.33236651824737673,0.6619897356618957,0.9984663577060706,0.06605481872478197],
[0.03287824519500859,0.7289382848339302,0.7931538201951359,0.11800484241797413],
[0.3514146611647212,0.8064460637710341,0.3748888971105203,0.029536535913402894],
[0.6371130239911694,0.057914180651234326,0.8543502493468621,0.034462713202180695],
[0.1534145724656889,0.7760185705134792,0.9042821262546696,0.1651990132317384],
[0.5272962801494588,0.7151274545332977,0.9440767711148833,0.025299573732256563],
[0.5948444974530451,0.9418011072895114,0.27310832454216216,0.03640603194673972],
[0.6978199611902928,0.3273265118713943,0.4422083488536287,0.02614579176582228],
[0.9966583585349592,0.3869246524014356,0.10444889766193544,0.03980396333831837],
[0.9110760592010947,0.6140344724768622,0.13232190137288047,0.029765030795858207],
[0.675902953452405,0.05245824825621981,0.09615711260731741,0.02995530969313377],
[0.7344061058088924,0.030378528865474097,0.4353112810835178,0.03278243111519606],
[0.12216068151803205,0.436117576178467,0.23980513546948734,0.02824848546163929],
[0.8112910118132932,0.06007892721905095,0.5509841314761558,0.02637752644792209],
[0.0352995280130427,0.5083991016426725,0.12529093474668807,0.034903114167203736],
[0.569325375005957,0.1820298327582438,0.26744915165288385,0.027995407381331956],
[0.995301208771098,0.22890160936277804,0.21265214797369691,0.050069282141826404],
[0.5760313968109172,0.771368405690202,0.44231763257564216,0.025784943705831714],
[0.7922575847035377,0.40225411342161954,0.42854494277448674,0.025315650314262358],
[0.1562335205673807,0.16771601393686097,0.3666931647089745,0.024999061224907273],
[0.8270902479177815,0.32194276693609125,0.3843677968717145,0.03213017741906045],
[0.08926441368366578,0.3602785383443913,0.8731768844751443,0.030309860307639474],
[0.2873271490320215,0.0504696448674421,0.6523064511161926,0.05978888336715869],
[0.8622435107234648,0.22641159970464442,0.5221430551914815,0.02573777022306205],
[0.635828284165118,0.15475134532434887,0.9555616624523662,0.04059583855384344],
[0.3147925608339326,0.3516830201373742,0.24316465305067791,0.03922970397056598],
[0.8407327389918579,0.8319790219306827,0.8584412572466893,0.043559360782471135],
[0.6736329959325514,0.11638703932385508,0.21215966342970405,0.02548194282371413],
[0.25213315943160186,0.14188009993015727,0.03240031974016522,0.031555015176216866],
[0.08179521857111927,0.38583619694859617,0.3289242734695187,0.02712204969358643],
[0.2599462899098097,0.26482658172076934,0.40761056172206656,0.027552420591077393],
[0.8412429061445387,0.24072235566322786,0.20806421148949006,0.0253217138989834],
[0.47644999429666146,0.44702290407605605,0.9467299935732351,0.025752300774537478],
[0.4610980573541107,0.5148216386122407,0.3578904511824442,0.025019599231829486],
[0.15041944122873585,0.7796018444507679,0.5658670923833564,0.023410290419778133],
[0.5293956143888002,0.7405434201396207,0.3566854498333095,0.02604133822228948],
[0.11151035783659169,0.007191473333410414,0.5669499647242436,0.027791954718693262],
[0.5597593571431155,0.03870639874754367,0.43014301835188784,0.028389374188114654],
[0.7147242131580258,0.33308317169868495,0.029983331206939523,0.03141538816544809],
[0.5423274472136232,0.33316569008284547,0.3833065167942573,0.022926890080161803],
[0.4765855515368226,0.6593509910584611,0.6012421300620864,0.026816450883963092],
[0.23985731205747085,0.024231579846845985,0.16532493692998163,0.055336490947335074],
[0.4657117798719538,0.46477432327380386,0.510940911982416,0.024841872423822752],
[0.8581464259440609,0.2561457665085365,0.5736247579390382,0.03471717874072322],
[0.685082100037684,0.3884616375213158,0.3861304279712471,0.0499140013688687],
[0.9380000298244856,0.1673737099696314,0.3424913150313821,0.06858021018335538],
[0.6943446239910622,0.30862201006373924,0.7757333739650724,0.08867506844738374],
[0.6925229856455228,0.6731941840871889,0.7331134405683717,0.02482247919649982],
[0.24578728672182137,0.9070655314556076,0.6647578676463074,0.027806728031206655],
[0.7379478280905654,0.32808160020074495,0.5932651975955419,0.02535368026280867],
[0.7559964821404844,0.9939155568512439,0.3653132400788307,0.05062680766361273],
[0.7916384544704582,0.9318877571090523,0.30185274193638423,0.02720653805408468],
[0.6072088211629068,0.11432629940128836,0.971079626464608,0.030659744828565944],
[0.5187681442945289,0.2845855530893363,0.8613771519404122,0.022426791292736812],
[0.17303025047032294,0.4179531859579485,0.8565699781193055,0.023053948708511286],
[0.615501345133153,0.9067681631102645,0.9891456530954618,0.04296819842981789],
[0.9294825035773183,0.7905228059340432,0.6691845792645007,0.030392117063526392],
[0.5830118367505752,0.0005785745526776243,0.3001087560650091,0.04011422331022038],
[0.5430400438429458,0.9974290196541403,0.42628102075172813,0.028759437438175727],
[0.1089904201494144,0.3790841535027808,0.06127880246968087,0.03445181929770602],
[0.8001476331342956,0.9156876737666247,0.8770485688506011,0.03077408112195919],
[0.5571545331770581,0.8330808194525332,0.9559428587168374,0.033100468899969815],
[0.49102866685426705,0.3030943030482218,0.8376445215592099,0.027058056463158547],
[0.4093116446595365,0.4004301255542121,0.9734178990427118,0.0266446509969635],
[0.35752744559118577,0.3377778190337988,0.7440692996443448,0.051289986711247834],
[0.7621685887435219,0.6724404943121047,0.8012415498101783,0.02727834230743636],
[0.4086643744347399,0.7347150730150604,0.13206418762307048,0.024015194934114314],
[0.9906863406772359,0.7797318156593133,0.4875139622245772,0.032170584027814295],
[0.358285597669451,0.8834349886012203,0.12692922405001938,0.025946857026769573],
[0.982315946030544,0.39579894856514597,0.9947016364880038,0.04111325494489451],
[0.21261799846951623,0.9943762332848075,0.36222534769585246,0.04682815202088478],
[0.3992312082899704,0.7498296441047948,0.9409470992620302,0.03300361182745831],
[0.9564439549150477,0.2271867863189344,0.5248892180639376,0.02377035166203197],
[0.5345126527115291,0.45712031444109036,0.2901931333586706,0.03208707915103466],
[0.6058778832980579,0.24152574048595232,0.7827015930266493,0.022730284621639386],
[0.3719091244295817,0.07705219886995707,0.5493079044342423,0.02859254344601995],
[0.5041601070861105,0.9971882055944346,0.021991588886961178,0.041666236135925544],
[0.827779270193022,0.4582321102631969,0.7636553462874602,0.02676412024855154],
[0.5068571254256331,0.9572597240073886,0.9820521790089273,0.02259448609312748],
[0.6883212959805712,0.039809897226528834,0.3492741155698905,0.042056822925341936],
[0.7283181882652434,0.9308124085729559,0.45468238120762394,0.0283307259679216],
[0.353722000536254,0.10211121475611462,0.14284987761862178,0.044859904924400285],
[0.7578850201591795,0.9054804630514308,0.404550845159535,0.025185626341779222],
[0.36710996050842915,0.06366448768263755,0.08068421125144343,0.049295275647705875],
[0.6972143002913069,0.29435292235698884,0.3970208769175356,0.023316759943108657],
[0.22908482037892386,0.03862990892702434,0.3937005957412728,0.026002194166472415],
[0.3784740963115526,0.9954448741036723,0.7003326836993718,0.0450429421816477],
[0.37847390722152296,0.21116699615079704,0.5623822764348347,0.0385729719673721],
[0.7364380160993778,0.4415611350877071,0.3165871156398743,0.024426559323265953],
[0.6042143275023452,0.7648608145195335,0.39141573360650717,0.028408086150289325],
[0.28694076234393195,0.22128590091459688,0.3783644498996468,0.03880213284280941],
[0.4467914970125165,0.474459340191964,0.1355418880803364,0.024199750126535784],
[0.48376657556291724,0.9369149599849803,0.5067695994138323,0.023015397744012813],
[0.5750691565902104,0.9520000565540259,0.6108631733621125,0.0356700677791735],
[0.9399737880349701,0.3780808984562145,0.04419880306656432,0.03830374303892141],
[0.7641700993467305,0.5593716331377702,0.1469577969184156,0.03287414219578082],
[0.6578593885596983,0.9673735306745026,0.8729653807798962,0.03490615944259326],
[0.38787187294741343,0.9451570689451204,0.8558587803458414,0.022532201283811285],
[0.594298769505034,0.3586130083492902,0.4045830189013647,0.02809646543591655],
[0.37561784768311723,0.1065272518433843,0.5571905781185983,0.03413511819983027],
[0.7720042382629351,0.8576382157332376,0.2939502442470835,0.04519979212064501],
[0.6107696572179884,0.7840560582554283,0.7876075610984603,0.04216488904628124],
[0.39013404139394736,0.37847375713267706,0.9754405721414235,0.03622526287677637],
[0.13349685472534012,0.6126159008610498,0.26783134179222223,0.02590898175916596],
[0.1797155076001059,0.4826350324874933,0.7571076684260365,0.02335742193902651],
[0.6099691001987635,0.09448894917040807,0.10776670258170562,0.03562551901582235],
[0.7679771518979176,0.19908971684467103,0.5290614508340872,0.026784391002718674],
[0.04935298726736437,0.25393978785593874,0.0025649235970623963,0.09537839469787844],
[0.6271785973237957,0.8854780755294868,0.3979453090169268,0.029419514964787275],
[0.30609390542026604,0.5410879555844064,0.8781044145555855,0.02799865314266709],
[0.2267014987227961,0.6005077664325652,0.8508080692664585,0.04006309504047942],
[0.8772178159160652,0.02310281458814356,0.6391360062590893,0.05152874732949059],
[0.17150758268721966,0.6133124706280563,0.014012687047280425,0.04509770555826713],
[0.6328641556070815,0.9334898800137824,0.8915421895248579,0.0267706236181155],
[0.659334440372881,0.9124704856798167,0.37731001136435594,0.026058793465484755],
[0.9039857383657717,0.34634224469143793,0.14425949258375637,0.03395561933834597],
[0.6369408102499947,0.9817993450649994,0.7278472542106544,0.056597780165203435],
[0.5097139220948146,0.6111098259152727,0.1182536043462924,0.030237448447242233],
[0.7689623859688318,0.9684461785896468,0.3144937805105007,0.04017838203992255],
[0.900083759281563,0.015317505599503178,0.39083193166397234,0.03977809919673925],
[0.6368863904510123,0.14495143283789902,0.9067101290367627,0.043791482238344184],
[0.7929250080473175,0.39218657514955335,0.007643165445090916,0.023865863054651545],
[0.0747126947499065,0.7977675532616835,0.6985620097373431,0.0875392276407778],
[0.33732218302121364,0.9748233988003847,0.590169747321933,0.02700874997095812],
[0.7258153732901534,0.8179051444739739,0.5546885332228384,0.022495308257890746],
[0.7436448243840263,0.9900108172976114,0.7877184965109167,0.09851922189748472],
[0.27739311247194365,0.8190388723985483,0.6541357054304258,0.024746089572305594],
[0.4668919295477021,0.07737156811509638,0.8238907216429616,0.025428506602041667],
[0.9282367625604157,0.7838980464816441,0.39236571580100776,0.022927550234478542],
[0.746870272752089,0.6839420966127149,0.10499346087713246,0.07854381092173247],
[0.19754550564417706,0.23838158375562968,0.04485547507562282,0.029285346222680305],
[0.7783913712065285,0.450139000749019,0.3622946631146702,0.02807062865523476],
[0.387758573679699,0.07574603262496893,0.19638268970918282,0.03614608702822955],
[0.22571347167984168,0.38115399494868274,0.5313588419237565,0.026374928721456966],
[0.8039118082006989,0.9397003163493862,0.3361579526774432,0.026095013770667846],
[0.15361616793010635,0.8996355210648129,0.3543626489140276,0.03649279466836888],
[0.12630267114494598,0.6840308091456351,0.2545319269280203,0.08589485597952252],
[0.23159603334008183,0.24324912594882064,0.6324367972962167,0.05678658936351905],
[0.3257782240603213,0.5216271097749093,0.04923777169656596,0.022539051906710576],
[0.07879718605618835,0.28136400321315,0.6548833529915074,0.05471926264772253],
[0.9865605548014703,0.1881110479193533,0.5675916209086448,0.025435476599837307],
[0.14435365681453027,0.04016414080855901,0.18559448782330934,0.025934327803024033],
[0.6275490066829476,0.8744556253718188,0.9488505888666128,0.06489564513971763],
[0.1772154159547472,0.07832088731302989,0.3660454143654709,0.03839365563004786],
[0.824142765394309,0.6315010153390017,0.08884456655446471,0.0403141377417882],
[0.7761723921476885,0.9163949374157115,0.6536885235940095,0.031788751432640164],
[0.3377688481454124,0.5041095609325443,0.06316889240449819,0.024339625889834484],
[0.46522347132873587,0.9928540747447312,0.3259274290350883,0.03199021684749673],
[0.29908417796500497,0.6037118972963122,0.32941580305421725,0.05373322121375443],
[0.550349981900566,0.44116309302739243,0.8325768198434137,0.025577658770227416],
[0.9581808020809316,0.6558329025662335,0.01914389520237203,0.07057365774256702],
[0.14820029707152738,0.10893792268558988,0.39743456984061964,0.02934220032112737],
[0.2549539312441862,0.5516655301294364,0.6552210691137083,0.04107040689460961],
[0.48052479006478344,0.24582001530218967,0.6628481170184743,0.027607389267645232],
[0.8171132011518684,0.5913391913985012,0.9755936110175666,0.043622150194546544],
[0.7165725393336281,0.9702320771219823,0.2950038752090387,0.09096691561779313],
[0.6009481895313862,0.0794145589070332,0.07169134542033295,0.03247345136075454],
[0.17842727041019435,0.6985344619136606,0.6543226563164996,0.07899275479341714],
[0.1757790869441992,0.4563310820765706,0.7532698390823572,0.024961774431786526],
[0.7880487721890862,0.5912520226756178,0.004688891994144906,0.02376751258778183],
[0.5449501521076946,0.3610170641867888,0.3699462919170974,0.02623424603356111],
[0.7581244185664411,0.7998389869029523,0.17948055996752743,0.13566842577257365],
[0.8535774807284163,0.3527005537639538,0.6248971074184657,0.030260695505697283],
[0.19250616753705863,0.9903117429315696,0.6296616407333632,0.037469810784613186],
[0.7550599542744624,0.28161912356004115,0.1776511813458148,0.02593361346967628],
[0.9109564353751919,0.5092467783985228,0.4176182444153054,0.02717935623471447],
[0.3876056149888656,0.3703511379058405,0.6345008899216601,0.032839875128196694],
[0.8122557236943092,0.29312354288637166,0.08575608831222803,0.03368227181169686],
[0.9498595481286105,0.6101687570642895,0.5850543689794822,0.0258798184854836],
[0.4408650561740136,0.04841734835224265,0.24089680682676118,0.047852495502185774],
[0.7859903126719291,0.6402503375670114,0.7939460475996136,0.034784749205963666],
[0.3886029946092393,0.7453562113338185,0.4155921734388759,0.025454315239004714],
[0.3085421196700856,0.9631786870045489,0.9369134047829665,0.08254495958285375],
[0.4688136798887097,0.4837107691630903,0.4926888166514952,0.028864292196836946],
[0.3904282856438652,0.04583717636267004,0.4966386713895993,0.0351448587178354],
[0.5726448630011357,0.9540293675330912,0.7890229304231234,0.03127171730617584],
[0.5513815709370944,0.7922547458638823,0.7060999379180358,0.026546642589411164],
[0.35498046112709003,0.8340306594233373,0.14818086976974032,0.058830395228234036],
[0.5935548416763753,0.7075480089808719,0.7753249575208562,0.030193629811550635],
[0.2879297749475751,0.5419117937137303,0.6316010949157934,0.02299279947235963],
[0.24666225883776915,0.3866422398613013,0.4238064804294146,0.031534762565011254],
[0.8460912564378016,0.011580334918076307,0.038257889646590826,0.06601136073367872],
[0.34448186396639946,0.9726026376616609,0.6772918463807176,0.05109715778561069],
[0.24209010592868796,0.6434261262788298,0.5069937494766377,0.03823097691358557],
[0.644527518148025,0.028384416315841876,0.18246764673512295,0.02256947114078502],
[0.5880384611873184,0.5529927766224819,0.6822898332293295,0.030797796741678023],
[0.6548876967826535,0.2706294587985617,0.867381808517651,0.055855743459305704],
[0.5247419094876313,0.9005753719972693,0.24381778605540416,0.026252906217264085],
[0.9977174121846785,0.23267777503482978,0.6312650246413511,0.08233878071175117],
[0.45767728520912954,0.566222395887205,0.09797679960512273,0.02493749897047515],
[0.7699282869701851,0.3731657654584384,0.4019957841972035,0.027192351956362566],
[0.874592753891366,0.6455027928008967,0.7661968297181456,0.057570907018637055],
[0.35279998362819087,0.6373832625758992,0.7648039640545246,0.04219102251615692],
[0.34881300168289675,0.99571559879083,0.0737511753879796,0.057646000571499614],
[0.3664179969936655,0.2068236756711399,0.6746270190948845,0.030592998857781824],
[0.0005417500974930212,0.14511275443079286,0.01084339298010406,0.12117962758871811],
[0.1871276418408614,0.05285883053146323,0.1616361397696202,0.029302701780865584],
[0.43151163454850017,0.9932812145710952,0.9364730285435515,0.033876000323727964],
[0.995125723559622,0.6588041536735267,0.3679725171222368,0.05575042587351717],
[0.3044675370945963,0.695200966596308,0.24295364901866368,0.08528524220107762],
[0.6658166871914243,7.26257059888713e-05,0.32503442227291224,0.061061158294105994],
[0.7421165162198048,0.9267430402208395,0.37844604214204847,0.03752645906988945],
[0.30204572831647514,0.3225482501582667,0.1674185914697618,0.026804584830472166],
[0.16986134999288927,0.9413540460258704,0.6397757338511755,0.03427741948331445],
[0.34264185464146035,0.042824536776174926,0.3682573364733722,0.044746070551820394],
[0.35061019613985855,0.9580918802807726,0.6205015207688414,0.03156315278655519],
[0.8226384909417044,0.01884919276160546,0.10185096845293462,0.04209079081814497],
[0.5455729967586883,0.8406489556221917,0.4529437402123514,0.024911689826969157],
[0.2999499592089535,0.9824929742070959,0.6357705307070146,0.04890301303249829],
[0.14136604400907216,0.6538885673900736,0.3599503489980683,0.04511361013159322],
[0.7665905899190435,0.7963194987965514,0.8531875016689311,0.09363240194728842],
[0.19458101946878226,0.01390044389820777,0.36115076692162484,0.030758934281052804],
[0.0574603310074735,0.6987455386030962,0.6670893187488319,0.07174896733943717],
[0.2876074031564724,0.9302242570227347,0.580730193140209,0.03043987580935743],
[0.35967791089989964,0.25511294376629756,0.7771094612846335,0.03700240199038203],
[0.7059963026829265,0.4008985033064768,0.10321579263751002,0.028799302100745727],
[0.9262172013917719,0.30333797390622497,0.41953913823074596,0.029047625139928746],
[0.3565452813861568,0.20217834438418902,0.004333735447342724,0.03899302417108229],
[0.4072293166709712,0.8412752004414871,0.794684169793062,0.03332400125862456],
[0.19705743795120256,0.06377901513759177,0.4541933256161381,0.028081858691285145],
[0.4181076794706191,0.16004020483465609,0.08365670200895137,0.028655115975640983],
[0.10508387278040987,0.6072668628652006,0.8311618239748632,0.02739698732332654],
[0.170749271695796,0.5320914601723693,0.3804311251253447,0.02818440696368907],
[0.3199509759333993,0.32994380984251803,0.6185814761755298,0.03353135549219283],
[0.1378995173933668,0.30253720164535913,0.7169970502371934,0.09962926548246884],
[0.9998619630208917,0.40550185131596483,0.6162044209466807,0.052840753770379945],
[0.9922599264039013,0.6399775842082939,0.7011935208584709,0.04812761235763799],
[0.19584180255976247,0.29823445973576546,0.02163405591690848,0.07495669202916981],
[0.5986789472227925,0.743358214546018,0.6538971388520497,0.03082180925471267],
[0.04793424295474569,0.39013072264180737,0.8682180668090211,0.02394920926738404],
[0.16138299358310015,0.18170368038543072,0.44902867637709953,0.023264221272721253],
[0.9184629376420173,0.6029374930383706,0.2732351538645251,0.03540752749226196],
[0.42750265798724296,0.5193069781308801,0.08632383684069767,0.028372487922739425],
[0.1107081129231885,0.6318063411167701,0.1093220235102551,0.023721845413990795],
[0.6652991657968246,0.023585303043534345,0.6168662588590366,0.023348088916676144],
[0.2592623226344014,0.5034817870320208,0.33630975011201014,0.025463983020822586],
[0.33385745556086577,0.08704986331556985,0.00726336815153783,0.08452101637973806],
[0.6267061896391006,0.3589887795439125,0.322834421509851,0.0384018545783846],
[0.09125313632979748,0.19951368401650482,0.08751809416887657,0.03570633777242663],
[0.9178042145995569,0.9914995074708928,0.7268134713072001,0.040167131029242395],
[0.39926307446939213,0.11262954566443828,0.31854458617641646,0.04758091142038637],
[0.8392631268868982,0.5144818177612916,0.6160845086827056,0.029585522922960416],
[0.8269122144107973,0.3690431429216924,0.02267307702317778,0.03770650606134217],
[0.7899562364054852,0.6300883337050305,0.7121962242813437,0.03196404667158312],
[0.7858152666141995,0.609013884296927,0.12820569775924462,0.02955814554780389],
[0.19819114473719812,0.6450040311652602,0.38585839105331765,0.024688682198655134],
[0.12159156717681052,0.6561532660594243,0.5642404236466835,0.026318529389882144],
[0.3710494692800612,0.3377710781831582,0.8998138279767469,0.0450690056892165],
[0.8040207821444912,0.9840331671470074,0.33524763797913704,0.024274770240044253],
[0.40107206635474013,0.8391671409645144,0.7310774044095154,0.03402912337925271],
[0.05952254612587471,0.39621662600640084,0.911756379343213,0.03268406241480047],
[0.7004553393486738,0.5127751083470818,0.008948955887994048,0.02281494836200521],
[0.8546704694383519,0.48945939920610404,0.3387069922185837,0.03052568862803066],
[0.18592137769423056,0.38440986793642984,9.725824868744848e-05,0.023567005322077086],
[0.023291834233147957,0.45816556815218135,0.463325350341826,0.02529886101140331],
[0.002696441290866547,0.5912778167902574,0.21583490741751565,0.02964567400630316],
[0.16890462683110663,0.6156228762650432,0.297522937400053,0.023639700357064527],
[0.7047195275147997,0.595791204396891,0.2716814413663642,0.023136608529781836],
[0.20698798626568193,0.5332107052887514,0.35665561307632054,0.030509744666734343],
[0.878778894687184,0.9869972183887312,0.8358420479235262,0.024480212424811885],
[0.6287597375858287,0.2952180842123313,0.9564898983425163,0.030071390720554297],
[0.37751842134742564,0.7737673732977155,0.22197541601229664,0.06158903052332865],
[0.2845129998012327,0.22124958953874352,0.009698265685349372,0.038587641647910426],
[0.19896320894323472,0.6066856765317813,0.3536092513548533,0.0419142077660149],
[0.6338546236735373,0.6997673189851027,0.7670863240540752,0.033872772628065026],
[0.725854630966836,0.5764908608356678,0.9281252723151062,0.02651212059128066],
[0.20916474197517276,0.5439165054321465,0.09705406165617592,0.029207649958529456],
[0.8332858650829434,0.0030203552933359967,0.19278808044333173,0.03284035693048713],
[0.9258993762907254,0.2560230975063664,0.6742580703362502,0.06525184040974827],
[0.29402561715198994,0.012338023716608304,0.20169671738481465,0.054913982538800934],
[0.3675179884433952,0.8842886851939317,0.5108922110379586,0.027257968531203904],
[0.9081373636857664,0.34798531658166565,0.6251862692260808,0.023751583128361075],
[0.30514519449495503,0.8815291999602237,0.330708834079367,0.040888968607219356],
[0.13770794537929631,0.9874173621412249,0.4300284494038391,0.02689255022852836],
[0.021264411071255318,0.4956374663622991,0.3120524965538788,0.02330507690889361],
[0.7296081223025237,0.8849035835955926,0.9934940535723706,0.11294279484087102],
[0.8889798517924526,0.45054723869194246,0.4560860400913769,0.02266394364362707],
[0.21261033020639497,0.5935760716038734,0.8007249520440153,0.034713161923608085],
[0.39409239197520474,0.3160666873391751,0.8162055717027481,0.046477709640442205],
[0.9963684190825615,0.8990669539781123,0.6521312932709973,0.03432758276596619],
[0.43105105359805285,0.1878091791530906,0.7969270368220968,0.023973117473183893],
[0.00031292258782655846,0.05842549848543588,0.4942982845955721,0.03813513903867882],
[0.3026000825597286,0.846126830216394,0.3789025363905635,0.038550729529861286],
[0.8131310764995018,0.5938092862145791,0.7888981776833462,0.030712681890879816],
[0.47680097294495283,0.6376016407391623,0.3069223722415666,0.02254789064973804],
[0.02323894549536465,0.3616151036423614,0.14453809658948213,0.029559547061186218],
[0.6541925806542637,0.39240598555321216,0.179446707690325,0.041328509109227404],
[0.6158076395157985,0.15774626500519207,0.6421732902055497,0.032859549346617625],
[0.41884441246296233,0.25985829683320405,0.19392806372576044,0.02732903904706423],
[0.25402310751531154,0.2866024709772522,0.7103759020689846,0.09974749886099674],
[0.013388514258478201,0.994863000574589,0.39375734211582114,0.054746370467370686],
[0.808284519784306,0.684943446275885,0.6081786743928111,0.04007435156712434],
[0.37645402120485494,0.6991956964885754,0.15649488345084983,0.042434525726352784],
[0.6319445246209587,0.38952191491260824,0.09414231109060933,0.02605410503660543],
[0.45010944616672643,0.9514409980543329,0.03745506922714337,0.0288279707033362],
[0.37724793565400905,0.237310169373652,0.8176914900928571,0.03210766434031041],
[0.06976177074863066,0.6077102368815059,0.8137471889215985,0.03176211638350457],
[0.7241353120694262,0.8455978010334051,0.6928319532068886,0.04732470198372142],
[0.6253248976387173,0.6689973736200733,0.9661484419191761,0.04077044637254226],
[0.47695821501145985,0.42110253443044,0.5225754887874772,0.031009371494098655],
[0.738648136920403,0.9796290115753653,0.6849240645331913,0.08470838682248481],
[0.6082667906493864,0.6747817693150684,0.15060387229096317,0.039464771602887305],
[0.757593536785757,0.38751062559200167,0.23140228502577387,0.02338357282369415],
[0.6692794359141672,0.3305906001055897,0.3250825331722311,0.027035792647491414],
[0.33740018333819755,0.1899298595621498,0.7119669618793486,0.06348317903522563],
[0.2826638954613583,0.37683207698622356,0.6158347564253805,0.02842792466141514],
[0.5778010289637672,0.798705133796346,0.42157740858882586,0.02565808647331638],
[0.4305829687041397,0.022721936036549373,0.4970574451166655,0.024789739040574032],
[0.3004142372505785,0.32250646203865996,0.34274063282140954,0.05648882314036634],
[0.039373260806918164,0.8193379319746091,0.4000888100806249,0.02797329733823847],
[0.31819973228658105,0.5392275001424651,0.29086794069379673,0.024398337354610545],
[0.5593164277549953,0.5521007537296924,0.7070426684496672,0.03099408106685284],
[0.6887505657715838,0.01484000925792961,0.02647710633786393,0.0671561217121963],
[0.24887643370209112,0.21415743789055008,0.337796173139154,0.02980374492915944],
[0.6257505519441161,0.15313033006064025,0.022546369634170005,0.0282643247981658],
[0.052221834739502815,0.25067356818354336,0.10475827512764924,0.024867688245472978],
[0.1944597704905887,0.35057267935176706,0.15052115850544578,0.033334932685209054],
[0.35854565581558306,0.7716624987339911,0.8978600212743556,0.03699175859711684],
[0.8009347107076203,0.0483412264693005,0.450440160954216,0.02433297437501287],
[0.4738821844365734,0.48745731249666213,0.009824505231223024,0.0251705699994494],
[0.23580243224849995,0.5996657799945632,0.3138151927870181,0.040083174476298],
[0.6095526850017472,0.3748906380560464,0.6499190463555116,0.025920793997018254],
[0.4714494026205146,0.5112764539445632,0.23323946464240952,0.02652632719663923],
[0.7623810091862903,0.22149767514397856,0.21472941397657175,0.06281372711271883],
[0.6051823410963961,0.6431730269121677,0.6543479450309299,0.023579037726009947],
[0.8060138134426608,0.8762228984644431,0.7844089684230402,0.02818052085723703],
[0.5471649398459606,0.7039743362761978,0.526710419564347,0.025597694807569005],
[0.7986253228075713,0.11563349066840634,0.011795645668258747,0.03394618308065146],
[0.9089076754924721,0.81260706342137,0.2974092627864977,0.03924847166248084],
[0.28778274558252925,0.5917766318838595,0.7592160227640052,0.026122438389881954],
[0.3225952305131312,0.2518161532155436,0.6116479428800294,0.02851295754066929],
[0.9253859684224822,0.7783880043679715,0.6384417440356158,0.029867113333675834],
[0.817803756432198,0.44329900990750437,0.014154488899517204,0.024867041812614187],
[0.25171722866575197,0.6400070155149197,0.5549531989788243,0.04136533804614187],
[0.0919010703794586,0.5092730422532763,0.31499146259946387,0.02724079500024124],
[0.3334606936554646,0.5299724602518023,0.9881664199687786,0.022655540128411752],
[0.11984109968262613,0.9900019208286429,0.5844990364565358,0.024896871712159884],
[0.15693987628684924,0.4354129808356251,0.20770286205428223,0.03482684679132446],
[0.865475610698613,0.6261181312644196,0.37062747490751513,0.024141057665484873],
[0.7998684460659861,0.8956729553749557,0.2954475128666376,0.051879729379526146],
[0.3601453331019323,0.9297741056761571,0.10998017574151153,0.03657579024987445],
[0.15612394262027485,0.3106773300903233,0.4843051446228259,0.025391634672258297],
[0.9860088089373633,0.9054524635578666,0.01709451044917587,0.27967666163340105],
[0.3888618371407567,0.20528655140655727,0.06513371130551904,0.02245793495842723],
[0.5222329759747304,0.6593357951348789,0.26576973933005577,0.02466851209486436],
[0.4225163464807318,0.030809817876381596,0.29035490364629724,0.03226393689782578],
[0.4233509744864127,0.7876459415550862,0.7070726819072797,0.024680342045356945],
[0.3800380045952142,0.8582643333313137,0.036237806970697894,0.043945169828256164],
[0.6917125076909555,0.4942729848511648,0.4176022103989596,0.023323238988736245],
[0.16311219351818862,0.353178316980159,0.968819412798665,0.06636103765048303],
[0.04642881029275603,0.7121485189288593,0.28903994481068107,0.10087254496789576],
[0.85114859000127,0.5259851813039065,0.25520830334720224,0.02771131918648798],
[0.9734486149799056,0.24454196766442815,0.4813191117046396,0.03071483864088703],
[0.005561422471657473,0.48633240614568685,0.2767863691846605,0.032019646238460014],
[0.6314759263205879,0.21553705553718794,0.6382010448113805,0.028305297866642095],
[0.8675344697324604,0.8153528541289207,0.5204068973224797,0.025915727648219315],
[0.07588906571243936,0.11666680416859931,0.596579652403454,0.023213455689429615],
[0.9620199576108054,0.042385465812135426,0.471669217151621,0.024291844778141027],
[0.40737898188729516,0.07646821320529607,0.6921178539907666,0.035171754683275436],
[0.5115711519072084,0.009091787886972291,0.9100318654342054,0.034329200664772824],
[0.6167574143261826,0.02718645837956224,0.19236127684631787,0.023772028188293392],
[0.5574794966486204,0.4372114523624395,0.007627439820397819,0.030650190863641288],
[0.6973400569036103,0.44096261209300025,0.04599338586586499,0.025603049321070655],
[0.5180492920153661,0.6250094685313033,0.16575955396032893,0.029700990472394644],
[0.9895843641911903,0.940814106128772,0.4435411944066944,0.033567989976342444],
[0.7606106581348975,0.2323356224695814,0.014769356772384445,0.03634837883429705],
[0.11241231648086403,0.2707622664212136,0.3607796252499743,0.027075943220926577],
[0.357448722250601,0.40299904523039254,0.45302352784888,0.02545771283530043],
[0.36477705222202716,0.8509722775577487,0.41519943410489624,0.04029547853939848],
[0.49133117948906746,0.7044480944205227,0.2983898557181127,0.024024819447564957],
[0.8843502435220648,0.33466181860920063,0.6159419167568284,0.022466692449797137],
[0.8902234409075475,0.48938868350034337,0.6802252280676294,0.024579776670348944],
[0.20805261658371188,0.14582393551565664,0.013352476651403156,0.037932472239728926],
[0.34819410859044875,0.1295164433233872,0.2643332084827098,0.024275102249322496],
[0.4275041783452429,0.005630398590653729,0.7796624821239002,0.02962391073359431],
[0.3805898291400055,0.7440478416022134,0.048330512374325285,0.04129328630560046],
[0.7424776454141317,0.1475431047335578,0.0070488221332637435,0.039756205965440355],
[0.1730847793247795,0.28501404516000284,0.3712687365797761,0.028046662293868044],
[0.33457680342262786,0.27159697437684394,0.21736891250185397,0.023065592730178667],
[0.41021608481824323,0.1689044018588146,0.8149502850359858,0.0298680714511332],
[0.5113199709133273,0.3824021118842308,0.4140232390152576,0.029337939619823897],
[0.2846225029897307,0.5684808554243591,0.4062225984860601,0.026433000487741203],
[0.5182591927151112,0.2976781511039118,0.5366396369101623,0.030317785172754134],
[0.32234658178222797,0.31590979077084136,0.2861034564851943,0.04269180153246485],
[0.386735262772099,0.05365839385987081,0.7218935525147173,0.03263870651180996],
[0.514713854905897,0.03192576191597951,0.45254344994081797,0.02888133653314472],
[0.9473333481781877,0.39438159377196336,0.3944910701562363,0.026942330061694202],
[0.4038966460518302,0.3312557903414437,0.22186614184375109,0.02673106266334158],
[0.9249516655882205,0.8909801141316456,0.4696441157038207,0.02406236882955255],
[0.6284271838325425,0.7883167114484645,0.8769623051228639,0.03490521497312454],
[0.6329872512381708,0.4996019469088627,0.976091826194536,0.029742488027571585],
[0.38875866898255407,0.37149123463445577,0.3250232602772052,0.028189071277718743],
[0.2839463560987997,0.40096119328470026,0.12189481218460685,0.03544936946160386],
[0.9908170737457569,0.24927633198564392,0.12500325087586395,0.0712223008006286],
[0.5955851746749002,0.26202935621522905,0.06130712971251262,0.029573920517512144],
[0.7862318560046487,0.36121688562826215,0.853502883081131,0.027642204779875622],
[0.0012402957972824646,0.5836245549983713,0.07530704738146266,0.033028495235133196],
[0.20173522892220108,0.5197537984351814,0.07958055037324574,0.02492826325681328],
[0.2978821731542044,0.006750922954750993,0.5144099433814532,0.03051781895448431],
[0.9905400913970508,0.12993057648960127,0.23988092758483803,0.058719558326240595],
[0.6815955731516086,0.19848923168841248,0.022947352459414816,0.025753092657633096],
[0.7757546579638099,0.8486982428428582,0.666848566459521,0.02560259774837489],
[0.8947994729315965,0.8475069703191122,0.6317685234978642,0.023814502844460506],
[0.13397514686351764,0.4925467983567491,0.9961840546342604,0.02739775831666619],
[0.6342688358002984,0.034365357812022435,0.16090783776705442,0.032457979684092],
[0.895436822628088,0.14523605622743208,0.5345152109860256,0.03103963251166057],
[0.9839298379289309,0.24924198248139062,0.4327076408837216,0.03514728507652015],
[0.18599483366793046,0.8302370067772358,0.44865372062120146,0.025615908714736697],
[0.7286057494407391,0.12390597135467851,0.5381742171839351,0.025870234196591204],
[0.5102836712199503,0.7469653757164934,0.3003092103868825,0.022614350378746224],
[0.24636635204526902,0.02400534356066575,0.5845964542786815,0.02782106752096911],
[0.6092822115868974,0.38963293859719983,0.07425934427402758,0.023393347193593112],
[0.6869021132258704,0.8527737501296354,0.6549920904060403,0.050107344928315256],
[0.8019773414336899,0.11117772281766092,0.14396384708549692,0.02251812972350079],
[0.4875931157084634,0.923242625202332,0.5515162284510856,0.023417916251537784],
[0.6069574906272601,0.6530861726851368,0.8443669216466274,0.03570499287247958],
[0.4596812240875957,0.9920256746520342,0.9645849164677746,0.023523210144523885],
[0.38037274098357887,0.6235282359010044,0.3061806755927836,0.031422610656982194],
[0.8845241131856921,0.9932811761904821,0.7981625311309659,0.02750664109603713],
[0.5801753844556163,0.1915796829218347,0.6054734214855793,0.026739384226822604],
[0.43602580668482205,0.5492024182633932,0.4667053236308444,0.02709404740794839],
[0.7456267083427174,0.3811167773858043,0.0714579893993158,0.03359495663139005],
[0.44326541481332205,0.5381949759686858,0.3775377200194775,0.027286413239459333],
[0.5565221577188306,0.7193632584141615,0.5581560012972494,0.029128215768363854],
[0.3380099022792844,0.196749032582495,0.6301327924289324,0.03443542005158361],
[0.22914306804703632,0.11352695222940712,0.40147299922805846,0.029871471943382518],
[0.8134508380146599,0.6167647657688536,0.8317349820224345,0.045440323515533704],
[0.11096949723344185,0.48864875407945607,0.010990999136667456,0.023769679598780045],
[0.8960134848542622,0.396543952135047,0.05269203545899348,0.024286305645704605],
[0.8145609955765658,0.5236248111615406,0.7693449320719188,0.024551724194972795],
[0.5266251967013286,0.9839377121586043,0.3990636326032604,0.03319459177685133],
[0.8247954615687989,0.33924919520418817,0.34438011719926476,0.044190330712893716],
[0.5413729470217065,0.9655384143665156,0.005537941010188452,0.041770545620914756],
[0.6452240399428355,0.9464915483535206,0.16563336068730805,0.06274145578362657],
[0.32541090981464604,0.9316347412428674,0.543298031062532,0.02411218002781181],
[0.3953106460684731,0.5754111271902065,0.3377142504733157,0.025356034428283578],
[0.5977331722092614,0.3727050172979731,0.17043090137519112,0.03172791909113472],
[0.6888710273550573,0.010222974140485563,0.16106646122424428,0.05213962739396323]
