username = nchw73
detector set
algorithm code = VD
dimension = 3
self-radius = 0.015
number of detectors = 1000 (from an intended number of 1000)
training time = 6.4
[0.12249807908422738,0.06341785721024906,0.4416332403645171,0.023970640730649195],
[0.5229736530583773,0.48179147106093023,0.39324984018200504,0.020611233934352463],
[0.7827167091512434,0.15818866311122526,0.32353489733189444,0.03414772179917107],
[0.6618206197063577,0.4051768311017514,0.13834456875196155,0.051207512943047054],
[0.6321621797092085,0.5274075199941176,0.016421135268309683,0.0231416935615072],
[0.05406179299063496,0.6495066380939749,0.9432371244668818,0.04859577329871792],
[0.6120499082067571,0.015490400133982618,0.11819843764046056,0.025932914452953315],
[0.6420686147405394,0.7000966083578033,0.7613254979230993,0.0368934286838485],
[0.6498008722764528,0.5715591978451467,0.8507777677617563,0.02332282908686168],
[0.1377906018189038,0.8464712027501072,0.9557881916508346,0.2311269084959035],
[0.25593023112644275,0.05056768872166395,0.20336202592171937,0.026905960088218932],
[0.6254611008688472,0.7934621387259903,0.9369668438557561,0.047918217720936906],
[0.9271994482847361,0.9525247720501823,0.8952832087875061,0.018193838419427878],
[0.7500572564603527,0.3675635895035556,0.6933415133912258,0.04355218340752038],
[0.31269341410420937,0.7169883261993917,0.6167330453142206,0.045718672470948366],
[0.6650590547408198,0.8075998995549958,0.5589483820414292,0.019038028408051147],
[0.5975841575651141,0.5122463265302135,0.7249428440843017,0.02228541381237438],
[0.10718514313658933,0.27384850351858747,0.7533233770084483,0.13432916860825095],
[0.5986572916302961,0.0388423044817936,0.07191333154396862,0.019380191805468447],
[0.3027925538575422,0.3103044257331399,0.6580718696110883,0.059524886488204254],
[0.3723879546032892,0.211295995600437,0.38584676258253403,0.016178467492940354],
[0.992578089572598,0.12644622366742186,0.11358110938995625,0.11880067236865481],
[0.3118372168929405,0.0588538403727048,0.35532495339955406,0.050594996626071184],
[0.8005885773611674,0.8372714884766106,0.5345623375752134,0.0254009305208222],
[0.6031743122947434,0.5377482505278591,0.6745728264668764,0.02276568232406037],
[0.6667929760946424,0.929637262380067,0.2379605787056034,0.0649954976156667],
[0.36221142838746523,0.33864213249118624,0.023779577838094368,0.04966431805237746],
[0.628014205169213,0.027103531574894646,8.37926623727947e-05,0.03182774433852049],
[0.6522334340506476,0.6084533001603377,0.8757042755595954,0.04100353857351683],
[0.5983606431827414,0.13307637778617887,0.038542657306346095,0.032576115354945596],
[0.4093491541555343,0.3495342653274074,0.7804511307243663,0.02143312788406917],
[0.8970822469622355,0.5690169536640551,0.4927184560131044,0.016626251136078914],
[0.7316209306445107,0.6433314575956588,0.3235322821757116,0.04760827298025483],
[0.8589852829110584,0.21820417573000883,0.377018094618232,0.025528306887313675],
[0.24187922139460427,0.630037761960053,0.02225144432503101,0.08272727851007756],
[0.4296690580368917,0.8468334556207583,0.02241388486299567,0.025027320388954978],
[0.08755311201298055,0.5835277917562953,0.6911203557523479,0.01647621047317168],
[0.8771057335442192,0.687889482947423,0.4353492635811059,0.022709843630004264],
[0.9248120841705093,0.7427158679906818,0.8928050292112971,0.0941761819203263],
[0.021998407882637183,0.01976796103347056,0.006580364717128084,0.16774349184536724],
[0.3231962542083412,0.381413116692216,0.3011859093130873,0.024156183212867208],
[0.7176795447998482,0.757122400228143,0.10126111606799304,0.12736333107996112],
[0.3256208394408252,0.5569092713371596,0.5622832561524433,0.025439259743249454],
[0.16184293587040355,0.6491696181012114,0.773597583953326,0.06896047496161789],
[0.6888965275372017,0.0875312132176781,0.8132455347049983,0.0932432760889523],
[0.5044184860822808,0.5406611230444156,0.025361809329523144,0.01711461378248228],
[0.5368721589767846,0.8646858789412414,0.5677627803332933,0.025600765116206188],
[0.12110203824821475,0.576055972497678,0.27777068796243265,0.02768370594155592],
[0.48086714449092627,0.09873517079955962,0.1082431015995452,0.02991083687167708],
[0.3193500702580042,0.11847647610776202,0.6906981611645375,0.0856914984727826],
[0.6838464590223957,0.9303742127229043,0.7670224178920338,0.05297752771466685],
[0.7283719151548346,0.6752909977448339,0.8375366137593911,0.067807279875849],
[0.37280282008241095,0.03696129975722873,0.9230246201519957,0.06618816216704261],
[0.6650439669715452,0.23836570915416,0.8794859203000054,0.05768751016818384],
[0.17778064269573512,0.15419620359425246,0.9785058063981144,0.2137283778875511],
[0.9947893182991535,0.09686203432517049,0.8777604876158972,0.28876422311262523],
[0.7109260067225444,0.901647281896545,0.06678027184078394,0.1219738972932516],
[0.7457453903553773,0.7887502847338116,0.22540716889173995,0.11411984648638228],
[0.6698289292937265,0.40594648543149336,0.3618721066649744,0.0379783269105086],
[0.7770312104307345,0.36116347029977924,0.9408026384528938,0.05152326192893515],
[0.6921956444568605,0.012562892669001013,0.9786861407057071,0.09778032297495143],
[0.823124289793429,0.7964826869670243,0.8495289003733831,0.08903624482145404],
[0.8943262135786444,0.8725864020671507,0.2342341046629679,0.05946016923168952],
[0.8011008938933138,0.994994796093744,0.6833452690887485,0.050793994334258796],
[0.9862008480776228,0.06563865599707219,0.23594404724668416,0.11089936836458632],
[0.4687964188188425,0.862159893409551,0.9217610374793381,0.03503055355509342],
[0.6020113767510762,0.9793948335030955,0.7810630758828145,0.0481488031611256],
[0.8762295814695393,0.6515434782610032,0.3176249444906747,0.052338362247625364],
[0.07492346535465899,0.5327479248707159,0.2919187476015027,0.023401202188558796],
[0.12997363709979903,0.4492916495864575,0.6090177148451913,0.04813730787126032],
[0.4373001474248104,0.12208943435192199,0.17891274734765383,0.023040347725666398],
[0.630833650616866,0.13038156545456447,0.6357054663333804,0.03618146868738936],
[0.010980261548977022,0.8065166428018073,0.4309343771179003,0.060170174909912],
[0.047452825527992126,0.4327931610951864,0.7066379262276439,0.025239882157935198],
[0.5929031248681108,0.5201158213313675,0.6617512964000888,0.022709674399248272],
[0.5254788180948753,0.8306307762630238,0.50020936892495,0.025071613838954412],
[0.2054232005243254,0.7896022350213739,0.14306594073512335,0.1814356670443515],
[0.4509244087978911,0.7840399657418606,0.062372007164379184,0.01699735796453121],
[0.3699083095676312,0.24336574786220744,0.1541111724581956,0.04196565788075136],
[0.20389253567950105,0.3870338543414579,0.3190258333426639,0.03237337207406324],
[0.7490490368466202,0.974521101400321,0.3832243105526376,0.05463850332818933],
[0.19964759294043122,0.0965524875734437,0.763051679639939,0.18595331692874745],
[0.8518966104558869,0.6722575782771393,0.16035159079408323,0.0842567886538942],
[0.037041853134265335,0.8395094580390181,0.20862351761052933,0.19297120118513045],
[0.01035379572892614,0.5171110424407576,0.39083741821355633,0.01871660406670409],
[0.5660923987125434,0.988367556243058,0.8126425553815918,0.015454797451254863],
[0.3655060601770713,0.7753057348512005,0.7870367872572931,0.08292769838153383],
[0.366949289500902,0.7077225147798539,0.10464302947096638,0.05902317740586645],
[0.36924083922336914,0.22633143896956998,0.8096935844188483,0.04944578586469649],
[0.3481654565066217,0.5934879768492558,0.8347903763716469,0.03434154516781988],
[0.9450534824961884,0.2869708844366764,0.6195515046149112,0.030564897912586805],
[0.5786705612833466,0.9248719541355277,0.9284598310313276,0.021658572408559167],
[0.8353268925556419,0.803418943908364,0.6463857517704645,0.030878991118653255],
[0.1070289944858891,0.45328839718017677,0.28150976914135406,0.02298613558119681],
[0.7352736145381714,0.639445569651453,0.1714614307104384,0.03603819936878234],
[0.6139238448603483,0.1921314110436747,0.5866434112991161,0.019412768140511016],
[0.6450643156367456,0.578588588224327,0.7212484794335233,0.031935588778979285],
[0.46254319289713597,0.4371365550147386,0.5378563245118744,0.025763888842323814],
[0.5074409589819564,0.227551834451463,0.9858539741838367,0.016113613968456286],
[0.424806889986298,0.009348342851503322,0.804407666272533,0.032333408119187855],
[0.5600368380348538,0.14179681801541189,0.356574566359262,0.02421630999576046],
[0.3235798860066216,0.13260967374598753,0.2981029617538453,0.047736575902891376],
[0.9801475424086754,0.6757958162045533,0.13687337314868364,0.0700126296263637],
[0.3783199097820884,0.865722925457183,0.9112920925182023,0.0458196011296649],
[0.9328404280604671,0.5392939924860284,0.8807850874429719,0.020354941723682407],
[0.6086467697448895,0.34125491429003885,0.5385961678526444,0.03502112408854597],
[0.18788094297234836,0.47215470523962333,0.03209314648382744,0.03229766756853426],
[0.967524523347328,0.6460508165163944,0.878298212138748,0.06490950200502217],
[0.7672564675141399,0.49247860949307154,0.8914812193161994,0.0296887928098949],
[0.8282258664833891,0.6144801425716377,0.4278727861456728,0.027659060590203392],
[0.7279976813268145,0.21273992670864472,0.17738170412801835,0.08030610887196826],
[0.9189593832000766,0.22195109464210183,0.052758465957811085,0.05478312311853237],
[0.13699341317744085,0.9986022531927601,0.5108560126221678,0.022142926575443436],
[0.5992692894541599,0.9783265433130159,0.863997238171848,0.03536386462009528],
[0.7446417108927609,0.8922221964736778,0.9965086627506976,0.1263775102156735],
[0.2264885672746736,0.28172858266457423,0.4366950725604958,0.018540400521613563],
[0.8483117190054037,0.5894578133968728,0.5903423148505927,0.026577240469334733],
[0.20923341080028612,0.39466602509123017,0.15311912588353205,0.04171218416953689],
[0.6530627873003092,0.35304707573629146,0.022892949123916706,0.03988280121321223],
[0.8928116965483486,0.08685734875369533,0.053961561625735954,0.06518918472688955],
[0.7212270840741125,0.5905566834875456,0.06502728070415498,0.030791273411190326],
[0.7072275769136599,0.7999270090985817,0.8881273810266141,0.09533274696606141],
[0.5006676323275485,0.6405556265769803,0.22336586977011075,0.02404864726743082],
[0.6493566645770277,0.6231594133425499,0.9689977603122525,0.02863098750902629],
[0.18654365164632902,0.9295991961518134,0.43957514328112157,0.032932826778024345],
[0.5204243018308684,0.8006889754314236,0.23687115724960406,0.028417605525579447],
[0.4517699765125126,0.044256775032925244,0.18945907297205133,0.031722437901241046],
[0.017871114268467103,0.4356137429161663,0.4600868846872539,0.02789894331308674],
[0.9718454399574312,0.1365777489881519,0.3384325213590478,0.09601801109651376],
[0.1962162488355541,0.7091562261547182,0.5777694351768117,0.049101860133403744],
[0.40707248339026125,0.3966141344801559,0.9076056178490088,0.019487193510201416],
[0.7298590110448505,0.6399325866767662,0.44354531954627396,0.02417209838458933],
[0.35593137784758666,0.4962868798286594,0.48909949894221083,0.02526441707237556],
[0.7372164172366955,0.8238377946542781,0.3464212933935661,0.06080319038534934],
[0.510692595592292,0.43951150073592493,0.7563309527496452,0.016340176571035953],
[0.3017541330137944,0.6735150035167273,0.3430951281941437,0.055044475404869356],
[0.8657061563986844,0.24554863302129848,0.18822805977339774,0.020873788971588182],
[0.5883223419323822,0.1061454168770819,0.07541087996954698,0.03922689452106125],
[0.5310746090077058,0.42594448075092284,0.5231157645085069,0.021583654644228817],
[0.8049396736351908,0.6126106823466881,0.05592321768229791,0.03418504248864566],
[0.37812208044302,0.8546161707729101,0.5008338452240153,0.01800628917050489],
[0.5354990570135745,0.532447877671081,0.42078342958436366,0.03184045287993608],
[0.24181338485213155,0.5948564030252068,0.3263146652588481,0.05323436469224799],
[0.2565622452147971,0.9734749261049347,0.20360683373846378,0.07379549785067704],
[0.7292348363583936,0.20420725151566077,0.5018488353181259,0.018327479237354963],
[0.2151316122597854,0.35708103133151925,0.9192140413894544,0.05540133313794984],
[0.3709051888388215,0.6842108580166503,0.8029023668656267,0.053935161676093954],
[0.5627073522678444,0.24972439979447125,0.5652013846940066,0.015425300144433746],
[0.687831728085398,0.3857069905972321,0.392297643419786,0.05157001098517572],
[0.5300588367570451,0.4992407389605532,0.27808030778069126,0.039645110055381766],
[0.11354894774388014,0.16758781741534967,0.34326885941630436,0.03698609824922153],
[0.3647612473292463,0.042198756109993685,0.6106273093163257,0.022348501441334885],
[0.651378514643086,0.9697604595973691,0.3597867151370845,0.041788132634722176],
[0.9303954698179566,0.9813292820981288,0.9450977412836248,0.06859184945012599],
[0.47314284584751365,0.36432531967782855,0.06692225150732789,0.025241690341471133],
[0.9602297236538987,0.6005564667078805,0.7875747599395557,0.029930084410400612],
[0.16756709867004838,0.06124597056321335,0.30504407790742627,0.018398689662127266],
[0.7104158771708837,0.04635999615732522,0.27093600407162977,0.015116190164297355],
[0.608316342019857,0.20514515801646405,0.623076560584999,0.030214086701585985],
[0.21949037758115875,0.8841682090301636,0.5851686994714832,0.031834778369826795],
[0.07495133375570173,0.7812246135974136,0.6165174041194248,0.03708111638439799],
[0.9244255015385052,0.6448738971972418,0.5714664239311904,0.024701447665997148],
[0.16463814420180634,0.37534701480011434,0.11163523920648222,0.02677993782480196],
[0.8971227259402739,0.47318649156231096,0.022408947436062365,0.029103399049967477],
[0.8883912949364797,0.496719025266638,0.3675217119489743,0.021537769990356774],
[0.8026551642099459,0.5749927755334963,0.30895313385818945,0.02387786582373501],
[0.43939298683564987,0.012664202870304786,0.19042947104008312,0.038396452905166974],
[0.913811004027437,0.010155293185169056,0.3506345756492214,0.06994413246792505],
[0.40466361913753524,0.16415378070818754,0.48257837383511526,0.01915402642825316],
[0.4122698824992844,0.034612847459127294,0.480146115246214,0.0332246636223101],
[0.6460770638820913,0.11884423222821405,0.9725280365142454,0.07066110967340632],
[0.11737087418433367,0.4009509696101179,0.636127784392692,0.025063345476587236],
[0.7389829056703747,0.0750420917553214,0.6403362359867883,0.053102145086805316],
[0.5941266953143689,0.7795172796005935,0.29121568782272766,0.01852188221017207],
[0.5850246788087595,0.00574273248518542,0.7609661853989033,0.0310011881768998],
[0.7201662285302125,0.06916345074510521,0.486427346863751,0.02180885412538329],
[0.5385255774804063,0.5105278888679587,0.519627842655618,0.030205986658355936],
[0.8323495964700338,0.46779308828193555,0.7520335355610434,0.03417657285225632],
[0.23298878995589778,0.9586985891954771,0.5911012610567176,0.03542267623800837],
[0.9491327083482147,0.9469925425066241,0.4121585725328192,0.03164080491201849],
[0.3682320941958389,0.5138091993926561,0.5827252754091381,0.022125644167860913],
[0.6431448908301439,0.4661574405846274,0.687062069548308,0.015230521981252017],
[0.5380905832880898,0.932350776293178,0.9986124746059415,0.01974695779225529],
[0.7762384659762831,0.8921665294590342,0.5601023783761655,0.02707900947048416],
[0.15940371295273204,0.6856539455482642,0.6058399704563843,0.04722941044502726],
[0.9396310614452765,0.9074059320796952,0.26904616704778495,0.04215868448678984],
[0.709476335525586,0.05779898515751203,0.11242864554934506,0.034930293254873936],
[0.44348097894127225,0.3118744766443883,0.40893071257406655,0.0206653487297616],
[0.2406316137780985,0.33171791548527985,0.7523429372000744,0.0656947204612093],
[0.31775817745459833,0.6179489435769112,0.7031378979110314,0.032725247237395824],
[0.34666635538075596,0.5890240133550604,0.3614097841013799,0.0315237220383767],
[0.8869557965237684,0.6688589135842591,0.3770090389441617,0.03882827840539015],
[0.5900933240386986,0.6206059769710902,0.08704307159088731,0.02044350958800885],
[0.22452429397695117,0.5832734219549637,0.9287615720462474,0.020574125249135072],
[0.46975842646324895,0.13943655736125882,0.26782057078126287,0.01678184485984168],
[0.30463577476626014,0.2584618944158783,0.042839280704824345,0.04978333862562358],
[0.39779227493424174,0.49818358364405524,0.016562242475180677,0.03283366698432864],
[0.9877319883668714,0.46121421862300216,0.6351073010129559,0.04671020887735519],
[0.22683518794506374,0.4213601293442846,0.8205154721225468,0.02010612763496398],
[0.20833464162509563,0.04263379327041705,0.3803897042307588,0.031253674797132654],
[0.715797510250846,0.7036170220715294,0.5118662372888588,0.025827038456460026],
[0.6729195806102437,0.2590304475423336,0.5909629911850783,0.02463255058728577],
[0.0951706556626063,0.9499510577460889,0.6277847789737792,0.047141351275235686],
[0.9386495061295869,0.8169506009308668,0.1711154872557029,0.13980282917162756],
[0.24510529716049667,0.6248378381975381,0.7045202882389573,0.035821751938160215],
[0.20402771473163472,0.4846037698837732,0.6874680791818728,0.03045958153378832],
[0.7259177813862188,0.13000631064349544,0.011019741234414182,0.05664388741867182],
[0.8983533890284153,0.2621935244640503,0.38301818301008284,0.020853636785812223],
[0.0008837816523620257,0.727338263651145,0.4191247975747001,0.03855948475798648],
[0.2627876193672771,0.6866451299037972,0.5282607155287135,0.02877979502623848],
[0.004438449822346313,0.11201893987535294,0.37233449833335075,0.0317037263189292],
[0.6073690187340655,0.07319784119982153,0.42633356284488355,0.024918978632528586],
[0.406613812542989,0.6968285695184119,0.32463251177467367,0.02294173246970249],
[0.254974577922773,0.38152887137148883,0.379248414099545,0.0425072040358662],
[0.36273644315364173,0.37015595860960293,0.39017835388636923,0.03706505320264802],
[0.6720503098085726,0.792658671466635,0.3396682250513917,0.06696148685374194],
[0.6690403400668646,0.6341206313515995,0.7574473919883277,0.03952612489432348],
[0.7172643830542766,0.5096686557497243,0.2558318994907778,0.019880862684327864],
[0.5904900866641454,0.5740128878764826,0.8730852930857496,0.020021046059625888],
[0.9736548614449536,0.9645096199373079,0.8075607026655944,0.03114715336550923],
[0.6041558217178035,0.6129080007676719,0.3483483165022456,0.03261993706631009],
[0.6388807592030727,0.20780465829782402,0.8337813770610449,0.04344138435207578],
[0.6350368428251176,0.8223484415154938,0.7607962807856127,0.055017125896749924],
[0.3940408892963492,0.2138874560531443,0.9417757894309517,0.03042074675678285],
[0.0657279043994633,0.13676920604340426,0.2658697288875479,0.041544668147453244],
[0.9103404749021863,0.03940487639103918,0.5185363430032623,0.01709097289161838],
[0.45670519714399416,0.06541677718917671,0.4157634202308226,0.026005495730843625],
[0.5381719152601193,0.053053702625315946,0.4706771188332103,0.03536283077517864],
[0.5069383489400188,0.21179641022251794,0.9421710114233366,0.02836858717824057],
[0.4701695036279929,0.7104199783256996,0.29488275117760876,0.019215833103777086],
[0.7445999501509494,0.07437489768605665,0.4149500633103048,0.032345361197651135],
[0.24633582031290235,0.5303911690288371,0.11811746941067125,0.02248362466807076],
[0.7624297108382473,0.2053758164486974,0.29524510749852373,0.03931434442152273],
[0.5885350141598065,0.7347591453315439,0.9156322707521869,0.03612610641648922],
[0.4169806943088007,0.36110177006898503,0.9469384857627563,0.022952070813870927],
[0.9270277192178765,0.9844176477151171,0.1482264724285839,0.16862378741252138],
[0.5233710952390707,0.2526515634505977,0.13611869792309728,0.017548151467969238],
[0.46232554802383374,0.5540788191686462,0.3173430677869844,0.023570856485063255],
[0.3547076524168511,0.7194082120267634,0.9953916725903604,0.04747325293377815],
[0.2156112306189053,0.3446581117241293,0.22115821230571353,0.04969478161372659],
[0.6637958604576207,0.3377773331058028,0.4899669319234764,0.016410148091606895],
[0.6428325746536389,0.0337974554207936,0.27545180415279713,0.04153825163211421],
[0.9129568145418657,0.677141102453882,0.05045180322253073,0.09169446304408174],
[0.3748433967643151,0.4305239632911594,0.07246326623737054,0.029580809852219926],
[0.8381142196793008,0.15803754892620836,0.43158956702796303,0.018439464677438094],
[0.48272114906532226,0.4267848219998909,0.8618046638774404,0.023975837087452087],
[0.34549157057131075,0.38797493197563104,0.8977265601381134,0.016373548144499768],
[0.5334586446726511,0.8316631058081903,0.11827199117413911,0.023319456967289716],
[0.3355602654219876,0.4331938805291663,0.1484904715169829,0.025580806091878447],
[0.9184149182127341,0.5688510305330445,0.22464381759000807,0.026447313254865767],
[0.4566824089768119,0.08381883972943982,0.6633302275615189,0.016053825884384525],
[0.611439223041407,0.30141823567389225,0.29911050744426193,0.021874398780245517],
[0.9495662352610471,0.984968868596356,0.7885916795261085,0.04118162732102107],
[0.78098893823896,0.8868453291053764,0.6099630135182106,0.02404449894417135],
[0.4659340022766131,0.9508309162962273,0.021288401607021945,0.05019183642698556],
[0.9889365933891682,0.32155637899842315,0.1834701993358765,0.07585613935317383],
[0.03938304626164424,0.6058989223837496,0.9211424332045308,0.02796674276237965],
[0.3381695845628967,0.32844939018654473,0.3232637790660401,0.07040914776348994],
[0.7323481991741336,0.2499539229085166,0.9589911282995407,0.13147392695075227],
[0.4409456756021052,0.5221016205149066,0.00762084649375816,0.05480605245575955],
[0.9159069263895993,0.3071298896307393,0.2318124365904204,0.05443821836197554],
[0.4830238134361905,0.8853279053345503,0.521089536214408,0.026330808781966558],
[0.42158943268165705,0.9296970818610801,0.669822875684658,0.018771362238342186],
[0.6580448721669713,0.8581906059354703,0.47925274146372054,0.03276741209870367],
[0.9369039728927591,0.8562716975825759,0.8858414306933245,0.018013595150915475],
[0.5871174251241312,0.5923663033947347,0.5331563859373004,0.02623611667250076],
[0.04541786847930851,0.9735990062147082,0.45712283913836504,0.029407157902775163],
[0.2083545076881269,0.35252166622947034,0.5546513232477639,0.030060548771274634],
[0.741758209510929,0.09629721732782026,0.3006438843692274,0.019401686486516773],
[0.03460226912629705,0.3989001021288814,0.3861825156367308,0.015271247273776371],
[0.3666874227291239,0.5004405218861507,0.07269553912493842,0.017528961555827144],
[0.9422246075054843,0.8072382761245723,0.4857047014657869,0.02078597434317417],
[0.40135133924165634,0.3604133139894944,0.184065792279676,0.017352083389331086],
[0.563769620398219,0.2662590319549697,0.8509621586689579,0.029368249308252374],
[0.44527960399613553,0.7346292487135635,0.009920536445446215,0.0484675024400775],
[0.43345859367131745,0.748537559007535,0.7278713866262336,0.022129680075958932],
[0.674603391505357,0.9606871134501862,0.8312671202571151,0.03899114168597798],
[0.4664340693307617,0.9966825154911862,0.3867900764405392,0.023750488993412276],
[0.7198292309344643,0.5011883608264384,0.2083079573850002,0.02827017310428892],
[0.2926422050087599,0.38866550393790633,0.9437002256750495,0.023137243180671042],
[0.7989233208423083,0.6955340320691356,0.9660079321905866,0.11345077281607248],
[0.2692369002729019,0.16465769483113746,0.43216623532390996,0.02568735624318659],
[0.8144563870217129,0.9832266859559483,0.772967265056009,0.04572796092861145],
[0.35561867633104727,0.6842582876816465,0.6444716120426958,0.04722828677022671],
[0.38426592129353654,0.4962716719007132,0.06155980150764828,0.03358716132962058],
[0.5704842474262591,0.38595489725410337,0.8763300285714763,0.02411773072291795],
[0.8246251134429284,0.9067571708731872,0.28482484149629594,0.0443778423139938],
[0.6013166806563373,0.8907693015997821,0.49050904604694023,0.03177708590926243],
[0.025362153131630483,0.530098989789312,0.5244216074404411,0.02216892057035244],
[0.43543643157684275,0.54315001578268,0.23173683610017237,0.03196447245255579],
[0.4919021070503954,0.7185400379658189,0.569401542078566,0.028068684652550482],
[0.3853162627957073,0.9310015340369072,0.0029991242540670093,0.04792682011956083],
[0.1308623057301216,0.5975348759337203,0.1481407759216321,0.01884341816666673],
[0.07602860009429824,0.30542360229161114,0.10946608865636975,0.018911864338392467],
[0.06928689490064865,0.49939672075970776,0.472714616066919,0.025504861251565404],
[0.20208846055563756,0.5172833392201377,0.1247693214365817,0.020469241321058235],
[0.1623856554923777,0.8016077925348919,0.507273804773718,0.019088905698413053],
[0.8426414143490796,0.6122500118817621,0.6519910325328258,0.03958554278600643],
[0.7393737680154507,0.5010101648379589,0.6550037717499617,0.018216008501821833],
[0.18418857729982752,0.7047014941157929,0.6940023659519577,0.1126094335189675],
[0.004057835943837573,0.2440791579975229,0.3016758778540005,0.06331716840881199],
[0.48670196004174415,0.6773322955134323,0.2531366761491701,0.021443352772392822],
[0.3489843008894187,0.6140153091557939,0.7536158526660441,0.02643678711940029],
[0.8037145585436737,0.9924633818869567,0.4884691860159197,0.018765872219424586],
[0.8295828865048046,0.4782920164518939,0.6017981919996851,0.022596544375198847],
[0.6469128032976132,0.7129118012985123,0.5034677370731472,0.03281090929077264],
[0.3726223625952806,0.0979962268249801,0.6048435070066542,0.01936456070403278],
[0.3305710388971308,0.4175750774194502,0.4874927287820937,0.015827142439325235],
[0.17752057777240604,0.5890716044860609,0.42365932774896875,0.029601349273488578],
[0.09631885141096852,0.003899732646492904,0.5098364527460502,0.02233018158511159],
[0.5136718465872856,0.8039515928987412,0.0519924511053792,0.03466078229035556],
[0.8955743291250794,0.3616162163095781,0.812551747672678,0.046713901002598666],
[0.5355626464997235,0.7705794718912908,0.24668245576794534,0.022015229923153128],
[0.5037747603079885,0.18037332031779185,0.6779637688245362,0.015177118740493677],
[0.36379369835726705,0.21441432515665204,0.4046434484995822,0.017440343275464038],
[0.26367813450714495,0.07890125373575052,0.27776527861704503,0.03642139155601381],
[0.6262661959951067,0.3558864847037517,0.8432762288672271,0.02396182448216609],
[0.9896890372534004,0.8516871362411287,0.9038111256824592,0.027021465436614933],
[0.17952286284596064,0.5380989951768296,0.354584990775873,0.02003045834512971],
[0.7371563891199202,0.2349848614735761,0.4107686385214955,0.020261496130447594],
[0.7797988614494191,0.656958388296403,0.5592569033207924,0.021353889292846637],
[0.39026620455669847,0.28709458128751875,0.1049338482813873,0.030952399879817558],
[0.8718488132736241,0.6099552716242741,0.7553351894599087,0.031800427754176956],
[0.03313217284008485,0.7727083389436255,0.7245642966495631,0.1298327598652531],
[0.031691869915345006,0.6415724096005061,0.8580779926732112,0.03226205832289601],
[0.35847567566913663,0.9054277414595744,0.6629088903337135,0.028148029085481918],
[0.5550325125420328,0.5541540566334212,0.8139244089579958,0.016849159176106764],
[0.6746222078485792,0.4272341300919612,0.044695538668046986,0.016721321805449163],
[0.8456794791579949,0.5521058753979894,0.8637143598632597,0.015091167360057601],
[0.6276577218459332,0.3857730821380396,0.07132336919730986,0.03025508095641532],
[0.9558004172336404,0.40115128499622055,0.7735074044282835,0.021990448907401428],
[0.8213593081073896,0.7038801264123362,0.5322253928769294,0.037549156938130795],
[0.8103224416050538,0.5924747176375728,0.853857427921945,0.03239614017966691],
[0.21997312329137353,0.8571516612254113,0.6134023561580455,0.03295263321470771],
[0.7878836337361809,0.35367281594029454,0.23419517124337708,0.033106944176009935],
[0.3547977602411462,0.4446936517507901,0.2788135511359987,0.02933371089175367],
[0.3780146714338689,0.7275706476688782,0.49349672609688555,0.02169736097333619],
[0.6064062061628079,0.4825084666932392,0.9226148880916277,0.02708639031909236],
[0.7903553966670629,0.7460603977750296,0.4632088558602159,0.01892493586887886],
[0.09073921079196379,0.8755459481967103,0.4220372439553355,0.022996113374076366],
[0.7167143399339441,0.5447821223297644,0.8409972560755339,0.0190669720909468],
[0.02276702873406289,0.5425248959678034,0.9526858639156724,0.03946076342823408],
[0.5940579683892198,0.9292368456372697,0.565516670799467,0.038147194132999114],
[0.9971464817296065,0.8556396433056436,0.6286623771343987,0.03519670201950478],
[0.17610136146675426,0.3539098907990993,0.050356756593899044,0.05279127060663291],
[0.650090410363859,0.024419300056502613,0.05637736515486025,0.05043950693306941],
[0.20865134854410594,0.14139490224889617,0.39003438474049956,0.01614208058656753],
[0.7772538703240961,0.24279622399342093,0.056354643062776044,0.03061990656454828],
[0.22502463969338837,0.29391097914196695,0.5600579391139814,0.018938525818594558],
[0.7913870842895715,0.10952599004074892,0.4166863686312785,0.03813951204260802],
[0.884570802056657,0.7088828832381928,0.6590740006316308,0.08153107533268673],
[0.3563165963759348,0.08281725734166712,0.20091892035469805,0.04509413674388554],
[0.8248246838708531,0.0782733885846204,0.6450348046705885,0.05872783128424894],
[0.48913207863822616,0.31742618747489004,0.47043014426647944,0.03108201299774331],
[0.8269382169232041,0.042228993142243154,0.11094026602788909,0.03299778443416071],
[0.5908677079327292,0.7816167474041619,0.6990506156953924,0.038681222645973505],
[0.6115192421364697,0.7759580744639138,0.8428096526773056,0.017657243877573066],
[0.7183625827585542,0.6208965452725312,0.913997774121537,0.041095279158124755],
[0.51470835738772,0.4014780681652993,0.42660211521941294,0.01764620020839553],
[0.9875755617868911,0.3719822585428799,0.6151928651875269,0.046972385082007684],
[0.5592209634805875,0.3951841986457777,0.2627058390867256,0.028737278775844692],
[0.4727825181705321,0.9996915445012722,0.14541317020322153,0.015371862516598458],
[0.2528126213567601,0.7197546314907433,0.3952205209346794,0.027684017162224045],
[0.6799498969452331,0.2986090055512014,0.7230359408217586,0.08409734961128038],
[0.6020951215745264,0.14974229878739231,0.9264247352995496,0.03653652039817252],
[0.6226731890735976,0.5856793807708104,0.3395280437146845,0.01779346877791061],
[0.06017951898945595,0.5618040388837527,0.7767596474292593,0.015883562485664884],
[0.7128532196341799,0.8408365742043894,0.652667421293243,0.053802121692673496],
[0.5749750634835028,0.05437981401088421,0.46356986280503953,0.03251667977781672],
[0.7271463630318047,0.8774046032235642,0.4958860877479573,0.018908116119585254],
[0.7774436306194354,0.5204898995000542,0.821433404440778,0.021076620063785134],
[0.4974723991632847,0.6822835589215753,0.028193813320495642,0.032402798419315884],
[0.625674121143382,0.7125960637355097,0.8130284532389289,0.04274876519003601],
[0.1396337585312455,0.5679970652395526,0.4400375520599794,0.02579902988870436],
[0.13159419397770322,0.48317015411444153,0.9591056634867949,0.025943560297003426],
[0.1550739207232189,0.27069930123514596,0.016949502203743694,0.05768913692438424],
[0.9204905788156335,0.07674144918500325,0.5872015634664843,0.018751089480238653],
[0.8786291437160109,0.6776124291680543,0.25189565040858886,0.08068725657837501],
[0.9184850822545068,0.8563606925601487,0.500397888918827,0.032304399359847656],
[0.8532155923316332,0.8023696112038545,0.524669813071991,0.03485890035566841],
[0.3758869040259676,0.7260998533564328,0.23470429520846525,0.03845857368547198],
[0.13083630274560476,0.9958212261800503,0.4889909313115163,0.02264182610605124],
[0.4028725128166708,0.75031094229884,0.42698121036706393,0.03572549539812341],
[0.6191290800144664,0.07479195135127215,0.7061621300794316,0.03739195346871415],
[0.40132688263741323,0.7281080883711111,0.8926240263402915,0.018019292675831293],
[0.6225986071157934,0.6973001025693628,0.16586492429161692,0.044440301008924675],
[0.6326154663554304,0.03785534028725257,0.7472149838626478,0.03930178029704338],
[0.28768763377651074,0.36304318042992056,0.7890758164912219,0.04928231852497866],
[0.5720938841831152,0.8589335452991257,0.9251625618900874,0.030237831115465498],
[0.7985512809226216,0.4084170453115106,0.6266040235967762,0.017197222367847334],
[0.34405991727021235,0.6932545608500883,0.31371314862966715,0.06218032145469839],
[0.8909804764866733,0.7750643181650944,0.42694195215236674,0.024063135943973038],
[0.8240708682047755,0.5372913438644944,0.005486104111713241,0.015901329448818616],
[0.8354167538835725,0.6634609349847392,0.8221913869431963,0.09293323406701777],
[0.22434420802509092,0.8178228842903998,0.34334224943407543,0.025120128738013198],
[0.6232407752853305,0.8557164056713389,0.308068065685709,0.030435341574973823],
[0.1131622057873537,0.5738916080463711,0.9687049366032727,0.033772522520170434],
[0.6957890268147875,0.21066813092822168,0.7210546220826436,0.09456217621032059],
[0.6841788778312197,0.7371321150190641,0.48854467069437335,0.01917362688489537],
[0.5929942286831085,0.25564406309784826,0.8906724056107764,0.026316561176479604],
[0.6082680502498291,0.47619134123491,0.8392409952774651,0.01567796447905608],
[0.21899085348141978,0.9409676241430722,0.3424052572157428,0.027746717913450944],
[0.3457121286432092,0.5544677080637693,0.7438717975371403,0.028083236824383767],
[0.8993931660281566,0.34776017844407203,0.6856971739558858,0.0635199322945622],
[0.8596226602418853,0.4306993756224716,0.18361441429623537,0.016138496963343577],
[0.7225037348226264,0.10769485829901126,0.36618069367153505,0.051822866661853],
[0.4758091278137956,0.5290428649699852,0.07883061307599537,0.025315925611903045],
[0.5379289049408152,0.7727458849963077,0.5870504838166309,0.01503847400027013],
[0.9650440624429086,0.6879489959259169,0.7860466183804257,0.09501762544045707],
[0.31967291100124184,0.9936590563133637,0.12118006646590995,0.09203453851174513],
[0.8095877477690993,0.8342679606813603,0.7377743695952454,0.05755097153056003],
[0.9102071416314045,0.4916489507053825,0.43745607756950033,0.026298174725024916],
[0.3777219455590648,0.8502374343122329,0.5941059498940288,0.032805952903864004],
[0.570858626795321,0.7793703892827455,0.5986957491065743,0.017767837059501877],
[0.5703473946322886,0.7160542691964626,0.5687241642244033,0.023232612491450193],
[0.5774992490687848,0.7104836889370868,0.051296010028759054,0.01691706791848422],
[0.5149364133359329,0.8872151285473612,0.27619768125542343,0.027573174901765793],
[0.17337277456554379,0.9702183600930936,0.6202078534877907,0.02107985765439982],
[0.2560187586093382,0.03944096418992926,0.13541691937738665,0.05899364671289618],
[0.9485416542270259,0.38896535558329326,0.026472027106034912,0.02704196353527237],
[0.9947918638830031,0.9126691993036669,0.38523591820036895,0.044007464239925756],
[0.9373362982845939,0.6387856224135324,0.6947169149773259,0.04149946804248518],
[0.7407867631515376,0.36529064046905413,0.8247430842576484,0.04882249928380404],
[0.3118904042352365,0.6436068089328876,0.5438491324615367,0.017977104887636326],
[0.7020294426759462,0.3180151271968098,0.35921826966785164,0.027591754789120827],
[0.5584920704055187,0.8405177457393306,0.1454148805379326,0.01703859827752814],
[0.212753523659738,0.29079198692192987,0.3870201236488706,0.048820592942428784],
[0.5022865553675465,0.5607770688447606,0.7473265030388679,0.01661108466582458],
[0.37557775066105736,0.13142393267912533,0.11312028808855135,0.048813532069390805],
[0.7722146409720846,0.7405289523466304,0.4273522568406434,0.04950644797957569],
[0.9839100333774706,0.6049333188304294,0.621512429395976,0.03119996216903389],
[0.40397402830271456,0.3021459417415592,0.5085080378128285,0.02045930832478684],
[0.6512198926844567,0.26884410148550697,0.3113913619213713,0.021533488759882903],
[0.38920143663124496,0.3979524282368604,0.42573196280351533,0.0393882554403211],
[0.12696230255471552,0.4354687857723022,0.6670679717531224,0.01921052944567927],
[0.2716768582702399,0.5104510791616383,0.8883280020048793,0.029307862173419644],
[0.3041181504107129,0.7114326382315915,0.49515187003472827,0.016099549498103924],
[0.9921289298525264,0.2785585576848857,0.6171583796675674,0.06970258454989735],
[0.30442338753785037,0.011564038571739488,0.31279165893314764,0.09016952523832801],
[0.9947273213713408,0.5340491254022108,0.5453150620071789,0.0397270794504172],
[0.8567353851577256,0.3916242551991529,0.8587583181158295,0.0339679633540985],
[0.334749096429084,0.290817352625364,0.5823234691918465,0.02423331583391676],
[0.4340442630224075,0.75558221067929,0.2505541386302045,0.038563402268980716],
[0.4688147103133963,0.8033487272214233,0.7872270110144147,0.020463214836981693],
[0.730470204134945,0.7739787615395564,0.5464912644994556,0.02291458263876034],
[0.5883972680412584,0.015876297030057218,0.17809651526118908,0.03102728288697304],
[0.23908256413799867,0.8039358560477775,0.6130203929352235,0.041205268037273785],
[0.4316992527822082,0.41720806847801173,0.10634983588593006,0.01778329722941452],
[0.7098367218280577,0.3030660859660108,0.8129484140175499,0.1053893534284578],
[0.37818613287665703,0.2302818603479534,0.06175324585553177,0.03476477679919456],
[0.7209642665685747,0.05896808799400943,0.1883224333514809,0.029699414968630954],
[0.4719776376294328,0.7895485874736333,0.2990887477548849,0.0198911072830361],
[0.478596842589477,0.7620491696762891,0.26863826406536495,0.019567061914584065],
[0.41894060992331406,0.41317738270351356,0.5829438831040532,0.016269204665346523],
[0.8400952842213861,0.4432387164084586,0.7001264296531494,0.015314363073910396],
[0.4832800760769097,0.060843490022954416,0.02418401466110187,0.020244296073564746],
[0.4881478374093088,0.9021237600766635,0.29884526037849046,0.02354444162590265],
[0.5175924305600893,0.22005516317537865,0.20579778091821732,0.02018949022613556],
[0.4606034453085921,0.8273397352115387,0.18314420558915867,0.03683232416693872],
[0.76092349649954,0.9320275080173716,0.7464851090568095,0.06706337894769471],
[0.5035887828566509,0.2865080279732892,0.9537389589190861,0.041714502461977956],
[0.33519123375021675,0.3681686757787175,0.9067129639014269,0.039395728294417925],
[0.39300664686739983,0.3939858223602959,0.10873150014688349,0.036593795980736296],
[0.37631038364327496,0.9022579621691926,0.4185364069494566,0.015109618729515713],
[0.09387517596968908,0.5165710431991913,0.6367934842462365,0.027097857376462572],
[0.7753645138976067,0.24336492931257814,0.38573795193864724,0.03019215002516009],
[0.05264281656252001,0.6310071500258254,0.5077574247195566,0.023405808527583345],
[0.8782320103544291,0.8491312140000469,0.627334073316084,0.029797255539947998],
[0.9506939379219589,0.4515854957668243,0.7997865588523851,0.02320132956103106],
[0.5676645076955354,0.597553997077861,0.38412075062376005,0.01626171556406432],
[0.7037164524142873,0.44929173745667383,0.01098833550073064,0.04758613084048431],
[0.17470009882092785,0.2031276109540684,0.37669968646212126,0.016962949176162326],
[0.05185968255536311,0.1285108739668387,0.1761426892490553,0.03437540751721821],
[0.3715815349616741,0.46700718260790997,0.7079328328862924,0.02196211110166875],
[0.7880561721873054,0.23783672938610234,0.4464308379734728,0.015395155306813051],
[0.7850637151604807,0.9237721650328007,0.22822916251479475,0.08060448456358253],
[0.8681915520369502,0.3648225495696027,0.9366099795254796,0.03293216475188615],
[0.49588813749559024,0.25651683297676087,0.8306563252365866,0.028152965156639467],
[0.5571087908687796,0.5358562364803111,0.47440333923937195,0.019579570628506557],
[0.547934069659006,0.7844834203868792,0.9035509269019073,0.02173364355032561],
[0.47710495834273015,0.4755866334654488,0.7966754146585048,0.02209263044461967],
[0.5613166369975207,0.020698820187646128,0.2699355999692379,0.017348405833072067],
[0.6278083633931903,0.6488078835085879,0.45892862642569976,0.027369960843928003],
[0.41957977112683387,0.5858935479213409,0.14918681718011229,0.015238071559159776],
[0.2050366444962599,0.1944812013025441,0.47810747273770604,0.018328969033211254],
[0.45582177330022144,0.8382985146190193,0.9957322314462002,0.02000538899331144],
[0.6748195034784323,0.15423675849296758,0.5375774798744655,0.023102723225338365],
[0.318410428576255,0.3287644772907383,0.20499600256273942,0.021830313897461942],
[0.3834493017687297,0.5869750217489725,0.8569140454286805,0.021718179883593383],
[0.4783635737629761,0.07533207432860012,0.7211096990859943,0.03481510295761608],
[0.6696905173743437,0.710600200063398,0.4724988878839542,0.03845404239990748],
[0.4820148545779004,0.23421671756904294,0.25533333084919607,0.030865299977811317],
[0.06713569283252208,0.6531382552582445,0.1600569901405946,0.0732855160832889],
[0.33786739015273715,0.3013492095114735,0.9545813911441536,0.08572966597511825],
[0.48408623897095815,0.669964823662673,0.5498968542167775,0.019755951044996688],
[0.05704578265342364,0.5983556338061475,0.8587228478490452,0.017147434386615687],
[0.8311106687865084,0.2624170669710403,0.6927565188818666,0.0936239090681353],
[0.08874849043416344,0.3634150279807332,0.856380093357247,0.03069268280251701],
[0.0027622030972023204,0.9925409321687522,0.6462804958000778,0.05812879795438507],
[0.9281022496012014,0.852296013045942,0.9388989129125509,0.05729626313433085],
[0.7445325940166747,0.22674811281891227,0.3808090059759117,0.015703688272073812],
[0.419365785138745,0.601704793181398,0.5575420246259306,0.022268706487959637],
[0.6607573731027548,0.2617479588297923,0.4157486577408184,0.0206685865507499],
[0.9565209229519244,0.45516423250659743,0.1725536570364481,0.025625680909003475],
[0.3426192114078198,0.17126503891264677,0.062447988819091194,0.0473038223476042],
[0.09258876123331361,0.27836541008784244,0.09508115636953895,0.026469616146984738],
[0.61599174501307,0.8858097997597555,0.842799477230602,0.03065707625957021],
[0.0016662567282534901,0.28168877116098434,0.4119483929332328,0.05873002965821719],
[0.48135129720764025,0.19918463801499464,0.4067299567814572,0.02357497584032838],
[0.019248139736096403,0.5083644714817162,0.7888692306260755,0.030886535181663677],
[0.6570048553499233,0.900645411787423,0.6708533099963485,0.02882125250467199],
[0.4142520552817308,0.4245624471270043,0.4077612823230816,0.03689785641674554],
[0.5953158126064568,0.6476584378393,0.6228963436185718,0.035321129769816044],
[0.2749068695421861,0.8207697521295592,0.34895631085763934,0.04042407066900189],
[0.4028400484115907,0.8525042926160714,0.8261848999335137,0.015237848351835802],
[0.8027248214914054,0.6434199844441695,0.3303391248518489,0.04283684454714985],
[0.24049964580166172,0.9889149664788137,0.38826935355555203,0.045688598103515304],
[0.052721346896785426,0.10748614855573058,0.6121002418162201,0.03127224485371478],
[0.8911116125925472,0.6127132396238275,0.8924775090042598,0.018507911956664097],
[0.6146473479444708,0.8018354678466804,0.3789328381132626,0.032533305984736485],
[0.6859725260169731,0.8848788415129619,0.483168274070085,0.026721577365052332],
[0.8849431176051338,0.27242104234821873,0.07832596059189889,0.03427838648969081],
[0.5592633715766017,0.024844307055851833,0.6131726910077058,0.02704109485253641],
[0.7022588988915551,0.8890276327912742,0.4057524514172822,0.029595270457461242],
[0.7943320097068008,0.9986605713692965,0.9095809379544151,0.08564257112564148],
[0.047634469723410455,0.5338681027632581,0.5351886913810747,0.01973849441886784],
[0.6028320172330474,0.42390399771868414,0.0823960812136526,0.019188823716472056],
[0.5932680432967327,0.4512364861541679,0.37571589114420034,0.018005714367276188],
[0.6857609936918815,0.6897944031899137,0.6464915864589946,0.020251835157795897],
[0.2104686916673778,0.06798218233908193,0.5158713239749674,0.022087648850825606],
[0.06752985260207789,0.6003765201314395,0.9212770090910714,0.016989153178053225],
[0.45118583331651707,0.1223590728349826,0.6986026525150232,0.03218122447042419],
[0.4937941884268693,0.31059904591498655,0.6410441453644524,0.017751341515285964],
[0.6124346533475666,0.8461897763708035,0.7139142230219236,0.03179132267260256],
[0.5969977664741444,0.6516904684698068,0.8660586076343092,0.03495489652532578],
[0.5942721243411299,0.943170540974382,0.1314958760783086,0.021606244503626096],
[0.3123316376045233,0.9586136947148595,0.8304538238486489,0.05313195467241537],
[0.9072660737916112,0.34343458368645075,0.10420788572961692,0.060445799244678494],
[0.5174717696577922,0.22234373673533725,0.16374461700798293,0.023078605639120064],
[0.2534729222814952,0.6421720930220632,0.8757504593293783,0.06387413045934989],
[0.5498551545096347,0.9183603436611476,0.6388563604406376,0.02871810572058652],
[0.8018569993393752,0.23057278245299484,0.5947503107478856,0.023669913828516582],
[0.00444481968711985,0.6169743253339449,0.9827798232812294,0.05678868771807953],
[0.07704480860308727,0.6311887050834186,0.8596003745275063,0.04016660841642317],
[0.4186013720576821,0.3104353280952885,0.6925667258687365,0.018616590967455278],
[0.42910808081019214,0.5989545146232161,0.9862886700813329,0.02630179164218134],
[0.7313438456243384,0.37710875962946855,0.1835844676926388,0.02109567604867183],
[0.8487289401332374,0.8576426797429303,0.6454256314229917,0.02420411352107455],
[0.1367902617647332,0.05686428690480372,0.23322298253043527,0.02896654043964806],
[0.16182970493971038,0.11537706953571558,0.5376540027102417,0.021789056641065258],
[0.983173043593953,0.33845569277649823,0.5590696465425231,0.042917694582384154],
[0.24290342976826018,0.9566055004215611,0.6434701066958443,0.06429412367593698],
[0.10635808721537876,0.6316223748419059,0.06160051009461531,0.04596591984148944],
[0.3810662175483739,0.802097957879121,0.2887835949938491,0.032977985954749024],
[0.6146760030273719,0.8454653819309321,0.6053329801198323,0.03676038212701941],
[0.6171631776113193,0.6746035227795225,0.24587981435011086,0.03653452654704432],
[0.3423842689775142,0.9540416359337134,0.2815310854674157,0.04356307064275334],
[0.042314546830406585,0.4640005208134811,0.12990711912691266,0.03696690753008958],
[0.12058087696585362,0.55243023461374,0.6391304364509771,0.016107093008455222],
[0.42249734269362615,0.6619692382339002,0.32147839574202663,0.017996629867648682],
[0.11663075844955284,0.12239964876883136,0.16472090005918372,0.026768123659156068],
[0.4902983709853649,0.7578449885748226,0.6447759747190241,0.0335028481217654],
[0.6147064750428674,0.11004779987308289,0.6776747856186615,0.05762698294825275],
[0.9958777450156353,0.10330810181326366,0.5250175781749739,0.03790718908416772],
[0.5318770132877341,0.03454639741770149,0.3825961133348035,0.02114350315485286],
[0.5963043982939531,0.9891175904655984,0.9851065910195813,0.016853444436602846],
[0.5021612239436672,0.9841211234531139,0.1832397969326629,0.026587086597128988],
[0.14746700860002504,0.023709314221023292,0.26803830675331175,0.054543960396273114],
[0.5397387610689639,0.7006008271690726,0.8801799387919672,0.035256999868840705],
[0.7280038948107515,0.47350008544280187,0.16259632180808625,0.027791310499062763],
[0.013096641877004433,0.6474648142898562,0.048328649756940845,0.056034905358987405],
[0.849148472531931,0.019362036157518525,0.4249328759900044,0.028326893275625667],
[0.46231489377929247,0.054339688849035506,0.27954490184453373,0.020639527685200658],
[0.8019237734331102,0.2462702931793006,0.14874187157447671,0.05182072499406043],
[0.4362253910572341,0.7376868467508547,0.8145939707646214,0.01584818816973203],
[0.3100158454587101,0.5649735190482077,0.9011233262230521,0.03726930081862833],
[0.7784743879316244,0.399321250870169,0.8993999242769313,0.026031299923556357],
[0.6134479171468049,0.7596096362658834,0.5523061745918649,0.02655179902489599],
[0.19384416134270288,0.08448845577767239,0.35600856154143534,0.03417339021123643],
[0.7228076515344835,0.5756998666179469,0.7137675272321885,0.02962961897744503],
[0.4663310282036607,0.5478405420545517,0.25579569714867956,0.045897507471060764],
[0.42651280113457135,0.6995042498708416,0.852666488309896,0.04093897565401747],
[0.030571780217888533,0.07805363463365433,0.5950453941390634,0.017545322676704105],
[0.9482176074594978,0.15724663549647322,0.5169133123605509,0.036281536492609255],
[0.37905697250650516,0.1758184107105265,0.19289736954708248,0.030945060283334623],
[0.6056279112101176,0.38670619922202487,0.9557694993449788,0.055566766723941674],
[0.2942875808633172,0.6722478590000951,0.9716553048464295,0.08104896055160578],
[0.004997462092303007,0.4485142155984275,0.0391825353067784,0.022849551883324708],
[0.9017520762373552,0.45975678232717376,0.13193299748651943,0.01929075595983882],
[0.7336250806157993,0.661942790236285,0.20672650210987442,0.05927377161561183],
[0.6113394327848213,0.4858137833720475,0.8226903669375337,0.03462153571714018],
[0.7381444271303003,0.42115268466196054,0.6115863726221211,0.023849527954287283],
[0.03506138891123145,0.8386338594583036,0.010135735276352809,0.23413593931808985],
[0.8273653997628323,0.40246395053075135,0.4479918029516132,0.024844539708204466],
[0.9786856509917753,0.9946574182422173,0.8547696841845216,0.04101953473501204],
[0.01011819134195946,0.21569749721480513,0.14607466423296633,0.04423508678974475],
[0.9273932847487463,0.5205230501344306,0.44099534099696314,0.034458989054674045],
[0.277033169761447,0.49688971442746976,0.32638720518758246,0.02828535533000444],
[0.9826035746910111,0.34648896095329407,0.44314746303493724,0.05408581890060307],
[0.4916078426015823,0.410631058202372,0.8835870515571815,0.02434553025720971],
[0.48092451236503797,0.5246604096208446,0.5779730019892785,0.021062090065610044],
[0.07976302576285665,0.19241308113578282,0.37988324081175295,0.05081627028302303],
[0.6199453123694055,0.41671672286334505,0.4938578207654133,0.015570952347245995],
[0.13948792875612503,0.5422596589214844,0.1854348426458753,0.03160585352953634],
[0.8987559792899004,0.46798095773030624,0.36125847898730024,0.018013745467798513],
[0.6506062442809167,0.06236339800438495,0.11363593999757027,0.031251357986184634],
[0.2953651313925104,0.658636912434294,0.6316666564297526,0.052668936787357026],
[0.1354730122804474,0.2959392666661328,0.36661448299260424,0.03868449038101125],
[0.4447460443179134,0.8455915080769357,0.24354978860199583,0.02066416396308593],
[0.972837714197231,0.7998916582960544,0.7610156111092704,0.03373621189906245],
[0.6131138449350646,0.6055089544956863,0.5316654680680585,0.03390603233154408],
[0.04649263518049418,0.5508378100383307,0.38533833892800295,0.021202501829669596],
[0.44849445498879625,0.8636017380533553,0.31368462371940287,0.026245473265725752],
[0.5393052524015957,0.6641767045713131,0.22818878024571498,0.031927991585569374],
[0.15093665458172545,0.5992049877115404,0.0002732070288630206,0.053753857945314384],
[0.723024663578538,0.9601796574119142,0.4662347005024058,0.02561354038997339],
[0.5140248076417598,0.12333931299474243,0.8223113756115686,0.020050166895940524],
[0.04429616140222059,0.35802247554721833,0.9873137843173889,0.06897636773839369],
[0.6610299457610275,0.3306205361313642,0.5886996399285708,0.025643680601701475],
[0.32117585792714876,0.9645384109228317,0.39774948836676793,0.04825042083052006],
[0.4852199537768923,0.8791278802356612,0.48805993014650273,0.02350037780673353],
[0.7063429139784486,0.5172833160651942,0.9658696507741075,0.01977044046325483],
[0.4502067628595161,0.46427743805546506,0.4858970096280516,0.01636972378109014],
[0.3618160393926454,0.991850526208683,0.33945380370643996,0.06679351824104172],
[0.6152016947126786,0.6416100724674331,0.07224735779147773,0.03648275040846926],
[0.0018795803044455717,0.5160427481463246,0.2585365039983165,0.024872619389383177],
[0.3291332600927396,0.7389680867232186,0.43031612271046404,0.016238864619934776],
[0.08202840930345712,0.19363302674997496,0.13826385921808626,0.02714861063442648],
[0.38167631622455844,0.15272159943615293,0.26532843024520114,0.039300821347152314],
[0.1689952245068297,0.4588375975165262,0.7918158350321347,0.026193871189898493],
[0.7438638562217783,0.11030382322203713,0.13138308317276737,0.024081733834412304],
[0.3427823878678047,0.6283291565577874,0.6448892564655885,0.028043524858418982],
[0.3471966118783585,0.6432487056707545,0.05953395083890489,0.046613854205419414],
[0.6135089820772374,0.9638150722961852,0.40202671605005225,0.02131842947768528],
[0.5497226964020928,0.001869732388861789,0.2986294124192126,0.03179762121667886],
[0.6521609324241092,0.15528862103033392,0.5607861430006719,0.02747335969159971],
[0.59547006520567,0.08362356128575432,0.12766482990676475,0.029301241617557164],
[0.9550518838292186,0.3886965901289905,0.35880643460214723,0.028227220394335173],
[0.4507626895270853,0.6887687087718879,0.9671486887008445,0.015552062080286724],
[0.30114975255613563,0.24470803779833206,0.6496968847420885,0.05682946926254323],
[0.23094433586398888,0.5340108657678037,0.7585184757699172,0.017737589180460665],
[0.03222350680896324,0.33377683063767716,0.06755366551512043,0.059244044734398676],
[0.43210218051421134,0.27569078058601926,0.0987747924167689,0.021150410915178636],
[0.47786830367344846,0.0978599046750952,0.8246820796613684,0.020532916139006062],
[0.23444599476814332,0.37090288334627697,0.336864470522641,0.0481188851616339],
[0.4774462210240421,0.32696703789904713,0.08592700133470232,0.015873794624848656],
[0.49880712790885506,0.923997427246121,0.23032338077336723,0.01852441503549323],
[0.10696319755701356,0.3056022335243117,0.3339039512441585,0.053146641767737104],
[0.8476997559102881,0.213575669017532,0.5531604113530267,0.035100979691125196],
[0.5802144906753791,0.9948411506506203,0.1339752106476454,0.019805968673824143],
[0.4106200651456514,0.34582269641266195,0.19474343984148224,0.027286135076468723],
[0.17407413479408518,0.5256838964170816,0.6977140783682237,0.025861757143610567],
[0.6539129202413488,0.48964375067898125,0.9812602507251105,0.03820500601425876],
[0.2651516675570196,0.40126230600634527,0.9031856436721739,0.019468764945190106],
[0.7956397295884987,0.2603416672759018,0.2711428818885121,0.034468909091411835],
[0.3148715620033067,0.8402662737084988,0.2960620566456684,0.07594039388169657],
[0.04337480783662562,0.5746782512223162,0.4983941081780373,0.02143742037028415],
[0.7342248218731302,0.7489197451971726,0.47244050200016574,0.0395598423080272],
[0.3404186463593869,0.9876908837217718,0.5955880763134594,0.0446474195580885],
[0.5477457413361659,0.7562529400525481,0.4623174757589712,0.0351854122259748],
[0.03970516440958094,0.4264359200236888,0.6204869198257911,0.015630830766832516],
[0.4634141112790451,0.865445323566389,0.49317365302084337,0.020391983224114854],
[0.8136900145603448,0.6646671530036095,0.012942334590483662,0.06059690327615615],
[0.4940417921727659,0.7531225571817166,0.4333769731195839,0.03619480611949917],
[0.5599827932385052,0.40165890773694346,0.4856021731506438,0.015595420217640623],
[0.46793342751808786,0.9819666806120444,0.0722345946632239,0.032081157682600434],
[0.13197530984635164,0.32294011058240124,0.047791093903273185,0.061766823121809186],
[0.1157884288781571,0.8601061831767451,0.4312074587747722,0.022221449780119848],
[0.42456138298692436,0.43924726824628935,0.32494176430458177,0.018675907092654716],
[0.8298731279232937,0.609783184103141,0.08014394403171576,0.03404552133609291],
[0.4871128845679985,0.8716441625357539,0.29891848416864664,0.02041952840588821],
[0.3436948353738625,0.0515853828866667,0.439649505872699,0.037294802194965934],
[0.8776668185864845,0.9428928945096566,0.4469568634738095,0.022448837203787854],
[0.3332598819452286,0.9837752527510947,0.651853615398902,0.05927896753038618],
[0.5912517033331016,0.15087139358443868,0.49654807087646635,0.023731403996635612],
[0.6990296647980554,0.6506039700780787,0.6460590739050366,0.026040855165146065],
[0.5966129209402232,0.26863982997520597,0.0732554153334084,0.03244891634196447],
[0.4300615297603442,0.0490069425168691,0.9818754642583377,0.022959171270585776],
[0.6389920984861573,0.8151656498742187,0.3961117015039829,0.03846394400106688],
[0.47187814823345153,0.9073272643025881,0.20282037159476318,0.015116935472532237],
[0.7136444972133859,0.12104349272581871,0.31340722222409456,0.01808585956695794],
[0.2428578837471841,0.2648825974774951,0.3236363820664986,0.04572298855375102],
[0.2249175003496069,0.5002361470731758,0.9170313728413725,0.01541424179879165],
[0.2668350860861758,0.43987820349985896,0.5384941118981897,0.016047760876199642],
[0.7284896351331248,0.030928210743291218,0.4440507597801925,0.03461803332269604],
[0.5822082426925141,0.2500548857279514,0.2455271663757438,0.01816608842783092],
[0.7017928678277856,0.3529121523215487,0.5851660868993999,0.04140212789303008],
[0.05295739839125202,0.7526541856824452,0.4443808019840132,0.018582158234249094],
[0.3505746307545835,0.455306558595732,0.43441548427228516,0.023020391450384585],
[0.2603734426959723,0.4123970450517793,0.5040585520096778,0.022414342863268176],
[0.7896525412047063,0.7388887478008513,0.7865953327616815,0.038676646017007814],
[0.08000674490455628,0.45368154185740595,0.38842404421457166,0.018919818943660245],
[0.5030996629381185,0.8800171751230387,0.7455622370769065,0.024329532152882694],
[0.8330881231491379,0.991060516411461,0.001055291398801006,0.25115650433712405],
[0.28482834515698296,0.15690978836161207,0.04608245793026311,0.021511901507048625],
[0.4667715585296234,0.8163956337021288,0.3185085281468063,0.02465556692772801],
[0.8997319683896402,0.5805426734436814,0.17806388133162943,0.027511243170799303],
[0.9633816545625554,0.9657932698641754,0.38568563091694885,0.041956481198023414],
[0.6567666252139004,0.9145588675502013,0.8837315245444277,0.020774915971060674],
[0.31828827855212594,0.6507881160494972,0.19667870176075353,0.07039265216614114],
[0.33441329847841306,0.5101874297358849,0.06011400207798678,0.03057544089785383],
[0.7480109695107896,0.7645254927522681,0.6181759232677143,0.022183921209870755],
[0.6931620946294847,0.9750178494120935,0.6969803307903684,0.08804882821053857],
[0.39874233145015137,0.1212955819767364,0.8082601468439702,0.03169383009451612],
[0.3003865189191801,0.33963751609480697,0.1234839112089241,0.03973873219052632],
[0.6583942109759794,0.6045895736597305,0.8008687243182431,0.020480419112490413],
[0.02621120157889867,0.6410906305049973,0.5341703215108843,0.034216672259518924],
[0.9242461450973142,0.9693302145526733,0.6896938902405735,0.02411210431605664],
[0.3987263733603965,0.20049531658984487,0.5150095271097532,0.017947204929679703],
[0.5846179427182795,0.4219194717364694,0.5914602061384658,0.021492992580113474],
[0.6593737776219478,0.5586840447173455,0.8023482433752364,0.019837446890794135],
[0.7526142408341991,0.09005474241130418,0.22083164242118436,0.02136888750446069],
[0.7802338701936851,0.9005057452097621,0.8346430828227571,0.05625015354921306],
[0.9602893015786423,0.9261509970065172,0.749874330240232,0.032501776602037534],
[0.03589861406874584,0.45640738241610435,0.4860485254156145,0.01915117887906871],
[0.7940341977834214,0.6329201663413929,0.6431057842676161,0.04220894040055103],
[0.16207977452619304,0.2752238624011286,0.10741244712515952,0.02949373483669261],
[0.5147104596073881,0.8840090442261653,0.3969336547035588,0.024754079565384876],
[0.6939952328789436,0.6545310635012355,0.6774771772501905,0.016813838796760565],
[0.7403727173224552,0.5464579273195355,0.049062350796872156,0.024682876995670698],
[0.49398053530154884,0.2660228720842496,0.5905875997544744,0.016813154591877898],
[0.45619634869926373,0.1367957513836593,0.1454031299707057,0.04283284846282745],
[0.4310592869172065,0.019135596784903397,0.2843816966893631,0.04231244157946805],
[0.6520552387098627,0.8244246243902656,0.6324374587160733,0.05494935100389521],
[0.5285542219483509,0.369739075618582,0.4697129107889705,0.019426905301636613],
[0.842334195654858,0.387217854303751,0.19866102361855498,0.024656553365650653],
[0.5369449757963225,0.6934299224682289,0.8183275159428028,0.02052960433816274],
[0.39740128301806854,0.9473272310528551,0.6171742063213456,0.024863227986762312],
[0.5752234434625446,0.8388446347726951,0.5902050991579436,0.03098484517564931],
[0.26470844412745753,0.21905360438206323,0.3181573292981493,0.019981534388024767],
[0.543408368335705,0.1745356859893341,0.07248636743553849,0.025397567897806964],
[0.4650800027083545,0.41266610306794316,0.8218078249283348,0.016307733503698622],
[0.8586617236170514,0.39551662479579097,0.5872964132803333,0.02715857938788773],
[0.32043926278407053,0.7263166686017164,0.7352365522953273,0.10449042070311049],
[0.3299848946798769,0.8841396019688881,0.5502446288527844,0.02472578817959384],
[0.8240276355337549,0.9829735592343521,0.5011923207009824,0.022435322156323545],
[0.964167534875634,0.7426934951720103,0.6328703627060867,0.05163353109958972],
[0.5727833309180254,0.6391656567277924,0.10628477804477421,0.0208922231518663],
[0.5301940426367825,0.4944521706794175,0.9321509182370341,0.021081463486276805],
[0.34536613466929944,0.578654516911084,0.12270240138522004,0.016150062000582773],
[0.36691489297541213,0.5597377908564687,0.02369984352430632,0.015685533350366935],
[0.5404520271843843,0.746226126123463,0.6077501273883187,0.015764851660377534],
[0.32889147042076594,0.48002948165913717,0.3569964322007684,0.01741482928276384],
[0.4949560370273658,0.9338473648403508,0.38189097415684714,0.02368828897310018],
[0.3625163766675903,0.6323622406768097,0.3017961978448931,0.041034669305070166],
[0.46973790103505575,0.7030822640288513,0.4793528325311226,0.021604214354033792],
[0.6132409744213859,0.5642788352171917,0.1230038146414526,0.017340188219116745],
[0.44180603686967634,0.670138127798835,0.6476605258136039,0.03271251958222522],
[0.20358734577686222,0.08638662031742284,0.10071452828670369,0.020362501203312476],
[0.09550692685764606,0.5165373227465327,0.3247854916636066,0.036414961367431484],
[0.40446701378968797,0.4274734419280112,0.8649708478335683,0.02022898788602053],
[0.40012409076400046,0.3074529705580835,0.6542901873298643,0.02357370482501444],
[0.6184169913119024,0.8574175686019421,0.342118778492402,0.024910441000817678],
[0.18817822566774034,0.9774027296278841,0.247611721488867,0.09728985691322392],
[0.28928045513860523,0.7660723378210034,0.3106978317982695,0.09560811289239086],
[0.7522922838241182,0.43169220260438934,0.36536243229616505,0.04684245481535213],
[0.4886163165500288,0.4473909005132096,0.4002651397505568,0.031799587962157844],
[0.38510210675508416,0.7831282096947134,0.0942154161919091,0.01905848057254631],
[0.4223490205585706,0.22092658399776643,0.7705370261301732,0.020819722326970082],
[0.3670078449375578,0.7242779735951876,0.882779972337972,0.036629565298162366],
[0.9470379621177519,0.6022752674930634,0.5692177886510639,0.02469166697223283],
[0.32379697446997313,0.23329021366481228,0.8286136038036233,0.07774726070962672],
[0.5405485155022773,0.45938935847341267,0.9697439918034432,0.016787260264250363],
[0.6806615979641514,0.9966930712643266,0.8163805774801515,0.07720511377937317],
[0.10643424959904213,0.5037108550512039,0.3613447595562779,0.041465986919030424],
[0.5159211144694518,0.4442300910538516,0.3497509793731144,0.023994272147762806],
[0.008931332784380297,0.18688725147955887,0.3646264590213092,0.03818840114017645],
[0.4608768889426097,0.025860647332099806,0.04565891850819104,0.01988891896732775],
[0.7728732813131594,0.5093257987841159,0.03834714307706166,0.01970097058837013],
[0.5992405191551419,0.03436947560956549,0.4068509026169629,0.02588375177758205],
[0.3389110610677445,0.8085563226145016,0.6440725766397689,0.057878565188035386],
[0.37650839075351306,0.9430289128288225,0.2534958544151449,0.045650612028057966],
[0.5665402988060396,0.23064761979671478,0.10999667066699559,0.015188467645927385],
[0.5063504683561901,0.2768420230972204,0.18624839786642988,0.02104517385863315],
[0.42701191873074373,0.1020920760276034,0.6840585955957306,0.03337141602459476],
[0.3451774654253583,0.513085630655543,0.015118307559730648,0.04539098754909159],
[0.4047508763609329,0.11860002562137173,0.19833249867835867,0.03015381763927226],
[0.37947017612343026,0.8470189319070569,0.9876609937131821,0.017003005452393284],
[0.2823052083326353,0.9461072181345047,0.5019385048310078,0.016665944993698882],
[0.6019104707715094,0.8297365581604729,0.2805502678355407,0.046439913079067946],
[0.8608745164697481,0.972532729162419,0.46544199211990234,0.023220461892908745],
[0.5759340709025671,0.5434300559292853,0.46056773507538074,0.031898452489006406],
[0.9316682828222596,0.6247980842567102,0.5317838507471666,0.016017151641951163],
[0.9857412023714818,0.5743617014623447,0.08156755704018281,0.038556539607515324],
[0.9396688449845711,0.044971621604795065,0.5151204018352521,0.02517310425334017],
[0.6049675882080893,0.9367719719629074,0.9150183623910519,0.027793038921080288],
[0.01146100964395369,0.10205973041668259,0.1951498401731988,0.07199735900553357],
[0.2346525194919581,0.7587493437997892,0.5854863460735181,0.030437139378681442],
[0.7961887181262894,0.10994567505050445,0.36868179452486216,0.026666788583075182],
[0.5344017588881772,0.8088961476006404,0.33303620490361874,0.018486839153821634],
[0.17073851948392327,0.5290986735144538,0.8965918238637683,0.0199649473083943],
[0.925607209360944,0.9020520856758434,0.4500230457427544,0.03152519823613262],
[0.997676969725326,0.2359965419984541,0.29742799456497837,0.08939919561315349],
[0.169624156154356,0.3960748660773391,0.8507969066085583,0.021688217131008422],
[0.7000969192737918,0.2023659496702096,0.5565280442202583,0.02117388698753145],
[0.10853387680666338,0.951286626065155,0.5024921809205554,0.01963479576759021],
[0.7968730381617274,0.2950987289673874,0.07535911679153906,0.03816058993258678],
[0.6087088162217107,0.7797711037925542,0.6110971134863507,0.0211940096533534],
[0.26991692539402423,0.3865225476763513,0.6070513907433985,0.023111684096550962],
[0.9926399875211724,0.6470610276645048,0.5757944644421589,0.03511159533445372],
[0.3494309900324082,0.11380463681457198,0.011804699119818296,0.07940369043240297],
[0.9157726153826873,0.8465514588611464,0.6352890215164345,0.019725800686793263],
[0.3286292222896652,0.20036663683707057,0.31794558551881114,0.01697139360317653],
[0.3172207713963009,0.7925810650461681,0.5695141653624304,0.02064690041135444],
[0.8043898299897424,0.5195386702095729,0.563791667420726,0.021545652966740277],
[0.48211105875107396,0.5100941943868236,0.902620811876533,0.024336117492744683],
[0.9619153881232103,0.032893921488690525,0.595797156508207,0.018766491657175838],
[0.13160593898759376,0.6250886817877791,0.6179927633848437,0.019887798313788257],
[0.24107757853010592,0.5735839086938946,0.850826050388384,0.02849528574418493],
[0.33960404838035085,0.015624056865036984,0.13878228299802065,0.06821724554206707],
[0.48069861134375225,0.9804136294077718,0.34814007398473135,0.023068887623128233],
[0.7614113431766661,0.83348368057936,0.5138815571942019,0.018607287118643324],
[0.42221491761498586,0.005700239527195228,0.09722779710567675,0.02894902828419555],
[0.707682708623693,0.6503435174281177,0.428548099765205,0.031937492392339464],
[0.6932103249370037,0.12585388233310246,0.4827204830582301,0.024954420428676856],
[0.5522413633170317,0.007081467078204895,0.8768165782078159,0.03902523418015302],
[0.5655454275668822,0.9065054623791027,0.8290956838907347,0.029575194402607446],
[0.5725181328073335,0.2113459731945736,0.16916443480382826,0.024305412545206122],
[0.07769930566021477,0.13204978316423988,0.5692948870215303,0.017757311150855826],
[0.11571069636467979,0.5571716497127995,0.40537819161545574,0.02434576072224809],
[0.1601802700587911,0.7057906588167809,0.5176713984941365,0.017733981267733172],
[0.8885762166953496,0.32686949105644236,0.4517543998564797,0.01964381061542053],
[0.6570457461817124,0.702622127099886,0.9732925610266184,0.08260179082703967],
[0.39419476471991577,0.650070736490995,0.18902341478778428,0.040620732278723634],
[0.16881150192192218,0.8463144685343343,0.46143136204509727,0.02089899494918874],
[0.3448926395594598,0.5257319494477299,0.17169879923950426,0.02546146787761202],
[0.6583579624536503,0.6739088179573445,0.499641336660416,0.051079915596953754],
[0.02353044529093118,0.052680056542963705,0.32204461146372754,0.06791398873347283],
[0.8095673049773229,0.33548169637525227,0.4041920807827878,0.023949027984671092],
[0.5157375821944801,0.09219326570693642,0.8549428082457435,0.01586925016911865],
[0.07521742313290247,0.13549088740505288,0.378463135279244,0.03532292935970131],
[0.6113807215069343,0.3646730993932088,0.7646115868933003,0.04134498716743038],
[0.63171937844964,0.9229557617073366,0.6582783749565441,0.016337373058423824],
[0.07105377008661573,0.4395077781777731,0.2275954928830295,0.01875753482061468],
[0.19324626503559172,0.1443581126085789,0.23842468070791456,0.03670801533540819],
[0.4652328155064869,0.4004311318442907,0.324607291117609,0.016523331404834328],
[0.5632122955856503,0.34829756981617843,0.009052274884460476,0.018291764954818115],
[0.45481429969258436,0.7859477656116987,0.445328422172374,0.016016491400137656],
[0.8935770801060823,0.2773830929893356,0.3252229220195757,0.043234634506174825],
[0.38729756870059895,0.5924746252550327,0.16710350252372674,0.018758608015860295],
[0.4626118575724263,0.9485004173514477,0.726283548712848,0.017229663750416048],
[0.5519152719700087,0.22852315466792583,0.8035423702110435,0.02264556420478181],
[0.9680084316184202,0.9295901035122354,0.4829245335239062,0.028406585901150812],
[0.39355282737265895,0.26476329518199815,0.7356040033075101,0.03753568492645736],
[0.02250120737745931,0.37397506173409123,0.6173970214781523,0.041884435217593226],
[0.9619321652188229,0.6464294289067266,0.9694729622701912,0.07885041286816091],
[0.48129928441156966,0.8235534283552756,0.894940840588621,0.042128950820199206],
[0.6871744726007145,0.25310761169630613,0.3543948737280832,0.01849109405692343],
[0.452226074939419,0.07518809808062044,0.8243199931893921,0.0315202140931422],
[0.42316152923606853,0.19255830648616712,0.4087849266146979,0.023001117228003132],
[0.9436846346605163,0.6471183126815996,0.5510891009246608,0.016116380514459544],
[0.903695500173281,0.543449789142784,0.20770829601411467,0.016826722369426263],
[0.4366892408505092,0.8158985540810627,0.21215383748494454,0.042463359233822086],
[0.045649494924623446,0.3278346217860155,0.6225966108244093,0.028555744959172485],
[0.8453384435609561,0.3371462396321956,0.025178970953257274,0.06783151338222902],
[0.9732369729853279,0.05638534325280631,0.5834983574560566,0.015007447916400983],
[0.05189392241972424,0.5237383093023991,0.3089623160358028,0.016141460131674498],
[0.3299276821814471,0.20208120319324374,0.22954281806614285,0.031508781102104054],
[0.4359548097468693,0.794938769481897,0.7274469697189121,0.026506643831762176],
[0.08975416965301797,0.5858110215049628,0.1933317499083429,0.016281371459308594],
[0.8784773345359416,0.5269070155626775,0.4338307769110621,0.03495241396879603],
[0.36656479500997596,0.02552373876634828,0.5637179592840277,0.02779125452731617],
[0.4839535258675133,0.8366899763028338,0.2498683423760516,0.01631892316054971],
[0.9872242465342326,0.973095543450392,0.7576652371659387,0.07350149186385532],
[0.3872405297532473,0.8889076589555996,0.4123347459552128,0.019163867455157094],
[0.2702974159955397,0.6366338029327386,0.5326280474629069,0.022545485150558833],
[0.9534391424738299,0.7106589875082062,0.5566066501875961,0.01561879020675],
[0.2636148002622001,0.9705467104285493,0.7506993634329889,0.08404121174164574],
[0.31468631937278924,0.9977615150030346,0.009436581794341703,0.08457063233868241],
[0.26083740709340286,0.3038333982581133,0.27410718414033575,0.04171252054959961],
[0.35504230839722295,0.8750850424151133,0.7547209573516359,0.03362454212070819],
[0.9410046895009008,0.42670158671867064,0.6956975050510502,0.01780081125172253],
[0.04210487060502388,0.937898976393777,0.7560486405599391,0.1470299595032737],
[0.117574460041457,0.09479937701151353,0.40945316070290305,0.02341775575468167],
[0.6104265380869331,0.3220612143075766,0.6247134054151857,0.0202653382228005],
[0.3131877597010798,0.27744051771546985,0.19045498263870164,0.02464906414766191],
[0.4265040526543049,0.2526265402623247,0.8198038162933037,0.019125809734039927],
[0.4920554727598929,0.5600599205668791,0.10319844651510546,0.015035693965166356],
[0.8096147768200916,0.045016434346722534,0.3164263503328578,0.03132378803139569],
[0.7470711716604874,0.5823886474916539,0.9906851329163399,0.04358025100813182],
[0.9548354886965887,0.6815383715511256,0.33095908973406807,0.06085424290974832],
[0.9577414898287465,0.8180795759597802,0.3272540557745979,0.023713481581972846],
[0.12611459579068218,0.116474900525663,0.11005528260055808,0.034679314169421695],
[0.6820392273576078,0.1298593185719501,0.08981313511821876,0.0178197033124397],
[0.9654050191425572,0.3851856031483246,0.4017817863522588,0.030010554941373196],
[0.7400235877370699,0.5266661399975022,0.5210070505761997,0.022594385515776694],
[0.12168410966703969,0.004205056033363852,0.5769236040286958,0.04122671780591151],
[0.5528625793320223,0.10450499998719565,0.7421819060345874,0.01813569567560966],
[0.5092151031747315,0.8726584069751522,0.2513291864656373,0.029838078891094785],
[0.3922970358523463,0.1888126417947784,0.2829513942041192,0.03234560846144534],
[0.5783808245000063,0.1702120723654439,0.009983608079548012,0.03339699448194907],
[0.5899294173943357,0.7633562275839608,0.5935593778972381,0.030745930605032],
[0.5311489206002947,0.9092416373552138,0.5641138219783772,0.03570220297182062],
[0.9375211520498402,0.49489329973546425,0.7715569727816951,0.028557575394118656],
[0.48635037710918716,0.6148682510993084,0.8250074715947009,0.015446452681857573],
[0.4553255467564251,0.998855350730656,0.8768435318970894,0.04950366370744627],
[0.7385259335866904,0.055489847432241834,0.37459959094647666,0.045729723330980576],
[0.8343892882089734,0.4849529316558545,0.44114337964840067,0.030170682636849376],
[0.5101728548711625,0.9882100207534898,0.6910912180091079,0.026936237974401894],
[0.471037724142198,0.6001441998325963,0.6408853229146245,0.020176697677204702],
[0.8366895824172307,0.618062554890362,0.7175523307452483,0.019326464209479997],
[0.4430494161820232,0.42425491666116366,0.8083568735643379,0.02843179066813529],
[0.4732067773666744,0.3630930462055604,0.43025659601137467,0.02130569881590856],
[0.7461329778200742,0.3856351213194349,0.3745034116105035,0.045646500105945474],
[0.43609128594306135,0.09217283196636872,0.9100489195203063,0.018042885237939267],
[0.2975981602540093,0.15246918404013698,0.23638041845728175,0.02307461025645939],
[0.4588193086045572,0.3526484350943693,0.21564191698950186,0.022423255770172436],
[0.9680787994111155,0.6767177892309044,0.595018915460089,0.018940230519381922],
[0.2422263019709162,0.4865956654957603,0.3765281213866998,0.03425694517303922],
[0.5280220852785203,0.27639497839117344,0.5737796411879498,0.0423369715006232],
[0.7876833147700106,0.7749784176963269,0.6654551348638231,0.022680241243814625],
[0.8891280939873892,0.004819911517765285,0.4193118927052425,0.02911341076422233],
[0.8496366215218853,0.8365149181721433,0.3219000052416181,0.027784924271317457],
[0.4620735942233949,0.42260677394542245,0.7186104346882045,0.016589577606821324],
[0.50366027369426,0.11110046375476734,0.13233840518006834,0.029066817880835545],
[0.21765251604750013,0.3395783382333647,0.08850008715186153,0.05103443645591954],
[0.5363902398559035,0.034809103088957016,0.29314448741255483,0.022596035786657122],
[0.5890635241170618,0.08237894949851687,0.8499655603629087,0.021567481961524762],
[0.8113390621790405,0.35816161810074376,0.7432045764314384,0.05775123529135906],
[0.23717843255257087,0.5783643409351206,0.40416757517907675,0.024672921350664304],
[0.18690677741611816,0.6402475473253753,0.3067450220221546,0.06050462478375801],
[0.2929463201266308,0.08408125488186924,0.542900201034531,0.026407872531288255],
[0.04972014276419623,0.19818486430964732,0.33542737287681523,0.049453654620842794],
[0.7583250175996823,0.027041614376169032,0.08575725566964576,0.03984186448221068],
[0.6140700330429126,0.2916393309060491,0.8572617837495867,0.02487329445027931],
[0.5498561419090795,0.8228579993253498,0.32116473225599607,0.03645100732754956],
[0.4274066397001145,0.604475663133365,0.4724334530297739,0.015453469896611945],
[0.974771230550848,0.6831520318639315,0.5111043797605002,0.020080022313447382],
[0.7604543120225448,0.06101824931825639,0.240318088872555,0.032625802262024446],
[0.7715285605178991,0.4554648112069748,0.6640210559146655,0.019241885759486654],
[0.08581181889813772,0.19193411729775334,0.17240709014797018,0.023960174142930217],
[0.3902981904497288,0.26531665413944894,0.2830170077405053,0.022711626574595106],
[0.5893598685845731,0.8130086460822505,0.1690619690854177,0.02640065417077156],
[0.6516506274754101,0.5028107524965518,0.399091612343512,0.015905393951159252],
[0.5854624141973674,0.5757885346162596,0.603943792511697,0.01760244662869031],
[0.6592219810297419,0.4545204236504209,0.21868362188110235,0.01839701822691417],
[0.28191200628032564,0.18518956206571457,0.4724348635360862,0.0256338778445094],
[0.8090359234771898,0.5543293574178457,0.04297196705969619,0.017328812085464836],
[0.6820456561472559,0.5847617045604327,0.3504219883820089,0.01544079742969318],
[0.6061885319433623,0.3319539895751633,0.43510500975116273,0.024449644544524626],
[0.9039119644978355,0.33860986507661583,0.29050327599811676,0.06447715705519441],
[0.8679614827892316,0.10122436009602076,0.24644430866319256,0.030303551978885443],
[0.2622965406318707,0.5907654139519245,0.09979876684356348,0.01661396711547853],
[0.18260076031445105,0.5552580139335843,0.20000659878700677,0.03474835192519641],
[0.08894739428372855,0.1951644875400539,0.47561040805328203,0.031231071066584182],
[0.4696613302735294,0.08672842849680673,0.34197775177008427,0.028812853733224994],
[0.4829937600009784,0.9193139941398023,0.42054212386212464,0.03239003932044393],
[0.7420078708893041,0.8949884590447852,0.6113724185293428,0.018550002840269073],
[0.6097970192472699,0.8571763510214768,0.8843603990343886,0.036600640723165566],
[0.28989667674682285,0.5585867036223823,0.4475517540745021,0.015406012536151516],
[0.8928081635449155,0.6600287064999556,0.5417918362068388,0.02160547340772781],
[0.20740287059177287,0.47265247715086245,0.08700923926395576,0.019077450309062077],
[0.3349175004052306,0.6830153862344628,0.5860873309880097,0.025656211236551305],
[0.4635403751889101,0.19551370742450047,0.07916231615888214,0.018886639640475843],
[0.4242700666973762,0.4990487562975039,0.9033945521765615,0.016553428772292968],
[0.8783855990165973,0.5116748585250974,0.9612576043216916,0.02161579371253597],
[0.6117436231576147,0.13043194726716467,0.28392805086427575,0.02234190831571873],
[0.3722353513228843,0.6454529528979339,0.9310966411467646,0.0328754657906192],
[0.778842670939072,0.22433015950637492,0.49330739821501923,0.020143572849274434],
[0.14855584687132295,0.4149013450589014,0.1998626341110935,0.028218045929728715],
[0.7662218960821429,0.5314286888362451,0.0816374343808095,0.033307230598898965],
[0.8842122263909419,0.3012859643173039,0.44193865680205047,0.026067483690619293],
[0.2731579501602359,0.8885076405930525,0.37461869266526227,0.03731673691729264],
[0.7303784593437305,0.5275690077215069,0.5889850278275864,0.02091292548796346],
[0.10193167162861938,0.24178352865471664,0.5355065790965862,0.017842136296999808],
[0.666226055290869,0.7909978242859431,0.6842082347791871,0.023633385035977714],
[0.3777294141915375,0.06668089445433023,0.4301340811108395,0.05002237597392348],
[0.9520212266494008,0.411174925223042,0.20291896630820383,0.015880042427593975],
[0.569236266530891,0.08892435089881756,0.25943531567355627,0.024049456927173953],
[0.8180683172981399,0.10362121475644459,0.15761647961570058,0.015271608696480175],
[0.2237039078586197,0.25780830760576445,0.049897780772231615,0.027331033288908152],
[0.1417105458286344,0.506045911236886,0.007190319279048896,0.02134422408057346],
[0.6980393284739919,0.4896802101245237,0.06289083669929985,0.01840869193986587],
[0.7645736511349278,0.13821367905949833,0.20054593625198036,0.03787522763837072],
[0.9460959352288821,0.6239536226453278,0.2964230625632578,0.032826476649339756],
[0.7383139860800831,0.13613827465643058,0.3062690014121445,0.01631403408682828],
[0.45071010668849365,0.005092661655354935,0.6098255049377624,0.03173890554455662],
[0.9828247234400969,0.38472073002969953,0.2529560133690141,0.02622716335106151],
[0.6985014058614178,0.9958677452623377,0.5707146088686014,0.01728381886078608],
[0.636639538105641,0.3213297388311719,0.16181297013896268,0.03438149696648804],
[0.3082257657162659,0.3895464634143394,0.2416240233247403,0.048242065322125854],
[0.9545405825439207,0.17863310905740637,0.4415093694170531,0.01900525781455878],
[0.22613172483432464,0.4232148054199283,0.5591575128162747,0.016356684829838306],
[0.4373029827497845,0.4652782155296241,0.14322532188129156,0.020545303477070426],
[0.9558400655704911,0.47729585825455156,0.9064231118151983,0.028425181901174573],
[0.9402140589906184,0.10228273889802597,0.5353579576156058,0.018083950118581965],
[0.012525655857654971,0.20576212093916424,0.022477989915692387,0.122467209722617],
[0.9218092355046974,0.9400691404643846,0.4588023874467756,0.03049780880264691],
[0.7961783792982339,0.08829843380300162,0.1860974179268513,0.024396279958262414],
[0.7985458620635665,0.3617201247300471,0.6794797505157103,0.05736754127086653],
[0.6272570355288771,0.8845504690983206,0.3877951814714786,0.04389185877938736],
[0.07512194897238123,0.5185441027493207,0.5930108630725229,0.01820236241239629],
[0.6866560408014576,0.912752930799458,0.8173356049700716,0.03315743313843907],
[0.5831519998411385,0.8560371138620938,0.4627833339244769,0.031852191304587454],
[0.19113286635199567,0.12377953248000473,0.5142464407503881,0.02682615646035437],
[0.840135406072399,0.03083641067039733,0.3144825961556913,0.055937371586994786],
[0.07408885879013205,0.4785869715513339,0.888785481912872,0.019360749398974475],
[0.006087305507969654,0.039081122621670294,0.5089152826890811,0.050494495250117566],
[0.9956003550346345,0.15437110608649385,0.5519643373197655,0.020526405036071553],
[0.00019458096191837804,0.5178108165846403,0.2939843045188235,0.040001958007484684]
