username = nchw73
detector set
algorithm code = VD
dimension = 3
self-radius = 0.0287
number of detectors = 389 (from an intended number of 1000)
training time = 237.9

det_rate: 82.1, far: 7.15
c0: 0.9999, c1: 0.9999
[0.9566465665324436,0.01325543943149321,0.6371242874411249,0.04266148098072062],
[0.1620345416883422,0.7802065042477418,0.27597912429578597,0.09409157434300645],
[0.09859923974065099,0.1722021306203989,0.7279603152894164,0.14291684961704523],
[0.961562927930459,0.29818675266745254,0.3055729157679479,0.07720895547792195],
[0.4774091634956108,0.07707682472938171,0.18766219914217808,0.04285183935940478],
[0.8962145329759788,0.09703062980363009,0.7025416244445971,0.1152156423362248],
[0.31495238022725225,0.14607771055017038,0.30563728797135703,0.0416420245543685],
[0.7532647057760461,0.6612575721825914,0.9493451644334875,0.07553296533136873],
[0.3636681289157463,0.7019072649838844,0.8080983995445268,0.06221265939529681],
[0.08103796383777462,0.9356195857519733,0.8001584272469547,0.1937608430079977],
[0.3163439386470639,0.21627229376834678,0.3739266833403573,0.04185310409106605],
[0.9385404053104307,0.052858484680972206,0.1848314113983034,0.08634239032067857],
[0.08100109045445969,0.6988085061071201,0.30567157069134,0.08936673683984937],
[0.01665142580438539,0.8126675901926619,0.1839588804015736,0.22146721401793815],
[0.708650519419584,0.05734283598209422,0.7660618047701331,0.11595208541762858],
[0.6457231106320566,0.2978136592990721,0.6935595322355022,0.05734567942989689],
[0.749292608122314,0.3558871857078003,0.6549909374559274,0.059914233619910426],
[0.012131099384903976,0.32332881488228227,0.9153630976863577,0.11375774905474045],
[0.6760446222174172,0.26658627193711426,0.9545223526677244,0.07533887897821],
[0.9201255478894519,0.7620010379965363,0.2838430430161767,0.08373748891308656],
[0.2291901121754183,0.394416388232109,0.14117364147051203,0.049908011636343785],
[0.8627140222304333,0.6752197761181468,0.17087506006627928,0.08342821579869905],
[0.2895292219440132,0.11506568887206237,0.6534208754217604,0.06132022259980298],
[0.8774996869459218,0.7737344119945798,0.8519771843889361,0.07012357637294427],
[0.9485461658277168,0.14714490430321958,0.8601424472067902,0.24138192910799644],
[0.7593054438765705,0.771286599605471,0.07097662868972521,0.16287526732999696],
[0.10747057345085798,0.11821335097052688,0.12668871105658042,0.049013413076132564],
[0.6666380686427156,0.8419298073828997,0.7494899025252738,0.07239963932567205],
[0.6574597785866284,0.03486587173267064,0.6349175288682227,0.04439726349587099],
[0.8885078995283642,0.05877265807744181,0.01325481146306573,0.0855085271847772],
[0.38170192321021124,0.07467978958328714,0.23222436012591186,0.06250606334144396],
[0.9644535018059863,0.13788193650837077,0.3312081255936389,0.08447784454318266],
[0.28078579441438567,0.16909260110417335,0.8863293334339541,0.12166146915814766],
[0.26726336908051385,0.30958478371667353,0.3131015934322048,0.05132257415916741],
[0.6190579215981288,0.7185103253316779,0.7790969175321315,0.053585055810626475],
[0.4054399836833962,0.02048266966011536,0.7618645119563482,0.0510663172183118],
[0.4934344604061439,0.06674600959137789,0.4945047539664247,0.041384599077228953],
[0.7291177893541265,0.9894077446203803,0.3564565021322643,0.060237497196938786],
[0.21338740785015775,0.11996411690677367,0.011235755334286446,0.05139512317951657],
[0.04315162848081089,0.11484350316675684,0.13037232442280744,0.05873355800373224],
[0.2683652300591389,0.7062109921076376,0.7270149213550502,0.1062051652959069],
[0.2596616946194088,0.8414455251149912,0.14822382959435265,0.12019498125290337],
[0.10094245883589237,0.3620780257005597,0.2157671593233631,0.058225495319026835],
[0.38142730707044503,0.3121529948092252,0.3525947483570805,0.04222235716163074],
[0.0037506336931530937,0.8127484728827975,0.6657448612556391,0.07799422230409597],
[0.08386891630206605,0.7081942867015629,0.7429419661530214,0.10397175133173271],
[0.22139313818806716,0.08851698183748857,0.7637866956206922,0.17706682247333314],
[0.21439104452807367,0.028591016913402933,0.05313182049686915,0.08871870803495858],
[0.7789927394392331,0.8352385036825029,0.27243393232789115,0.05496010122849848],
[0.9608157277446722,0.8298272847223832,0.05269503650183627,0.2436067799876065],
[0.8352085579886623,0.7907654658993297,0.7370099813739096,0.05111796246890758],
[0.7395170467213811,0.9438750448368091,0.002331723311598699,0.14764993759492037],
[0.8069052064922626,0.34157965891082864,0.7246497677287531,0.06848883230634832],
[0.3293722758626685,0.807675988606535,0.8050931851255334,0.08477616282683034],
[0.6438606380040491,0.1721006175376103,0.625971030670161,0.05857108010190522],
[0.8665211783680656,0.7226480499998866,0.939749745576463,0.12090713568608305],
[0.3285620422685751,0.7289940017851245,0.13819804559594573,0.09336318153298717],
[0.014557652719775271,0.2954111594991675,0.42734648889437055,0.048346529639501715],
[0.6913957736227243,0.0683792278596197,0.9615094872961673,0.08809719850330862],
[0.3543920942280758,0.2828211208945469,0.17493339485546233,0.05065034176481302],
[0.8781369217486107,0.23585387337042518,0.6317732727619956,0.04333322494561424],
[0.2069180595068757,0.23147916826862325,0.628366836509867,0.04958633700666194],
[0.1322719970325562,0.3584346315724226,0.07834815801785777,0.04518051215118492],
[0.27487951925088383,0.946859997449733,0.8529569304265573,0.07025574278800184],
[0.17946284102352228,0.34575788349077285,0.6824527311124359,0.04925094253028768],
[0.0021955211743364123,0.2552403241113773,0.32221387730694195,0.07689177023855577],
[0.6287376406100016,0.8295955122241727,0.8226030236359471,0.04242440907438638],
[0.2349176848654302,0.9906470456936332,0.6219813013695507,0.05079097186351755],
[0.03178723934668792,0.04506359753338485,0.9076643727963507,0.30166940813990495],
[0.8166633109113408,0.9103531640056733,0.9968134026916318,0.12268622772771556],
[0.3422808226304098,0.8487728988813702,0.9259524031048675,0.05406030927735932],
[0.8649084574563053,0.6426790720127065,0.7182997780083651,0.0439258767927489],
[0.35235796413713305,0.7315737917406288,0.6476047500828622,0.04912116300155418],
[0.12901151046450665,0.9533853520740293,0.03917332538416174,0.2620259680427144],
[0.6813606336318517,0.32277604409597416,0.8190893892621753,0.07723798895209126],
[0.2905216738684191,0.6443472472304864,0.2745603446461313,0.056166893716506947],
[0.6915961281111952,0.9146044782171228,0.302885628398463,0.043575911062017324],
[0.057734404623361546,0.06162756656295876,0.008114477144776644,0.11629942141141236],
[0.7515215839948842,0.8926375389268323,0.7568114813014818,0.0723337981530591],
[0.9163770792552657,0.31319262994767205,0.6755307642666626,0.07684902406905428],
[0.24363493393697155,0.8041239086395965,0.9166322833869249,0.1468578249631594],
[0.983171382589862,0.021922922858784277,0.38718934964165774,0.041629502226818015],
[0.7109005655307394,0.1818778569083035,0.7791031631623454,0.10620411611627516],
[0.04842771054568207,0.0020051769960665045,0.508174735060657,0.05262912237941225],
[0.7756562538457759,0.808564176665673,0.9229059119397383,0.11912519576221098],
[0.25090707453368355,0.6944166247238561,0.1865376193526176,0.11393272460468568],
[0.9978310288119236,0.12897052608679727,0.06703634002075287,0.13376346024620805],
[0.676122454494404,0.9108861132761635,0.21678030252987668,0.06756116685896821],
[0.17003754106977764,0.619575818739931,0.8218955887675223,0.05016608704879605],
[0.6353823794133603,0.9579105038204236,0.5862225918251551,0.04320283466919497],
[0.3489554374465119,0.20308259010132157,0.6282703604540636,0.0484303814668839],
[0.7914620202642223,0.3023007616266744,0.9992359728508564,0.11528671426872111],
[0.02787702586788643,0.3204002356902722,0.7381254732933076,0.09112866629261306],
[0.34385997894046916,0.8349068176536163,0.261906468961573,0.062042921955175606],
[0.7165579080965756,0.2301897868146897,0.21106390091416694,0.05740300329423352],
[0.9345035848580122,0.6438433802908814,0.635153298790977,0.0441526666621079],
[0.7393324447022568,0.6788290001507804,0.320506031734903,0.07657750608616185],
[0.93099289796055,0.36622074971787455,0.986826649248827,0.0519308682825463],
[0.36568995511551494,0.3552641516522218,0.6317485610767478,0.05491488687632577],
[0.7708886147153623,0.8702183094052838,0.21663405840825056,0.11324895824389905],
[0.3911173670521322,0.05573740872089317,0.8503071840475473,0.05740720985451142],
[0.02441247980876171,0.6196842492199911,0.7001315960567788,0.0492849604480146],
[0.22686989655822987,0.3205075826899634,0.8299424414187908,0.08726294997928999],
[0.3606789805132119,0.08940839735378547,0.06655907306068165,0.059920561164366434],
[0.9531745848700529,0.9407214602868373,0.9911930432625402,0.09248252523614724],
[0.6279015983133021,0.9933502540807053,0.6920752742386158,0.057069524958034176],
[0.8301720964012659,0.7725024077325078,0.29339947941986666,0.04895359343714058],
[0.2720276834497246,0.3215019929104477,0.6828807269690235,0.08032235122126556],
[0.06962532370277663,0.6948982099251149,0.8761996308069331,0.0956900175041383],
[0.9958362812649707,0.7812531539947972,0.7988302930207791,0.06026974868791064],
[0.7612506631209469,0.2983896375659555,0.6126316955034656,0.05092329141744614],
[0.6437855832003498,0.3539900941660864,0.3120142735793112,0.04489135221755608],
[0.35862094822641755,0.006677278706909151,0.41941594918245784,0.05085266908054559],
[0.3427830925408173,0.10900125458438503,0.1545706096217856,0.04259861034953712],
[0.11907603308363524,0.33119023243474843,0.6761435204471296,0.06938645132602955],
[0.8404247649430538,0.017566355731066352,0.2150353858126245,0.048176929404247365],
[0.8859595585741552,0.029851648690583987,0.32347207146489343,0.09552433185276812],
[0.6201254653592858,0.8328294146717047,0.9494452402189343,0.062292824509126404],
[0.6036398934066725,0.4565922828397493,0.9223584980933135,0.04142274517353952],
[0.013001582481308338,0.2364392411502324,0.0967051614381732,0.062387281300900474],
[0.1948978320451319,0.6246871074402961,0.3626425809592777,0.05094020144745297],
[0.0623484716103514,0.17624680540475812,0.3751506141652825,0.05174404815676917],
[0.6351529260008295,0.35939404096529315,0.9659893921785347,0.06804492858849706],
[0.24584884625138437,0.034816472444532454,0.16931663995897872,0.05573577496273374],
[0.7710457207234092,0.9823992262701959,0.25033234384239733,0.06517052487149692],
[0.2904810443933117,0.7424340078456008,0.308273881875084,0.09350264004326256],
[0.7649022069320572,0.9417470970053466,0.8258430868812705,0.06732527790549571],
[0.6609466714859722,0.6695599204058578,0.7832612094562423,0.051921420086419465],
[0.8598319930490445,0.6860192901563158,0.7623527142547928,0.08989047383346266],
[0.3501360476151567,0.2748781774161706,0.9429726422692932,0.05945255820548591],
[0.3548243944339916,0.03662725770222075,0.35560268513284976,0.06818979307348143],
[0.035682083040133095,0.10832037604971212,0.27550727529170504,0.0704476903658303],
[0.8717006588659743,0.729611496950356,0.6318990013005356,0.060294929464372565],
[0.8369133598383248,0.21915396357277428,0.6485206248379518,0.06545458843329022],
[0.15156330958968334,0.019038219611026364,0.30292930414775954,0.054213169899154076],
[0.9872896829411842,0.9266359562366048,0.33146409519545683,0.05699776596960768],
[0.9727047806613132,0.05195475655115411,0.2699744481803098,0.1151160431820154],
[0.3583141485917932,0.3377935417417579,0.8505478919954043,0.05682966775632442],
[0.8365913997654505,0.7580117143968265,0.6756005090262405,0.0541022119191496],
[0.3660899356644043,0.8427627640281223,0.44314104735152804,0.04213228428630056],
[0.7125290963226414,0.6088478768620037,0.26229184475084455,0.04269156260778451],
[0.7763872148963101,0.9241644344547808,0.6793262595282386,0.04227893634588025],
[0.6991823770022932,0.2981129188235824,0.005635145411308828,0.05341563629944379],
[0.9586247535299679,0.29993082945564786,0.08675189260502958,0.06949951382790853],
[0.013738226784019036,0.9897827734269569,0.3787828031224696,0.06625716686450296],
[0.14692811044359555,0.9881104245526816,0.3415306277399903,0.0824694634715097],
[0.9371213610890302,0.20018206119157833,0.6224951099767643,0.04373404641615798],
[0.9025557295487362,0.6267918702656706,0.26623592382194583,0.049417995353902636],
[0.8085578332319194,0.2838564767511751,0.00239745644045275,0.04880219937504432],
[0.9659973248933796,0.3321088314129559,0.19176722478430375,0.06251564664143824],
[0.3027919208597587,0.9389994372997607,0.3397113491303869,0.047669169999529956],
[0.38581720027043,0.6405291853102502,0.9597502962799328,0.04370782089730534],
[0.30076640753730044,0.04092433892520686,0.15702663288534935,0.04372606924008857],
[0.8477644549317926,0.35510753417460406,0.0016039189175688362,0.04945959680192841],
[0.018790203078664747,0.004323253025268925,0.2654367207382413,0.12423686308495163],
[0.26450579261244533,0.8522511713979073,0.7632721214628049,0.07280319669501015],
[0.33453298847422386,0.9244664236385861,0.9591926504322906,0.05577573050758089],
[0.2230892241638246,0.38588464733382943,0.3435129528165446,0.04457626230937699],
[0.680825666811769,0.3747324788097829,0.3640813742090645,0.06474271953231117],
[0.11134393712810009,0.675967191664501,0.6201581330537389,0.05412989379748577],
[0.4176357851777679,0.9971122117464946,0.9103595972212285,0.0576166148324264],
[0.13320547687746287,0.34156280108146664,0.02787634278894202,0.08139155903025003],
[0.8090258213656499,0.32612269417757467,0.3707292162338849,0.056374853969396344],
[0.2789962582068233,0.07525241350152323,0.34621933155961326,0.05114745166196233],
[0.1909036393125053,0.5920310170000886,0.1643472698267815,0.045656751342011234],
[0.10381306761394427,0.3743345929632854,0.7516146036472547,0.05040418446882046],
[0.03743141707175113,0.3561629082247374,0.0170423484974207,0.041663050418173316],
[0.15272712408727562,0.15905155170559893,0.0028541464048207343,0.05991295610879564],
[0.43239260911822275,0.52369511293802,0.8881783343965421,0.04429121826256001],
[0.3982300814958787,0.08192678870447578,0.4433492759179819,0.041986456253637616],
[0.19323650722510954,0.8170527834378981,0.685295221322965,0.04460429826754231],
[0.4739785001531337,0.4881957720093427,0.35494270073810175,0.042439437874817826],
[0.9793850748158888,0.7473030140593192,0.6775130386609247,0.048028066600675004],
[0.9643990669678896,0.28253194484991484,0.6142678734767784,0.04190458887928094],
[0.01793128062785132,0.02469458441770711,0.5689141839151055,0.05109718713174566],
[0.42020849677447714,0.5327856960074028,0.07260611857199561,0.041770909017510245],
[0.30377379357331513,0.3424605203058071,0.9913015467646447,0.048982272904766755],
[0.656454370316726,0.6465751024969791,0.99037347795746,0.055937401027694164],
[0.6355876686672282,0.01646327263197933,0.17275622038941107,0.04345957019534987],
[0.9313922795535441,0.6674044260771377,0.8262519260826952,0.07143396280562771],
[0.23992432204352465,0.6536649988217826,0.8283672178472447,0.09018153057196754],
[0.07131719707424333,0.2519069244340437,0.07844160024521718,0.04945260165240088],
[0.06711981208541651,0.2870300824997518,0.28868261414309304,0.059160947658800575],
[0.2619272610938349,0.9455524032663479,0.5984796746825094,0.0459726582874625],
[0.6740966941683879,0.24282594892291642,0.6746834952704229,0.07762987299449599],
[0.23641672230570754,0.9597723982578625,0.9982455262020166,0.15913086171897944],
[0.3492980813916512,0.39009960536945676,0.4037801987550267,0.044173002493243824],
[0.2323117104419926,0.2506628272828899,0.6680974306312665,0.08811732234156021],
[0.7788809699940338,0.23905969916302217,0.009868834975146346,0.043415468985585154],
[0.2997658384284795,0.34944793665270246,0.7606018912501193,0.06619395977638506],
[0.6546332839051406,0.814089517130535,0.33751199169626045,0.05719098796241101],
[0.24303931135168444,0.6319612273623885,0.9718808697650055,0.04141566968743667],
[0.3140544648367525,0.6634425645534092,0.025650377022011228,0.07976080639332964],
[0.6333805182517888,0.9902863772728169,0.7855830123121685,0.06817252141180696],
[0.27467977126490606,0.6007109183952279,0.9133490491753314,0.04440359912117049],
[0.6437784641451777,0.6923741530801111,0.3412443384617373,0.04672071431196215],
[0.36929899512954256,0.2651883239692633,0.7462342355292457,0.045001978546914706],
[0.7236719107318291,0.7121636010070814,0.25107004470830885,0.11241726110267891],
[0.3050149949459432,0.4741658377452499,0.8897571487973925,0.04316397551250333],
[0.2745468758416155,0.03026524235749284,0.2869231061832692,0.04934513461156596],
[0.7979160550938954,0.8247918076373938,0.6450101599709397,0.04226826499427894],
[0.19704491240768007,0.31204270757921804,0.34298972167945163,0.04158902911582547],
[0.2858832632090751,0.25927319035201035,0.0193525732809664,0.050515839587244996],
[0.3047253409605565,0.020165723099487276,0.07905396010482812,0.09231334151407022],
[0.0016728701399119084,0.43313658050282844,0.09372821354450345,0.049857261119107724],
[0.7895981266438262,0.06490829520605312,0.6406769688030628,0.0496610198218428],
[0.9855543569946063,0.7490786951292545,0.9658805062456806,0.11742837345160173],
[0.9110524025029939,0.3128943859208325,0.02271394224285528,0.0804278595424102],
[0.07618975580666709,0.24829386612832594,0.34310368777421363,0.05946781781875521],
[0.971412829604636,0.9464191667417352,0.4212401413458473,0.04851374218912809],
[0.765116935356186,0.008368875881782034,0.4410148236495095,0.04418695549613562],
[0.6427808459659464,0.1854421949191266,0.9118419986187608,0.044583472852588193],
[0.877314577803176,0.11827657272521619,0.39217545033144763,0.061374021251072844],
[0.6283301834488794,0.971370971838341,0.2408782533231576,0.0707902375181382],
[0.34721572523000865,0.9520808605466782,0.7926102667526641,0.05861273448616984],
[0.4139669879985509,0.4191995067214961,0.9319107900088983,0.044520788433409605],
[0.30924093787320706,0.0016768625250068725,0.18426732467377094,0.07285683422245298],
[0.16628859227055137,0.03295644795135899,0.2186143955931269,0.048810931611389954],
[0.815277367879604,0.020308523671216494,0.11586439927794945,0.041496464363824884],
[0.6130315261311339,0.010741736637028376,0.3693377962319362,0.041348364916203105],
[0.26882140447954084,0.6087649876257414,0.6821720184370192,0.04430171336834118],
[0.03280250197446066,0.15694993373082777,0.33610819274474124,0.07010516043607294],
[0.815966588719418,0.31132645216465293,0.07971068181225116,0.043737263015987356],
[0.48534381373779223,0.2612309897405143,0.9363180284625007,0.049916283495260505],
[0.6890632966250493,0.9278813456648622,0.9694694980878799,0.08944902380858864],
[0.7735508470752711,0.7025900232505095,0.39826306451499904,0.05484918557515808],
[0.7934846284631644,0.2128220269629818,0.16760645484098002,0.06790416671796222],
[0.14071684146701102,0.010241501188816282,0.10280026522269448,0.09407951935157312],
[0.047879607295432614,0.7108173009530274,0.6412990075501085,0.04799290757218039],
[0.8286643119232615,0.6561847774332383,0.321925372090074,0.04999208743611129],
[0.9680821575571157,0.9999698817208403,0.3635702312793665,0.05163242191247387],
[0.21208891380858375,0.3756119383448162,0.29707277348225847,0.04542787069205351],
[0.7638160804245587,0.027872307629900672,0.3392166312299203,0.05281644513500386],
[0.604830262705163,0.10525139810966067,0.6649928400139191,0.04410395992298162],
[0.7374880797973111,0.29043808321465314,0.8786756148976057,0.11261870671665591],
[0.21276871474528158,0.6344034707639797,0.03415493807326497,0.07425205502070337],
[0.6420471247406749,0.02128553783028264,0.8582421328829223,0.048633591967699105],
[0.3768565316803717,0.9855484946651197,0.6415387272585197,0.05034988874847354],
[0.013884236525678717,0.3016971392967087,0.17630320963222745,0.053286456086939965],
[0.22714733461838,0.2491148772747619,0.32624745381937115,0.042177513967674767],
[0.0982818576821134,0.35194770608743464,0.8282425278965415,0.04691126011684585],
[0.6868921364364753,0.9994778254401848,0.15677859173539443,0.09848515344678441],
[0.7131985039455729,0.681400934685551,0.8386339374549032,0.06975139733108685],
[0.9990054807182697,0.231034142846113,0.4894053499744365,0.045613042175525864],
[0.3511227945712234,0.9293816067027312,0.19351032717756522,0.05428113882985164],
[0.5442439567540746,0.47074245223597966,0.0065308737793000615,0.04394582066201075],
[0.6090007678219391,0.9809399555172891,0.8570261426367658,0.04523221904185658],
[0.6284025864784053,0.13155768320324512,0.940188964637195,0.053354195554309536],
[0.1831836509190361,0.19168478339775086,0.609698236699725,0.04260966325301531],
[0.23133273687961087,0.2916492771191792,0.9414151694105469,0.10813038629493721],
[0.13104930507056378,0.7826258328130997,0.6747778225329267,0.08365679330377701],
[0.08703403900991347,0.7451053127240448,0.986387590587732,0.14733088649339554],
[0.8974606202373513,0.7613945014863173,0.7109391016195,0.06185241545230061],
[0.8178809132571339,0.9860771106722656,0.8696767995516886,0.050766532225297686],
[0.9917203097425892,0.09118939136241588,0.40638562418041446,0.048560638616427995],
[0.4420440542955584,0.01149030460515943,0.6546853011497091,0.04759588463039903],
[0.65652815439775,0.6516634605905339,0.15648458157045408,0.05861049377153957],
[0.09136864072101214,0.5505466729174084,0.03350712994511096,0.04313380147348658],
[0.2609626770855038,0.8661951020638112,0.2685210247465938,0.056831571302900896],
[0.7475242623987008,0.2761823317243647,0.6986264514754069,0.09243553737214447],
[0.5701244216765892,0.9029724501168405,0.26552710453910144,0.04737085501725545],
[0.8300820588143479,0.5302376720820611,0.6072754627430199,0.043645923917056906],
[0.6957768452077943,0.9036231677257188,0.3493163357498271,0.04899614948119631],
[0.7197713461820678,0.9853352105065281,0.7156897988554181,0.1095180818414058],
[0.7927718331318602,0.748216436769235,0.35461284635509793,0.061200148818145395],
[0.7324242171651123,0.7702804632919883,0.3665287437807325,0.04837660293512931],
[0.38810228687466697,0.02190346604296778,0.1973534289911112,0.04634719936584843],
[0.35615131851488957,0.031234073685446173,0.2821779820615343,0.0903685242008158],
[0.9479968235137874,0.7414976789993422,0.7761558870109216,0.07501852412268747],
[0.39314410112694365,0.8285405566267579,0.156264706184018,0.04822709490904045],
[0.39418366630014845,0.16602021941679368,0.10962857692174166,0.04259238920346174],
[0.36231391822500436,0.284025788114491,0.010940805199632586,0.06285356218809406],
[0.9987711703902905,0.9629247972388292,0.7142135496561072,0.0614904363382469],
[0.10354927696684624,0.03401948998723647,0.3807593860829763,0.04469079852553082],
[0.9645493109312677,0.654825050747986,0.33210041590958994,0.04315923482807034],
[0.8672872313360273,0.5181951835029176,0.1357581522434319,0.04697590196850898],
[0.8795342185633249,0.39161707454220707,0.8900355210995211,0.04471642109588013],
[0.9816012851124454,0.6986518338576261,0.32237367837536324,0.07314136974332834],
[0.699148161464614,0.15482163714978014,0.9830804017705976,0.10953670757242953],
[0.3796169351596591,0.7333594692566593,0.7299101248491766,0.05978890296826213],
[0.674718433831793,0.842879621526236,0.6638092443024539,0.06071702403446834],
[0.15382835002547546,0.6335232068742567,0.24551987905409478,0.049592176130472884],
[0.7210422439102514,0.07631641638637454,0.3565474582538142,0.05064615712385365],
[0.6804406494693478,0.7151091673756165,0.919571430988105,0.10220508564695378],
[0.12431870415646529,0.5169121653819304,0.421029392729556,0.04190967412642095],
[0.002876264271716722,0.16354135324540098,0.03696522458333429,0.11598008893392858],
[0.19899581075032546,0.39022869836445473,0.21171830511852296,0.04963071696746453],
[0.8751875055113354,0.3818216780415816,0.06616314133285428,0.047497920825224096],
[0.6427018009229777,0.006514956090784563,0.11470920812685304,0.053793198865540334],
[0.3578853023735227,0.7109814207808923,0.9745994053479278,0.04431249467153489],
[0.1827682920990109,0.6868149862304458,0.3363649698214858,0.07024236761476756],
[0.34269135707303466,0.9897828848476865,0.8550619754289291,0.06266602406036147],
[0.29573627230674804,0.3765202440439398,0.843022512596901,0.044734243962777864],
[0.6386373138113964,0.07998949831568147,0.023374644331747296,0.04866862168083408],
[0.36297104661867874,0.666827250833646,0.6988381413894067,0.061550010164547905],
[0.2972772511374262,0.8539263789702198,0.3341213256727247,0.047893180596774845],
[0.2600354347031144,0.9540770284722826,0.719104225933267,0.07479767752985349],
[0.9537337433472848,0.6646140629973776,0.754225383440694,0.061098164601237154],
[0.7169864404900982,0.19403931249535722,0.09642743470050663,0.044711803917253545],
[0.5824919189847502,0.7946685228103687,0.7159821235018107,0.04453746179126851],
[0.36976332099520814,0.351616247369018,0.9658643985487845,0.05752491512240941],
[0.24741375638538232,0.40134218286823253,0.4229712996333297,0.0430997407813947],
[0.8842186522176474,0.6943437601678384,0.3438969525605087,0.06593913669534492],
[0.36495569169116426,0.21409593877271615,0.766017586593062,0.053181488044687336],
[0.7076005050988982,0.0030346932760398904,0.9013186001179082,0.10989712092845752],
[0.37726732980549726,0.229963495345625,0.18673849440362034,0.04744799421287137],
[0.8756614163652596,0.9993772188980264,0.32138929048890197,0.044865468940349096],
[0.654769975391153,0.9965236795650699,0.3461782342450537,0.048520525546452684],
[0.032666291464399255,0.29669371508073217,0.22906705976794706,0.042906486685916005],
[0.9928825494403702,0.007003644813875387,0.6594102249570005,0.06999745847815725],
[0.24409348993945057,0.6895370708410963,0.6152780070394657,0.0723566160738825],
[0.31535199688746496,0.6774057244929976,0.9762276218789729,0.0821435397318677],
[0.14007084124609248,0.3562099809660758,0.9335966211556183,0.06712796051296052],
[0.012632416108469435,0.36659182733238704,0.24567998505988664,0.06059307875131138],
[0.6379823328470975,0.9053586239262699,0.13107503543904364,0.04782478068530131],
[0.339580616040128,0.9911669717877534,0.3230027268127931,0.08267678229478136],
[0.8365083248053936,0.1380560336999891,0.02391965128250806,0.055141551843999756],
[0.35061861510111647,0.6317780773653181,0.8111520596881946,0.05204634137937253],
[0.33677615893755863,0.3447348943803079,0.9175940177632191,0.060411108556359755],
[0.6873491760635427,0.8006071089881694,0.5754863058842385,0.045293449501652205],
[0.7792563329363894,0.015020579289409586,0.640186467130916,0.04679074260584515],
[0.024054053854368318,0.24292918281982334,0.16411628828161517,0.04217733920515958],
[0.18795143650619328,0.6513567921384691,0.6488127748203443,0.0471565117242662],
[0.32490658533748884,0.2559604029292033,0.7012035670214198,0.06668390109218492],
[0.63695333743488,0.9304228427761342,0.3282720522055895,0.04782487999075152],
[0.025593549410791172,0.05141967420949378,0.12205463936006877,0.107666035742177],
[0.19696438628730562,0.6333605230891595,0.9629209235950517,0.0524231275539955],
[0.9939272155011232,0.4625660829682562,0.826275249307372,0.046304918852676694],
[0.39151049553688577,0.11090775529514396,0.8302614774021763,0.05580643903469093],
[0.9776684548922171,0.37706554145654836,0.6704568002258644,0.05834073759444307],
[0.6120348495275709,0.8168475823136374,0.28520549796929895,0.05121882397805541],
[0.810110658042352,0.34496569768929697,0.7965542771167152,0.06162033080299986],
[0.3998172674601471,0.7776581186638701,0.2111006700273359,0.06157880608536348],
[0.8219350155017023,0.687223619480452,0.6393870900540054,0.04160997345250233],
[0.11681700802595973,0.6500205531140761,0.02375968816203644,0.07230610601805375],
[0.4048641088855426,0.04306998929550365,0.6982685944419419,0.05501901916367097],
[0.5476531000084202,0.9962424946108214,0.0201122055767321,0.05584381904548402],
[0.7255586203587571,0.8428129967258183,0.3619875429737225,0.045711115426593646],
[0.8682840101452415,0.27973684317128655,0.346658220608822,0.04569346939184882],
[0.9326329190372826,0.6425049089822306,0.7003801564831326,0.043838194848301884],
[0.24487465989814028,0.7969656165046712,0.6600057008080041,0.044826892840772056],
[0.4010877125791955,0.4204933670369949,0.9857139186278558,0.04325423300865949],
[0.3403197562287861,0.037584649555797545,0.9629869245203805,0.08062255700862361],
[0.1691283486124947,0.6500159132399324,0.7291760359620625,0.07384677150471554],
[0.47817329747230175,0.09905332557050528,0.14331728273482924,0.043731313711746794],
[0.3113240129398249,0.29681555929637293,0.8405811919827665,0.08776563056864388],
[0.9807565934445586,0.22105421592013585,0.1816880535529215,0.05514629359382556],
[0.46339508252492734,0.5092155403712423,0.6210979500702094,0.04613775990019835],
[0.37785950954625114,0.7780061480913529,0.6397028228603409,0.0509181609929181],
[0.3079247285608042,0.3741137066311422,0.18411363527587665,0.05353553210551838],
[0.32324997451846127,0.35164687010097606,0.3793203106738007,0.04385115860297337],
[0.0636849630832298,0.26235529962929827,0.00584960393685241,0.09176184317234116],
[0.38775254998372743,0.6393524833519106,0.24030713857214447,0.04556988735060144],
[0.3944926993060104,0.3112522360241201,0.7693894534226043,0.04601172128646752],
[0.6006905558514446,0.89439718371698,0.9665645792191091,0.044967571490784244],
[0.27168295858505953,0.33523644980631984,0.039082423712034964,0.06816644490786411],
[0.2490398978067775,0.18126936153430817,0.37127090459070167,0.04254502071205913],
[0.3843880303247623,0.1827147816363237,0.8171335851284541,0.05095776776469314],
[0.5256756312203705,0.30178858915767415,0.9910777841340233,0.04530876060770135],
[0.22947136651497868,0.332012204093739,0.22837095058778412,0.04309542724251667],
[0.9893742150467633,0.6515512667428253,0.6252748030408328,0.05783208517783632],
[0.4653723665667051,0.9923315698263863,0.8420724990415097,0.043300551557633155],
[0.9948278339531628,0.2714110110607061,0.21185827367958243,0.06837967267442639],
[0.633287654938781,0.9834383094306819,0.9120028192072754,0.051359505249341186],
[0.13918736387253938,0.3177656577817164,0.34793198483660637,0.04903312506123908],
[0.5326128876114576,0.04113375498349359,0.4545024432411847,0.042458533019165585],
[0.6699846265024498,0.031760803840607976,0.32532971192838434,0.043301094332457934],
[0.7084262236157385,0.40022813268547197,0.0015783853996546027,0.04254304751434157],
[0.6743203886264295,0.3501587856150742,0.6020663590218394,0.04948029013665546],
[0.29150952327291146,0.005358412945715263,0.34634079216067626,0.058744710812129355],
[0.1757658934715386,0.7720725503858946,0.7511253180185924,0.1119247230194439],
[0.6836141168998893,0.7574144241028419,0.35682691689533885,0.046011037273572045],
[0.6312056604383554,0.48932860539916156,0.013779305700701627,0.04272089781804616],
[0.7910225061479467,0.8085176957890668,0.766290335265286,0.059652631602243794],
[0.6670038314328582,0.21754101271219128,0.5748035163323479,0.04118844351153551],
[0.36115781267325453,0.8024435685682064,0.7121014425134643,0.057102279164763264],
[0.20603947680962753,0.2862780948893493,0.03844196853209081,0.06124998118966479],
[0.9702430860804777,0.2333256403570253,0.360217063150432,0.05623772948421775],
[0.3694066006284642,0.8414253694870714,0.036734820672731705,0.04812419057679264],
[0.3706244724361336,0.20095824074071145,0.05490196861776142,0.04454490935176697],
[0.04230171043618969,0.3384424760929565,0.3517808569934371,0.06470550781298826],
[0.4057221032173107,0.12346015933213983,0.03198439306379908,0.04659348234669747],
[0.6355508402039132,0.7632797144955258,0.7376357676989238,0.05145931326191852],
[0.33530445506011197,0.1140303216531916,0.33916795210557416,0.06649661381956058],
[0.6641500570531951,0.3837308334436411,0.15614964172382695,0.04719089790727936],
[0.6618360885093362,0.09230442441447195,0.33431789630707276,0.04777727545644332],
[0.6825147982648543,0.01576902860736973,0.046025908190669096,0.0655986070888861],
[0.7406809480954504,0.13115235760625277,0.017624824358202895,0.042953657229659735],
[0.31804310548012715,0.2983969797681477,0.3751212945541377,0.05803188743805786]
