username = nchw73
detector set
algorithm code = VD
dimension = 3
self-radius = 0.017
number of detectors = 1000 (from an intended number of 1000)
training time = 6.5
[0.8406164981520317,0.32145978494637184,0.6828352756231382,0.07087529401753315],
[0.12314242365802197,0.6099600718482705,0.4294080949077439,0.025628875501217036],
[0.4276028689348147,0.20362131349282997,0.7409642562180201,0.02753223564102243],
[0.15709007633714478,0.8470315955871861,0.0813342611397726,0.2204836488982045],
[0.9133031149519891,0.5882392239578234,0.17778315362891428,0.01735238815736663],
[0.6706716939093561,0.915255982755344,0.6733683016964802,0.036063694450974564],
[0.8598628519282174,0.17529072240996646,0.7561106805113202,0.14941613845988289],
[0.31394763608573695,0.03091107317310926,0.9520736536945966,0.10262756798004569],
[0.8984431201917663,0.7348837921742446,0.298973693317508,0.0970736579702692],
[0.8112750022480021,0.7068111329594908,0.593297070822802,0.04445207954623566],
[0.8391515328784428,0.4454531788756434,0.9877961357257634,0.040331657813566804],
[0.28369624881744815,0.4258461418898052,0.7080831723947837,0.0288069364892391],
[0.6618132367133998,0.9840493311160201,0.23918966356009275,0.09222096626652981],
[0.11657210164134302,0.9908883716190199,0.25567980413782987,0.13419900271171148],
[0.34355741708473597,0.9678334914543838,0.09822722149188623,0.060254785778266734],
[0.6759405854386534,0.29060756677119204,0.4365178098838406,0.021300093855035798],
[0.9233357469290836,0.7152180597501093,0.8626939511453291,0.10997397749389128],
[0.6806879693153005,0.8599082181462238,0.9825185076369296,0.1122710122313852],
[0.4535552096625094,0.8288474055862435,0.02202848011445957,0.020623457114966826],
[0.45067778315877016,0.8617323923325347,0.915580717279299,0.03352342018760303],
[0.20275195489274833,0.993230612835137,0.6697301332776756,0.08047344014845928],
[0.5738136638422027,0.3177261553428179,0.9312757704022906,0.03546040005767188],
[0.33609928230851016,0.8972854506145328,0.5508208126010038,0.026089091957832974],
[0.3701505755245177,0.10899746641303976,0.09841734985334993,0.04551871215361872],
[0.49488699168418226,0.8048531302418851,0.039628366475063515,0.031221537138054103],
[0.650997696683307,0.7786753767450605,0.8310265843611313,0.049639223802473986],
[0.1319807557155359,0.3978164457234129,0.5888606419276593,0.019473440153058783],
[0.2647003396902924,0.23324915584113282,0.008050431959906068,0.036637713172389036],
[0.5634547468830541,0.3971843617971176,0.7647061266684152,0.018951585169531493],
[0.5021097479412971,0.050322757466915724,0.18407162461147553,0.031513607634456764],
[0.69757063220372,0.5409832030793721,0.7038802150102135,0.019517858228990007],
[0.185322838148557,0.3661838137979223,0.2052532435630795,0.06560512796903184],
[0.19161298850067177,0.7721767525946891,0.6492439521023938,0.0629167734727487],
[0.3100560677762755,0.8621023747774359,0.7616535453101977,0.051344012512294354],
[0.5503871341668229,0.7033251833732541,0.920736116900196,0.027984104906520958],
[0.19989864248832212,0.40752769794754895,0.8247292963943392,0.03149440527719101],
[0.6783684768510985,0.7396703284304194,0.28435730002238135,0.07001129657375513],
[0.009907590141466138,0.2344950967852163,0.6757315364941273,0.08999341788083692],
[0.09618535324715449,0.6876075896425445,0.31818885925181906,0.07683236781063149],
[0.785048801957902,0.8081319185790579,0.6968585701605617,0.024268861788611852],
[0.9633030182980857,0.15899527233560418,0.5599845945612418,0.026617190869401973],
[0.1047904897795554,0.31311476123717386,0.853568935958936,0.08040702639839499],
[0.371477528648135,0.7379249386897865,0.761316719604318,0.058507715245694036],
[0.12830584595236483,0.2032450689905151,0.826498241303447,0.18161426040912726],
[0.048596568472333956,0.6275410286502009,0.04542146159183802,0.025108987064809074],
[0.4981635189864668,0.6049882107929053,0.08943731397303611,0.020464398234818118],
[0.659670057234119,0.9483325075536425,0.6310396075394772,0.02864185972660977],
[0.42201254488106177,0.1845685350804881,0.1320731760333158,0.022687541803246336],
[0.03506041319512043,0.9502653145640795,0.8944343619137918,0.28215292355331656],
[0.7150387814737512,0.617738738444831,0.7794918684198363,0.04029866879994606],
[0.7604127631694012,0.02737251096933979,0.5880408328512174,0.017384752661372828],
[0.26980495690376516,0.3458161459202339,0.10221698283682823,0.03134048979400396],
[0.8073371620488917,0.6581045546424514,0.7927286752118812,0.05934464623169508],
[0.6869268495109098,0.6797010148727588,0.8221151928708595,0.0569669829911886],
[0.44017314581226463,0.17799007826988966,0.3892973694708698,0.023773983240640485],
[0.9114935903145437,0.33316483145736575,0.8050241442061182,0.07235208718936902],
[0.8121836937650321,0.9506414111142053,0.9063333985533221,0.05546701222085207],
[0.03685516541388678,0.3558097888981947,0.13081270555423286,0.0501942893068094],
[0.9519876441447365,0.04260711065313416,0.24101519278003436,0.10905082095469783],
[0.9925209356156878,0.4719686441191423,0.6572143182806734,0.02973143215313028],
[0.9763097271026892,0.30723122441015915,0.4676417062609982,0.025598440417572886],
[0.2824008575938315,0.7074365503530006,0.30362467068930565,0.08882968247239138],
[0.2736127030237724,0.23351708437225904,0.3795239492633915,0.04449558516439276],
[0.3378349230638992,0.6612591316790545,0.9016192776524398,0.05294526074219498],
[0.8431469712220901,0.5131299570636743,0.2893752628178392,0.019436951131294795],
[0.9057669091615834,0.9554651363164877,0.7680110395434583,0.021998822314298637],
[0.12911951649183906,0.44985016851041093,0.2701899906585682,0.025724139707120876],
[0.5243880865205099,0.42644090436835236,0.6097968005230221,0.03448736763294731],
[0.9645419614217255,0.10981926520211749,0.867896602930215,0.2745253421059817],
[0.7565301094349401,0.9945904438373668,0.1442201577023965,0.1570352074193605],
[0.5203046694209094,0.21459562442206803,0.8805322383679274,0.02723124299892881],
[0.47900592379728035,0.26868717449533275,0.3009176838455291,0.02766716851898378],
[0.9337936788492478,0.8643018810303822,0.16949805365269088,0.12487806580124382],
[0.7009674082653797,0.349826740255067,0.7890677808788268,0.0713447120096724],
[0.9683274129190538,0.4563976633510184,0.34190280346505697,0.018874498871314302],
[0.06932754931276397,0.7789750054133334,0.37954499360985217,0.04791335327222576],
[0.3407532232828553,0.12625654685637766,0.45874095258614067,0.01802184065909409],
[0.3681054248884873,0.4814521400655529,0.8832053332615176,0.01945898712588632],
[0.3069520883218524,0.7667852609363572,0.5168033533988688,0.02071068799836106],
[0.00033695263987965074,0.3229394505502543,0.9506684873726378,0.12074363500033884],
[0.30549167548203426,0.31901047743408073,0.6430834727859438,0.045566739414768714],
[0.8486279155414594,0.6128439928501227,0.7550686781876197,0.03518225840770962],
[0.8477850990813599,0.08498199836393572,0.3733468006722792,0.04081341883310139],
[0.06494407458743401,0.5178498722824448,0.12017612025790181,0.02096749069810603],
[0.05403518407985486,0.20490872410590721,0.008347607851748373,0.08969187210774342],
[0.05169110255629372,0.04164788177268841,0.3823084261385631,0.02900548325523672],
[0.7460673462496757,0.11630492022945316,0.0384813555167095,0.026434281455045616],
[0.35652522044501567,0.6003449914091175,0.4162330282029255,0.018329007987802938],
[0.9280298785728934,0.5785038009319469,0.5816846570455154,0.020569327949123327],
[0.3547830469524552,0.4608397772768901,0.0676034121586303,0.02200316692923336],
[0.08056891605621896,0.5415402919836274,0.40746565893942077,0.03803279995624122],
[0.6615271080254169,0.46303489674257237,0.6582732747077866,0.027034496821738786],
[0.4377674595781169,0.9709375982870955,0.17147746111874718,0.03403314912874506],
[0.7427014895689257,0.8396054045926431,0.03058237609607206,0.14440356263710502],
[0.8557544567489558,0.6659433361626265,0.08878158653438861,0.07421998884119815],
[0.737313324143429,0.6055853989069064,0.2184002179722221,0.020887467168207274],
[0.028114377189551454,0.06236072700537976,0.5406827629451828,0.018675826763222714],
[0.42990054842899195,0.2836782571442569,0.8863741143413361,0.026770986278012],
[0.2688294610548648,0.24844759058074295,0.2746797463508005,0.022508819161484513],
[0.13468448418125412,0.01954637770894918,0.9053154844677275,0.27002494344575567],
[0.7562551757680341,0.036018935501665905,0.5507757605419182,0.018133632820706277],
[0.6973080367421309,0.6016305310558664,0.9561547023110347,0.03291932687958298],
[0.5721341415876472,0.3635278039537406,0.9003290489173005,0.04035379422173183],
[0.6835580160368369,0.7757104138819959,0.17714875792168472,0.08960500147719774],
[0.7851495725601795,0.6840383655893078,0.4282143734978018,0.03424393887377935],
[0.36514972030914195,0.9154803425211402,0.017123111199632057,0.04861766218353497],
[0.676289465188104,0.960423250162197,0.5905492296835059,0.01927744031336774],
[0.9482597015334094,0.6070379435369283,0.9453182825320361,0.03640536399380423],
[0.6470443003349411,0.653295550972227,0.7415098305002594,0.03248270395958471],
[0.20272613832428277,0.010916981550735061,0.03455204109494525,0.11307988881871299],
[0.36601423825982293,0.269255319517014,0.19557295654422446,0.04674669002579747],
[0.3884783060334568,0.6949766549168107,0.8380609986024554,0.040700217024845074],
[0.9956975197299586,0.6570813238486465,0.31862128867602657,0.04562041847777512],
[0.9436432957463907,0.17540724879658942,0.15638089889095885,0.049827208934270784],
[0.17051924107535477,0.579437315400019,0.9896171060411776,0.03936239078197749],
[0.9582768061840249,0.12546870249930442,0.1090291632030187,0.08330265306016958],
[0.5127700555386785,0.7373219767689083,0.7285783365207456,0.018284253528055502],
[0.8003901206059008,0.35975404973235403,0.07359466337780407,0.03339565005355964],
[0.004314001556693925,0.07581549991238257,0.31499917929335586,0.06966895060330573],
[0.08955898720697653,0.3664242491941513,0.18589934111363404,0.04761049827108124],
[0.0232948690064817,0.8316147948163484,0.43782824730473435,0.034818448228126346],
[0.8307940398577404,0.5498819346693361,0.12236275440589306,0.020785459033811036],
[0.36575508980679006,0.8653654341096086,0.48255345042099607,0.030605934257129763],
[0.846059392852049,0.20213200560040856,0.36849765266810774,0.029711218109716185],
[0.14094530226975477,0.6144299448057832,0.8542343867574304,0.025764201260143678],
[0.92571061575805,0.8257752122291646,0.5325620163011231,0.024810938860781097],
[0.6484077406495736,0.3840299614576218,0.12450466654179893,0.04601027466390746],
[0.8564338382318071,0.49643922029681764,0.7785064646161213,0.022961711609102153],
[0.9364261553929847,0.7904861115194616,0.04103010625624237,0.19667646093744512],
[0.000959952595764757,0.4819393399647116,0.2136689788482138,0.01919511866672978],
[0.5821034359294975,0.38230524657545495,0.971029345016829,0.038205999768768296],
[0.7560498965709198,0.3351816185615869,0.6074393312996764,0.042654426785038946],
[0.39059070621467573,0.6410199799527101,0.32652482789728055,0.03210963694753814],
[0.11206875410039896,0.006230106194587859,0.17052227296442202,0.06107020267219404],
[0.17138577471909922,0.5095300243308364,0.8342540269477453,0.020343370278266548],
[0.8400130695523512,0.7452642669052012,0.9652868245950963,0.1423699216501383],
[0.6185807675303252,0.31536112382420867,0.6840465198172024,0.027993232967005816],
[0.17484218066118273,0.9179876627857924,0.36052951819696566,0.039981974679555984],
[0.7798223313029679,0.7462732727539908,0.23630016264561837,0.10950086420148462],
[0.49159800681439814,0.7346227427687915,0.2189847021220398,0.017112112530767797],
[0.7721209556168632,0.6267553551214168,0.13473221018093817,0.0481180770448304],
[0.7259802291694447,0.9691268773644596,0.6982468380260963,0.09751669158862278],
[0.9953801288529461,0.8129784350740913,0.6211578063360503,0.02319649090576139],
[0.5979359598984763,0.7384231257827027,0.17754511639184312,0.017920193940951415],
[0.3112372681227624,0.8172657014888083,0.269019171583638,0.08586929578361423],
[0.991199216697756,0.7675520569310013,0.7412758161984124,0.030357820300508223],
[0.9052757918456289,0.53722081149569,0.2534464571167522,0.019748651190258995],
[0.6954097371541539,0.8824076688376483,0.45623675093656835,0.027027018218249786],
[0.30162751813311317,0.9312169110556385,0.2872577485904274,0.023285852665738814],
[0.4231459985679311,0.3843534723471739,0.0020922127217885,0.02919862474226497],
[0.5710515051503341,0.259310191011769,0.5499490663993167,0.025726784085664943],
[0.4901381383985225,0.8414230457456939,0.014043349644201286,0.03739984060199139],
[0.6318313490627779,0.08000231934033408,0.899636211299201,0.025776061196064487],
[0.4787078754197145,0.2668262244409835,0.8606791095850375,0.03817932025057684],
[0.3927104324017072,0.9922463349341536,0.7801030088731101,0.017434842288948565],
[0.8866552301567706,0.533025971329385,0.14075562333692804,0.04055982683262627],
[0.2717366809984827,0.7442421908282976,0.7519330878963576,0.12016975247039625],
[0.3462335743453916,0.6236838691762099,0.2995009474374286,0.028647857220527435],
[0.10946127989547438,0.6172655994555866,0.2610993314438512,0.035281239072243245],
[0.9612791971314322,0.6275021043274995,0.7075547143429941,0.031910703041872206],
[0.8468458899567826,0.14771635122585747,0.5466228574462849,0.028740909088882036],
[0.6245579268888414,0.9175729619002195,0.7302200534130886,0.054134670218579234],
[0.1072855953560935,0.42692229979554575,0.26919795390241985,0.03014044862000144],
[0.9735268885737302,0.24148861553989898,0.06310095481378653,0.09732153486589722],
[0.7042265847408145,0.5780964475755472,0.6377693338199245,0.02154447363434267],
[0.4321672313659355,0.7450502449625238,0.8451186791285019,0.01961423723367796],
[0.3414409679927267,0.6805282572735157,0.06561003093338758,0.06610317860703054],
[0.6274472395004145,0.33387199211661256,0.9112078383618762,0.03512998481160095],
[0.7007606455476777,0.14208360396576636,0.946845547550492,0.11268765233404084],
[0.4012074300859708,0.8131227076557886,0.5810558870763994,0.03455801156238756],
[0.18126591348978482,0.6188346166751345,0.952144656488435,0.027804422897182338],
[0.3111668262667795,0.9562287932385661,0.6941152015847444,0.0432379492206185],
[0.22036091204059705,0.4003105051216067,0.4174084054834717,0.01775062292110135],
[0.5068760875362056,0.8565777263360344,0.8853646722687725,0.030482442817623842],
[0.404960545171585,0.002510683260951052,0.07787193233814715,0.04897292687310549],
[0.9598388759909223,0.9914705204229084,0.6945661152211625,0.036013275663000596],
[0.28897303288432763,0.33193385679527365,0.7260016941269025,0.07247910825248673],
[0.18808378505205325,0.48552946676207465,0.3750982388643198,0.02659552021078597],
[0.022011578294204637,0.1937074810579522,0.31472053003947875,0.04821993480726394],
[0.8641470489435233,0.40255932445834075,0.7498379120102139,0.03214753303436461],
[0.9666421437278747,0.5891772771390634,0.6394927045995678,0.027369329578383984],
[0.23788819170614317,0.32828583951688994,0.17018209692981012,0.048573454478671604],
[0.3425645497385711,0.1307760409199159,0.5736559132466496,0.017711917832586577],
[0.6337785399150981,0.4840036318883745,0.1499485193297181,0.034337764489718384],
[0.39435564035354487,0.3143788413910086,0.8569007945331047,0.037684586648559254],
[0.2639024584384312,0.7576664998307318,0.6322764069399313,0.03207272230618715],
[0.12163050216768567,0.45632975822215216,0.6234352173888155,0.033460703563613955],
[0.6390725133263578,0.35660977251193493,0.03057475945004473,0.034506208990841045],
[0.8030817252921205,0.3383349143609323,0.8114577452212598,0.06619773635676084],
[0.8668391189983751,0.5615654016070815,0.6534966648470422,0.030958409620576235],
[0.7239549930704592,0.2454606917476121,0.19100161450569675,0.05332628230931685],
[0.13388535341693386,0.6062873738708768,0.32730478978364885,0.028358635508944713],
[0.18724512457684617,0.40901711176382793,0.3699999568720739,0.02431920079695575],
[0.2570224124062157,0.9534586164093787,0.5959715345902855,0.03803955303331895],
[0.9006960556977096,0.29468404855442865,0.28912506639988933,0.029372568182408423],
[0.389088363777636,0.8783504188148837,0.7797715629783074,0.03209811517952648],
[0.6009537866823559,0.6417353589468341,0.10852873181959677,0.02614187865379374],
[0.6111945117406232,0.9963533942657266,0.6239890712334373,0.056666531334740894],
[0.4653817123850106,0.9342237602682613,0.4530649043130097,0.01784941444060229],
[0.355752790646382,0.01135885537168102,0.4354313663277328,0.04755754626041696],
[0.22820226522145015,0.49058573608387857,0.3773893642633219,0.023129147534264163],
[0.6122343863821763,0.007920977686611708,0.40240854337940657,0.030968082852316836],
[0.5182700833366435,0.20575501926235662,0.22271847708747372,0.03364887090509827],
[0.6894422233442199,0.6985644999148586,0.07788437030126893,0.09286334842545786],
[0.007065888155358024,0.6273796001195557,0.5242883218215905,0.03528534314199403],
[0.028270304773021837,0.5977280438426714,0.9786437730597084,0.027220471049311315],
[0.679321683351563,0.1324282999087233,0.3523830280025372,0.03512265139352658],
[0.9790827211823693,0.9225044995265301,0.441656036916253,0.040332751670124845],
[0.7818130841322298,0.40226906260866235,0.9498344993911575,0.020645081299994157],
[0.8919899973277076,0.6937264638732458,0.5118098540530194,0.020607588521711337],
[0.8719793053008799,0.19729191534940915,0.004662656370962193,0.03446883167443239],
[0.9684817401096613,0.3798175559953745,0.03935566735067786,0.031554350168227586],
[0.5960536494030495,0.7054695386932397,0.8105878536600385,0.027593798244404374],
[0.7847944850162306,0.23711613546021681,0.14258334943427886,0.04550748495867289],
[0.7964228955797469,0.41537405214170353,0.6049527232947833,0.020970975255325],
[0.2880600478232218,0.9694365463733355,0.4159257280361629,0.030274117587229962],
[0.053204000613892743,0.063376360473825,0.07369611662390596,0.09907836587381656],
[0.9177550006601373,0.03012138373547979,0.13609671881780627,0.08207311553694377],
[0.6445395824061129,0.47270654321330974,0.6782268919621773,0.018642746862128794],
[0.9025870888834987,0.5794709755409114,0.5225270893240251,0.02011502063662491],
[0.9091275404722895,0.9873775214021618,0.7045563341346226,0.04654647517040199],
[0.45937796833903277,0.4700516962257566,0.10649222003387782,0.023678531613010353],
[0.20587845045597242,0.6122690958108324,0.465588150680292,0.021500446902259274],
[0.7547810938989219,0.4282498990222071,0.5843179918779944,0.017321313991504675],
[0.9038561343027118,0.9056901013332465,0.9372449461319372,0.05115466876008605],
[0.14031053485474443,0.27122706467987334,0.4590417724065302,0.01746194940215383],
[0.578341915617489,0.21209467712591157,0.4035546614999417,0.019147451017945342],
[0.04601651564518672,0.2757608685770817,0.3882990888782767,0.04894392141688389],
[0.16057991482143008,0.3049721209018236,0.6790582402394783,0.08778855488080703],
[0.2870407271541,0.1937371799866877,0.4079410909930704,0.01843143596033507],
[0.1883479245834193,0.43407613034166814,0.38988627441478574,0.01729059283035514],
[0.5937300991039915,0.6383902306275778,0.8652679217851412,0.02038669579121613],
[0.6097803159077656,0.5492000111631616,0.40873292981957543,0.0209110666718166],
[0.7461496822565523,0.38359307397738907,0.054572492533972894,0.026806832839417413],
[0.5523732336751579,0.3633008767834971,0.393611360545549,0.034179673878344134],
[0.21101274113467527,0.3913557112383509,0.27134581010743863,0.04125502839612191],
[0.42613757596128254,0.9105861712743043,0.16459438854991482,0.017347081703060103],
[0.6944409770225218,0.4400270524035895,0.37252198531280367,0.03421905306112542],
[0.22676020358934068,0.6584823642403301,0.6444317474870657,0.044186247407918385],
[0.8768923618647994,0.7193546530368101,0.7273902333540271,0.08142363003448097],
[0.3494410297816348,0.13282011499959934,0.33524037514219185,0.06279273888543284],
[0.9650178088220854,0.19826938512979408,0.4243687434063965,0.018094255761411916],
[0.7114323283170509,0.5884562408301015,0.06642417739762552,0.02269048449690801],
[0.6676245199923312,0.48714642177655465,0.9294412348367233,0.027388402452357852],
[0.6005554450667094,0.7845234212158311,0.09058604204309184,0.027783587249860936],
[0.3449009267886839,0.5572599658511432,0.3121533903011253,0.026989661621474773],
[0.5919121510490312,0.4623468056723201,0.13212876321319378,0.0317255561239814],
[0.6896318655013004,0.4398816216337267,0.08280306795845072,0.017650408567449462],
[0.5823114049873097,0.6669494433770468,0.20320847071792825,0.027394703379214035],
[0.3456494239809772,0.7314919165530686,0.9352117249431244,0.062462139880871875],
[0.9447950088314471,0.2111751857013935,0.19977884131494494,0.01898591930045679],
[0.6770776593807891,0.42331453590390455,0.49094192597579345,0.03700331625986028],
[0.36257110509902557,0.012288377124423211,0.6484104004607616,0.06090533156715705],
[0.6148374995085026,0.13484436031349067,0.6644186743377396,0.04359966285060697],
[0.7609567266093467,0.30851439036786044,0.9815508357999367,0.09574087088156012],
[0.4872666779409549,0.43110861742920903,0.4831534774415176,0.01734892730541507],
[0.30944319369307816,0.39274084568724177,0.18142754647754777,0.03890311489215224],
[0.6687938489452406,0.03045638137542972,0.5577898224138791,0.026253211304915015],
[0.8567190417986047,0.9837041753622303,0.9814479610830124,0.0971882384082772],
[0.9397406237747921,0.36327993380245127,0.9765216540708093,0.05427006883708116],
[0.9984131734595422,0.5706810318523542,0.11210636022126375,0.03473694605745391],
[0.4066894396959967,0.5448872521912818,0.17419789022307175,0.019341312395842525],
[0.7939702824617892,0.2884620485164774,0.06625741588569745,0.027474908249096194],
[0.6875934220269041,0.44344690512542784,0.459648322108128,0.02291279133836073],
[0.8515617494204162,0.6419375532064778,0.3259835017872753,0.03343033471775504],
[0.2790398350065708,0.48278297417155414,0.3183366498148721,0.01864102355267043],
[0.6325982932457763,0.05882621503102625,0.37151336047545847,0.034564587194718235],
[0.8901408582923291,0.5278850374645601,0.35061480290684965,0.022540148645822163],
[0.04972776692297487,0.9573428315210195,0.4153477735220247,0.02112188618303902],
[0.9087878905288984,0.9839336035021906,0.25472938982099436,0.0774446422799274],
[0.38929167912025797,0.1748519163356569,0.8259924501213856,0.05125177732334034],
[0.3715265353617513,0.07752304504419794,0.016339674448292874,0.05083647541835076],
[0.32507851406493726,0.2973510541491343,0.09420107820667378,0.03633413449066329],
[0.3454634364712209,0.6069429924239702,0.0728357274378959,0.02529905090858557],
[0.3762822262113358,0.2887076687553718,0.003894179493539651,0.05518333494577292],
[0.00042700535617357094,0.5341300909531992,0.007461642158229642,0.026486347373028386],
[0.47867328267777565,0.9651353188016099,0.22194538734781522,0.02749970110819435],
[0.38641012779420425,0.14745458394932176,0.06132567398960587,0.04929829804315369],
[0.9341395071967802,0.4636231790643286,0.8124059873099583,0.026952426961696516],
[0.010575111444093732,0.6773220911663287,0.07836548632845386,0.07664411743249278],
[0.8806714754943928,0.8569213490483246,0.7957570497164462,0.03130833542576402],
[0.6983404710354706,0.1780840364129559,0.21231165322164547,0.04630291737536496],
[0.5195835686598136,0.03172892732972443,0.06646839285426998,0.021881072800127556],
[0.09641258189312052,0.39570853295985886,0.36282411202069076,0.023015452299349537],
[0.22732463568857342,0.7653331693748425,0.5837056260585569,0.018573917322829578],
[0.1554368923358459,0.40718888115715,0.731408124798435,0.03551668503580742],
[0.17490000400947203,0.7007633656581437,0.9152439581753621,0.09275002646047803],
[0.801121846895856,0.03971051932568137,0.6335139432811865,0.029355179911019234],
[0.08720584312848323,0.11754836810257974,0.6252830166398169,0.05040070830189508],
[0.6954687735317869,0.4574595691336929,0.1408063070903215,0.039352878696809854],
[0.020937272948367114,0.29835411665959566,0.03935929610129629,0.09206935243806065],
[0.6980239602579115,0.05196537203240903,0.3682783261718088,0.03900517906488898],
[0.6989287055613908,0.021923708000041398,0.6892035036983677,0.07682927580126382],
[0.9433480813858274,0.6361484070450558,0.36770671046573666,0.03429565100703354],
[0.21595561186795653,0.08454469450022484,0.36548812609892156,0.040450814340569755],
[0.11865586619267199,0.40242855635663055,0.7750315901813104,0.017807808878010527],
[0.09557323127673567,0.3500330153289386,0.0722970622818444,0.050473693110318935],
[0.2883719530265021,0.6776657125490507,0.6400833244448282,0.07117687252016722],
[0.6143960521977659,0.6470745215911127,0.6242614566533363,0.033472318109531975],
[0.5908306104478692,0.7607054717930746,0.6124466473900337,0.03271468326818492],
[0.19355737873532775,0.871887862591031,0.4468656904601477,0.024539795606537955],
[0.18291382262029876,0.6271535675570338,0.2016463962017505,0.04850417336060878],
[0.37527613876266797,0.4589311087746296,0.959858951654656,0.01919449191409152],
[0.3546120937770032,0.799709054740817,0.9973221369640479,0.06088826900305121],
[0.6853177094524823,0.035443664913271,0.845695999810071,0.08770605132904608],
[0.3911425758710245,0.11637346501753687,0.8990420268026862,0.041116547264603405],
[0.8547926615516273,0.3577683924133239,0.06279092405535547,0.05973366441756332],
[0.09162237393246864,0.34982615656577176,0.000998536594992272,0.05981337004266758],
[0.4055159911430778,0.17058918068835272,0.4944052793377144,0.024061816466532708],
[0.6173006936081575,0.35485140674722127,0.9767882560525598,0.06751801331394296],
[0.6146737876429037,0.23171453142759046,0.7586888154301836,0.01757077080762185],
[0.3050218089578458,0.9753515473067387,0.7912651568852057,0.07910317573585356],
[0.4392735903312843,0.13373938986013478,0.3116986127028323,0.023995094217651156],
[0.09122695518351498,0.7671108648581427,0.6318895233528704,0.0503217005833983],
[0.26559885457451804,0.3323291519967494,0.29460426996629363,0.05059944193536145],
[0.39195377156215716,0.41689993414568627,0.09778597122349086,0.03258636709565414],
[0.8159658576732756,0.4541040800148445,0.8826404181548747,0.01866796511485122],
[0.14799673531817936,0.5784019094680739,0.4314711516042251,0.026225912204454756],
[0.6799885946111965,0.12341368582220891,0.6952131740249037,0.09005669396534235],
[0.9758241105100766,0.5615037282476196,0.9807926556076224,0.025938538666466587],
[0.22884728657915854,0.7167834178060266,0.387028112926993,0.03025336233273964],
[0.9721175645628267,0.928457407689268,0.8626371951576306,0.018999684934401177],
[0.6101161853231342,0.884001509446529,0.5963556538446515,0.029880685701914184],
[0.9777794698313833,0.561090277657052,0.5017357116319264,0.0325688172468904],
[0.4725266936384761,0.8015248503428409,0.2215970483409525,0.029140608712401615],
[0.08357889438494537,0.18157802897656272,0.4587675768881133,0.02811124478312106],
[0.23193961579087108,0.7774748308867222,0.5391703858080992,0.020061071050474555],
[0.5740245856694789,0.8231475744976021,0.3313012838865599,0.03389291752077322],
[0.30093302564161517,0.25320057470809,0.7650157270228122,0.10208195848459682],
[0.8075078893543248,0.8355738136194834,0.5375941851176318,0.027111408621461157],
[0.25268417513115304,0.3727776755210138,0.01552809591326465,0.023406743849753886],
[0.39759772172121643,0.9530115015749406,0.667959858886618,0.03342693266813817],
[0.007500234766930403,0.5551898977691884,0.8535061804791358,0.025138217418278874],
[0.9228392362283174,0.0824404518384122,0.03649062474088194,0.09453632609243423],
[0.48905140276202885,0.03400674648367907,0.4862845309426317,0.024263295208668594],
[0.7892051922030245,0.07992878002387793,0.31550915910828603,0.02267801392826222],
[0.9299194838864978,0.32261558843259663,0.6831227643426208,0.0862393197435967],
[0.38052371225989334,0.3577928857935857,0.8598147920230919,0.03270524238323539],
[0.381583501711263,0.7066579974579437,0.32541662889340683,0.02721519116072356],
[0.44584861001363074,0.7569448664998636,0.8213841162779896,0.01988917154922446],
[0.0027372394955145207,0.7598591126625025,0.39884147269632064,0.06633298868845186],
[0.7455245383242649,0.6464363682099474,0.31305200886874995,0.04534360089504689],
[0.3148223861260476,0.05789542965690431,0.1991384544637872,0.021242790434305006],
[0.6456508622490783,0.7059980153112511,0.48631987571040736,0.01884267348015453],
[0.6416022803422401,0.4089756697590896,0.4511132992205853,0.02357511319675957],
[0.07459626438643019,0.4248925489138392,0.9283089598473047,0.019291164904765054],
[0.4136488456875119,0.393423368251114,0.44347958830793366,0.03897687938952628],
[0.3537151385831936,0.06990033251609196,0.7294272067398124,0.05021049778347075],
[0.7098173438322063,0.29959075170969574,0.2545788616477723,0.01700295685084046],
[0.03923977686400926,0.0715685349520695,0.4367683294786663,0.026368942794162256],
[0.12157855477182167,0.9975487328694675,0.4247778727206757,0.027877672747873262],
[0.41904698458699774,0.643544800799999,0.17286626675075867,0.017621158501304822],
[0.342455125563468,0.18946106628886905,0.20106720273093825,0.02621532233219613],
[0.4746893034722205,0.08905765014883193,0.45458797660818295,0.036925923517260345],
[0.4782114443212915,0.8419226998777478,0.427691383626171,0.033435290036772064],
[0.24862448407042614,0.16392717412559976,0.050157653613741915,0.022502562963687835],
[0.6507041039403236,0.36558058932614124,0.5474678965169614,0.022033194503456158],
[0.7160925050323336,0.5416811323604166,0.28649240963483036,0.022985759840353878],
[0.6920121109630512,0.14706111548875067,0.5514378618187926,0.02958550107140937],
[0.0365787045125292,0.3536886643855549,0.34337980977556726,0.0465008134630944],
[0.137874401025183,0.6365338422801589,0.24628538748014384,0.05204484213144059],
[0.3393933873142738,0.649310772725154,0.2357694629835495,0.042018778795623636],
[0.4772745739188853,0.8184294376247663,0.39420247556471766,0.021712199755851272],
[0.5464313717619701,0.1629970714551644,0.30286170865686535,0.025661078178440905],
[0.5228310422998552,0.8262817187004412,0.43966099776824963,0.03604655314579578],
[0.09289774470629042,0.5177139371189604,0.6310746142175583,0.02139073107121025],
[0.9131520768479431,0.5966349872144653,0.9513126283649893,0.021233832919178332],
[0.27291225851332335,0.13168089818310447,0.14849434311778587,0.02015288084182843],
[0.37507342641875163,0.24491650482952987,0.0855214854548263,0.042495624332585],
[0.6658970894218508,0.43060680093584325,0.21672511704448583,0.017617276647890964],
[0.4431685003233061,0.5985416541613041,0.06671351615093146,0.03136305766448258],
[0.9959574612013704,0.5987893405647614,0.040416825318098315,0.039869879576540104],
[0.905546135807564,0.5607814132025529,0.2730648804558685,0.02740287039950961],
[0.4604750170492131,0.14478535949195648,0.5076581656475649,0.01763373803699811],
[0.5959214029162517,0.8428396445507148,0.11461020992135007,0.03686650613928734],
[0.32278565535247605,0.24687396856004473,0.053389798596062965,0.04452749018203022],
[0.5416505049822348,0.6771713170998948,0.5640970455603836,0.03352144259256898],
[0.6141871398170058,0.9045858014642962,0.24029081124168705,0.04167097316156617],
[0.5934946295687462,0.8466154449170176,0.22553970375241528,0.021953513782854046],
[0.95237910443921,0.39782754822499244,0.2090752404740056,0.018673582302274422],
[0.4578178443255825,0.5531683186753089,0.30527354165462706,0.019645821134361238],
[0.7412857612610448,0.1417271497585203,0.11220321979425796,0.02454462310895939],
[0.7081869636554867,0.6487798195377616,0.3834519941361344,0.03489587031997736],
[0.19861758180776912,0.9536564579075333,0.363635127973449,0.04982074869065274],
[0.6043983095688003,0.3387929034746132,0.44753918095348,0.02990691193708151],
[0.6497167822701405,0.3613279007004514,0.6719837284986451,0.04030833133254517],
[0.6872431768610662,0.3527435859440329,0.07355337308787635,0.027570148907617414],
[0.7943928895362851,0.08945049379365,0.19084244795186756,0.023185712273563003],
[0.2895542748390949,0.5005887385535145,0.7826519225658399,0.019319074993060084],
[0.0641710063673111,0.006570839260051975,0.2745441576602097,0.1000673137209942],
[0.6192679051918811,0.9387371820660179,0.4362505863177001,0.019421034574687183],
[0.019971069799681107,0.6008523660898064,0.6503076710395459,0.023496543772515914],
[0.5855600521876118,0.7419695126531317,0.5333907069665245,0.03455717324163327],
[0.20113977901547153,0.15184109479787622,0.3115038915882329,0.01973407542736276],
[0.2824783620454373,0.44572611715396493,0.9791760638199815,0.027371579126372836],
[0.4755691075490215,0.9144107214754108,0.2093013651203608,0.02237254675265475],
[0.8593498217761686,0.3872577121815667,0.8377054567148261,0.04066883406384674],
[0.4504831014168831,0.09365208774416711,0.1648688151795754,0.04000075419209265],
[0.3070009089664456,0.9548714294789865,0.9899142592171501,0.08717399913641652],
[0.8740282742658405,0.4436983969580708,0.9392947342315036,0.0317263321547738],
[0.8898640772348452,0.08929364822522201,0.3663774701540302,0.06402511249487639],
[0.09393444561157505,0.27815792658937266,0.3100539430340723,0.051263797506762826],
[0.1257009080926874,0.5772704644533829,0.2639577226155573,0.02268659896550762],
[0.2218760675794481,0.055343032082568855,0.5986242712600354,0.018742454630426668],
[0.7279513102568562,0.28883919132160096,0.5961475312733437,0.025210435387781845],
[0.5435216419994507,0.9873119758922029,0.20728588075298515,0.027504964827049685],
[0.5807030763765924,0.6859811049706313,0.08081601781771308,0.017547105773119208],
[0.7275380817476235,0.7372812807216131,0.39347111667523227,0.02358791137727132],
[0.8819190939709208,0.4567814012966299,0.6442890994237073,0.022258473359534008],
[0.5811287254709954,0.1444138187927967,0.605929333263547,0.01951130574120817],
[0.02645266054805029,0.9273274037284027,0.5503001723011612,0.03344911529666926],
[0.28874702395353424,0.6357719058333552,0.05322927882882711,0.06255427245672888],
[0.3000557222818474,0.38871609918590944,0.3991139891187405,0.03289389067842712],
[0.36259148777751427,0.08350722596530724,0.1452835136135313,0.043118662768274925],
[0.5209936789801403,0.9307790430405563,0.20074432923658225,0.020299828654992726],
[0.4211016741061131,0.5079306382754013,0.6238086502881629,0.02702268053287564],
[0.047045454720843205,0.2936551412612073,0.47510470319031495,0.02081619181500001],
[0.11531530256652645,0.11439075368009888,0.4605902557186329,0.01909982060268301],
[0.22759774894789586,0.8286765758533354,0.43176560599121616,0.03232719356572664],
[0.97916167577823,0.44703273028914114,0.49870658894841124,0.02332057402231117],
[0.1743545724689356,0.7080682633636244,0.6616336836100453,0.09577334361972967],
[0.8184669802403005,0.6127345998572626,0.24355515327459376,0.040249395919615835],
[0.765617577568822,0.8316166220333273,0.7817377972057289,0.07812862941144576],
[0.6612396120767444,0.08124997835996561,0.08658620522914062,0.026028396940106224],
[0.8195652116141212,0.45281544880869173,0.11984134613299824,0.019866578229586034],
[0.8020353948609068,0.40721224002865974,0.4422176122610372,0.02866636639801276],
[0.6036101741669021,0.6462439773266568,0.7448972240241278,0.01885091246149455],
[0.6294427887686869,0.21079226903488202,0.22716643728814945,0.032030139624604416],
[0.6934238503487413,0.2569149517869057,0.25808121457685385,0.03196367855725302],
[0.6395550471930812,0.3060868566802035,0.1563223048736624,0.018316443788490802],
[0.6410396500611668,0.7208431133555032,0.7908523590164762,0.034873186944627044],
[0.5726470856579173,0.22556814032624362,0.485285458683288,0.021049494936877695],
[0.6222501839141675,0.4388362767848033,0.1742423463675682,0.029424897039631193],
[0.7399493990795648,0.05315704957387113,0.5447608890057002,0.029610980218558153],
[0.5830222427018055,0.3949120328885063,0.13672461888754073,0.03814300882779669],
[0.6513273326032828,0.40882344108409574,0.32899795516545105,0.02604953360449471],
[0.5939133961557648,0.6450156947958163,0.17316689370195337,0.026033706492589882],
[0.08130950163383088,0.42969717144577646,0.21247417797726698,0.03270258805691283],
[0.08530947005216927,0.658463809783531,0.8383685308348179,0.07122889472395352],
[0.04594363143586078,0.3144922290869313,0.2554731167060187,0.0561314121862264],
[0.1785095394909164,0.05278828795895185,0.18892684254474412,0.029225345276147847],
[0.5211799043117747,0.03869099695321443,0.11408539872274481,0.025081972306847194],
[0.4165872687865986,0.3572635154879731,0.9348450086984155,0.028178027530859524],
[0.9036391440280575,0.6465894353938152,0.3655323903509845,0.031197591478453066],
[0.3021816076096535,0.8551861075281822,0.3970113705448455,0.029346901554430954],
[0.8670690521474089,0.1458691168694637,0.3025779378755865,0.018218847559208717],
[0.9442976484583879,0.5815288596881945,0.46075120961355165,0.028491356473144838],
[0.3543953019562388,0.778675041409833,0.861456476724612,0.04398368116651487],
[0.8055005010789311,0.5505675792509555,0.16486240758399195,0.02103655823721457],
[0.22852590054818267,0.6172330836909153,0.3618976908005719,0.037621085263645396],
[0.797083503347504,0.9047344525193689,0.32742781690140543,0.04449535914722726],
[0.5229596281015209,0.7848216856595502,0.5392507883983702,0.02661121586494921],
[0.4933773680388185,0.5247000038235474,0.3973797525866041,0.022218157965218678],
[0.21221078590511677,0.5420374878269897,0.29410981475624076,0.021053029766149263],
[0.6890080682784953,0.578798035320047,0.437301494063572,0.02052500799618502],
[0.678513046839755,0.4408511828655921,0.022294966990486498,0.02805472798010423],
[0.1404926723401715,0.3744686929163391,0.3632862491063903,0.02551280139067689],
[0.6729626329309749,0.7082950017989277,0.9776524675035388,0.0959504643102028],
[0.2719666060171876,0.15338506471661706,0.15552102914617938,0.021849481778866968],
[0.9144617702989079,0.10709965568411495,0.4505628196757341,0.022679526031652873],
[0.3667050312112673,0.44912182801831435,0.9385204114240252,0.023063728243556778],
[0.2497634364263961,0.3448449892974652,0.6428146565530675,0.029811382019271644],
[0.4279351416488296,0.715117789983508,0.15397792114330489,0.030988657372908388],
[0.28683442719055474,0.3709581210044095,0.07583896405758306,0.0526559678329713],
[0.7914353152508508,0.3799590929889125,0.2732157547841848,0.0242265392659333],
[0.32450009681375935,0.2866901565782831,0.3518737815844576,0.043040110997835286],
[0.5045046288005026,0.4769182770250653,0.60350378788586,0.034304457487479484],
[0.9948325571477866,0.8848679531985721,0.2850293779407863,0.06557491201212438],
[0.6618299837467615,0.45825287524859204,0.5197521983691941,0.02580700136329752],
[0.9310439557279679,0.398646558779137,0.3738107066133747,0.0213881493382432],
[0.3380558220020351,0.5329785543869463,0.010324938269337336,0.023543422680001244],
[0.7420327946045636,0.25102705730875463,0.6470695282463595,0.03667560413488246],
[0.3942669749893245,0.9715298912038367,0.3243987503698128,0.042567557981056554],
[0.940234440283349,0.4269883323455268,0.5372477835756876,0.024439281968968274],
[0.5015372719434545,0.9886781805875291,0.9622693443948734,0.027394616345768723],
[0.7741183848408976,0.2696807276044264,0.5602788908695262,0.019190258018224896],
[0.9348763792689136,0.5764939065364046,0.36185312846379314,0.01901291181034743],
[0.0049175733659629906,0.7013243010346157,0.5950474078217135,0.027710029915056743],
[0.16598489492566137,0.5940461707089257,0.8229621063867106,0.027884874848118392],
[0.8920642307871474,0.5557928373775691,0.7897377543262754,0.017002178225408754],
[0.9281163570588183,0.39889580331124863,0.5417550253874456,0.017004918824773868],
[0.6116943617124289,0.6740218955375942,0.6001454916123511,0.02009966344270439],
[0.9857457911246738,0.6050721657430297,0.9604399813388772,0.05193950197768428],
[0.39037680892093407,0.17745170562075052,0.11867612317701526,0.04069898686970556],
[0.4431067689989723,0.7993371249872192,0.17852730803728933,0.031802758071304796],
[0.42973359843321657,0.6737705052502783,0.6337583385586575,0.02421646317322993],
[0.8839186248669554,0.3479267564721956,0.29714196929904957,0.05302688919485757],
[0.5424201815199013,0.007128601268092893,0.14717982785687345,0.04957531340449685],
[0.9490396371119219,0.38553321492458836,0.4231780863609055,0.02702083791050717],
[0.7636364115168431,0.9289717716326127,0.43449226777515515,0.02554992956097893],
[0.6893085718584843,0.1374753410227877,0.8227805788716102,0.08068901606783437],
[0.3667698017120695,0.6627250184134365,0.6972402107897538,0.05819538842142237],
[0.036350168426897866,0.01681765768975685,0.6021332291858683,0.06608924227630218],
[0.35396853991834243,0.7203212882198642,0.11727376445069515,0.07663617432058997],
[0.3764713698933956,0.6633617091235233,0.20221256224457185,0.041995772740068195],
[0.6971970252873294,0.8066398738216954,0.8187844976471956,0.05372326168113514],
[0.886159306997711,0.4937555838382057,0.7277812749070163,0.027347177686396114],
[0.381090637977626,0.9498702921349651,0.7640568208301185,0.023998269319993507],
[0.10094917818174931,0.8273398689970939,0.3796832200559016,0.022415915007012545],
[0.7852018667655977,0.9279475678373919,0.5137348222134003,0.022624198236619222],
[0.5787428574227425,0.6611312684325251,0.00748844827206796,0.02594428583158046],
[0.7205829687036281,0.23334883678629215,0.8195085995708413,0.12470833744269909],
[0.3213482128529904,0.6603859257030611,0.17739052902551466,0.07946311239253227],
[0.2253903186295264,0.10630713665268388,0.2698728353724045,0.025022113021809372],
[0.41132345389903546,0.2739549074374621,0.1708265016034649,0.031876628598392395],
[0.21656493525553766,0.6495976270636155,0.24317540099489343,0.07938380761302104],
[0.07979107411655795,0.6784760227759417,0.5339417932516964,0.02077482761789972],
[0.7150159897498614,0.13401771833072074,0.0032330772315048995,0.05055625306641133],
[0.2182063719729459,0.9923688452659019,0.5026735381798353,0.017441415923640485],
[0.3489070764213076,0.7873373491316723,0.6658380764150287,0.06893397401950267],
[0.5620216213159539,0.7728825215138111,0.5810039998922438,0.02303000019272692],
[0.43686087269061036,0.5368428306127178,0.850644688851345,0.02642007465380388],
[0.8359128869674107,0.01735534552661,0.23590490467367753,0.05801386126961432],
[0.18997056012936353,0.5752587191323163,0.0814288859394171,0.02215188700239358],
[0.927991337544387,0.34316564745995437,0.07337714443729648,0.06452174603036276],
[0.5162919003499786,0.1456275460551708,0.4694526969246944,0.027585781659453898],
[0.20221447299205086,0.7101808550673766,0.36056279462238905,0.04307599177749472],
[0.6081541499112245,0.7487836683555716,0.3764154455135921,0.03733700075524614],
[0.3287401973179249,0.6397262714732668,0.9870832825746381,0.04950475867159024],
[0.026855207808153536,0.6186261519044557,0.9349542433185072,0.03344092327260162],
[0.36338694877754874,0.8355314950802905,0.749147658641563,0.055126012945251254],
[0.45196656379544164,0.11702129604070666,0.03218361017616056,0.022249425375416763],
[0.05647998221063488,0.3999153987443538,0.5198896713590673,0.02044355480146695],
[0.7549096104239265,0.4606072443417981,0.3709215063726544,0.034927265905944825],
[0.5417497886137553,0.01787752412390109,0.014959927116513727,0.01935199056689206],
[0.5444845146677241,0.6255701681011901,0.15197544402577168,0.033231997686602587],
[0.14656486555816473,0.6042966924578289,0.7695030964840772,0.027912881624590984],
[0.5440997573511467,0.22217380253492647,0.27551076505292815,0.025860070340133955],
[0.9264024984170728,0.8255575524163239,0.5050639115488411,0.02270382854730997],
[0.4333492660557282,0.17718958995683953,0.42574653700230103,0.02633136219137832],
[0.31750605913258234,0.6187515052476535,0.3478183052841133,0.05157456947729669],
[0.5417386895903622,0.11002100230895462,0.7102895429724868,0.030522159012342426],
[0.7939167050356843,0.1789081886519791,0.3998815307688677,0.019419201532136957],
[0.41976361235713056,0.9966501504222944,0.9831276777605975,0.019270930999776607],
[0.528337295070202,0.5932067548247674,0.7760331045519889,0.02390067467344651],
[0.6452755336092418,0.9775428075485466,0.7999468428589328,0.055012192781446964],
[0.9480479541916044,0.2950557887685473,0.407253298959264,0.05010173644447721],
[0.9288512566095232,0.30045601836059344,0.22502885846960197,0.05644588224814026],
[0.8759684896364851,0.2028761636783034,0.4044594649697645,0.017586670734471725],
[0.4008415873008726,0.40917086905393685,0.16908875784992505,0.02074696012438563],
[0.35332807665981947,0.3635014546922827,0.02807362213214215,0.045397212535600896],
[0.6867591273329815,0.6511217294139328,0.2890876748079846,0.065876410235142],
[0.42343577308460134,0.4916402300037366,0.34632838906188024,0.032366903512028214],
[0.10264185537773751,0.6704476421152393,0.47367968167622276,0.01741462238977596],
[0.0653375966949763,0.623157481455905,0.7703848560341052,0.019799653403339466],
[0.7401119924338908,0.1987194413271276,0.22469142015049914,0.07007350486277154],
[0.29055553391220423,0.31455623530297017,0.9906684063553799,0.07722515676680518],
[0.8058826479408758,0.14703011884637174,0.2209165949753823,0.030522577412164915],
[0.7181367013048714,0.8757397726997482,0.25176948535263755,0.04978338658409838],
[0.4508772881962735,0.926286722124461,0.7521579709989873,0.028584561964889843],
[0.8108239758724298,0.18283320649353263,0.5555261862123217,0.030026181743767387],
[0.6005998180855083,0.11805317993960152,0.4969251891056006,0.01945095897206537],
[0.7994636159854367,0.1803834617274288,0.13522866329536498,0.02653580446253042],
[0.3254384504061384,0.5867887559129235,0.8841222021957926,0.04667640588587253],
[0.45956488688176844,0.4234649084819587,0.7268715212916196,0.02231897980335109],
[0.6144988464922954,0.08997114665287187,0.7920267265182219,0.03355802057022619],
[0.6117116840602516,0.5361236257569089,0.8603861697636096,0.02134530968926398],
[0.7668128755416486,0.6131707281335435,0.8517994446949491,0.03408787619233164],
[0.23465877628020348,0.3197551137563196,0.10129649709802468,0.020785233194528158],
[0.3722429020019832,0.6936132754452798,0.3515197519711515,0.03045268144714653],
[0.2919040073125899,0.6725316924415894,0.9624088072687185,0.07932310789503963],
[0.6040491053788295,0.26245850145842586,0.17436630975011247,0.031404457003786995],
[0.5274469108755293,0.7587220923895587,0.8530775404551588,0.01827832010468887],
[0.00717370138929152,0.8692866614358764,0.6235428165054173,0.024707757951035636],
[0.6428541618305278,0.6774036577221335,0.8645174635298808,0.055061311615501804],
[0.4529412271815102,0.5186781568938437,0.2630808309049848,0.032978168331677486],
[0.9672181035515494,0.4970968736286774,0.3857615103714993,0.021820131509528128],
[0.6917448717619762,0.8525568801120894,0.6351460851048049,0.043429357310007195],
[0.9875154297706895,0.7709428254890773,0.691817532809861,0.021716465083766914],
[0.170836333557998,0.3833493546490757,0.11760971899453232,0.02007117232319825],
[0.66973506574254,0.40969096805557026,0.3679067900567332,0.03659026764307865],
[0.3985817385613798,0.5905028248953756,0.36960803691644517,0.028566858246020566],
[0.04831097528258621,0.642290171882818,0.17488452188534342,0.06601500189398181],
[0.9513721962911604,0.10924349014361368,0.42361494104585495,0.033831028655067714],
[0.9850615020579788,0.24108038280980437,0.2707130242418141,0.06117222328116116],
[0.03690566263051065,0.9086144820712153,0.3712321500323811,0.041161173807657554],
[0.8552939473567164,0.3225798931428534,0.11989416652059415,0.04045212037213977],
[0.4175963726928761,0.05036325270624409,0.7622692945369621,0.030515312826041967],
[0.997642389682631,0.6262711386328408,0.6356653061051846,0.058116839311605745],
[0.42405576874980155,0.02631543081975185,0.5403692124025714,0.027128370897111523],
[0.45381206621334347,0.9927008129035659,0.9864564611544167,0.022853217785243192],
[0.6642115697808413,0.8210707720036369,0.7623257687267583,0.06643093733753962],
[0.8458066876882758,0.3850912148285186,0.6239134094460124,0.0351067010198301],
[0.7849172647218311,0.9627956536015024,0.37689924027696675,0.020477594822766267],
[0.4837336696635691,0.281945210417207,0.1194932460147844,0.0250390346879737],
[0.45828615288883223,0.5299907615811718,0.6131300488682568,0.03853218825003627],
[0.8785992456418134,0.6287797723537651,0.8057059692974413,0.055910129739418266],
[0.2754599822525087,0.576604934290736,0.028050741280310154,0.040216823195458475],
[0.28468077935012837,0.04266429424671425,0.6125436693236647,0.03424118654882909],
[0.8676415185539399,0.17699586180703353,0.5306196418210675,0.017272743788767655],
[0.11335915091462356,0.7621289449552454,0.5434293867296957,0.02258657142634353],
[0.540213861011921,0.6958050942599913,0.19877083859566635,0.017737822513076158],
[0.42899958140445793,0.5673585826061223,0.022382811694394933,0.03646556959343444],
[0.425670699067916,0.6497360377905067,0.7834476200471735,0.024600780191908672],
[0.5564469649865915,0.8278956253732225,0.9371555822177109,0.025674742896955982],
[0.7195542492917862,0.4806846248336748,0.5143059330051207,0.03987968942848255],
[0.6926605861285644,0.0713067501085809,0.558746244202103,0.01817697532273499],
[0.6141208056817802,0.5244166145199056,0.26484283847046775,0.021987168593412577],
[0.32653313583252797,0.4482784093360599,0.8486354028399289,0.026327072163541104],
[0.7912019725701898,0.7885095853518731,0.375893124051744,0.037488082779516915],
[0.6210205658040517,0.2612851135595131,0.2884881659546116,0.018821571957526824],
[0.7150444901683721,0.3556701870054153,0.8845114042307348,0.05509492805272974],
[0.7677385167455537,0.33070711958562127,0.4224359831993416,0.029531499776210578],
[0.5465762387013339,0.9140839269118357,0.746099600624582,0.034828310025619945],
[0.4954527296937741,0.3388473546405364,0.055840966491655486,0.024181880735760074],
[0.8433931231456395,0.8947554005122116,0.31372411663937394,0.026318651468266153],
[0.3850995759472211,0.3635675651818684,0.20935197608428058,0.027338251974217194],
[0.10631546113184753,0.6721146730762693,0.22149400719701384,0.06731853267382697],
[0.8192466205211044,0.7516148598995396,0.5088600803882751,0.020854194129912816],
[0.6250863141436286,0.3196796937295421,0.8416065203365232,0.030767771940506033],
[0.3570936698975502,0.22675840846413775,0.9254410076696518,0.032921203008842416],
[0.6939436940424594,0.9205817558991527,0.31751376017553656,0.05408165498182091],
[0.9859761126369304,0.5038280440994383,0.6566210740880272,0.02001472173728227],
[0.7070919243397953,0.6099758787456836,0.05615014682059727,0.03236164898843004],
[0.7659107726858291,0.7519376075022266,0.39199198938855395,0.05207908644707729],
[0.6103678397421695,0.8112028721110625,0.13952181284681142,0.039166248272038566],
[0.260116029029396,0.9079356839586606,0.31297224178520977,0.028546279114669025],
[0.6206765647803624,0.12404345517512638,0.00843330675258358,0.05221959643565738],
[0.5808695648777913,0.8098375884386277,0.9438404320657046,0.019143620317793486],
[0.429278597963193,0.8957567651861496,0.33683763558188085,0.025073895933676843],
[0.3484343553987671,0.6542355376286315,0.42507279161995737,0.017998699630850663],
[0.9947690670863093,0.7123622049850843,0.22154533546670352,0.11574716328399522],
[0.14999247602907517,0.8187647513827486,0.6208693743423525,0.030996984248077473],
[0.5548496121344509,0.25506255433460245,0.18882335469403,0.01965019444955801],
[0.6376016340523009,0.3634927608507209,0.7439013324956376,0.0544805881623273],
[0.8130902984903525,0.9869080678449896,0.7595192709367194,0.0522787706909328],
[0.966790366724416,0.8880213113970349,0.49068356893871634,0.03236433290825399],
[0.10441869067397702,0.6461948131146027,0.761563695185085,0.050698713167330406],
[0.2292964572267988,0.5043858811761196,0.21060979217237308,0.028315331834114818],
[0.544860361544709,0.7330483635638482,0.0743173398766549,0.035173215387707145],
[0.6015665565522051,0.5494402221033939,0.7089311966184615,0.03754243140498922],
[0.825489674409004,0.7699525617131842,0.6654073487309907,0.04983428447346504],
[0.649964402123477,0.7318704106143067,0.7310929735053955,0.03355825068749651],
[0.6982996108686607,0.39770410135759626,0.24537994061095025,0.024449103413774924],
[0.13760318690796958,0.653215514773053,0.5753215005747075,0.020538160591025492],
[0.6220495281322582,0.32161890213750643,0.6255059191378791,0.027455949866789668],
[0.4451220340348343,0.7002897350217391,0.8726373149274798,0.02052803777337668],
[0.5583063064589616,0.08256334905311291,0.6582064857062147,0.027550538653472637],
[0.09663321615087839,0.4388121559724475,0.45258202493995014,0.022207503374380218],
[0.4298269785203497,0.6187289255792193,0.20892021197984734,0.0217431306277205],
[0.5722435543267602,0.6061137524275257,0.43425132811019107,0.02995323470727846],
[0.24729721151983286,0.25153287188806395,0.33022234482670343,0.039638343131444015],
[0.7405276476269708,0.980220618330257,0.9895021865254948,0.1344176886980339],
[0.018110246282609044,0.5053552573852474,0.6126419765963489,0.020911064069228887],
[0.8422979181482853,0.09441829029852078,0.43098644065225056,0.028951939812346554],
[0.38492382246580403,0.4048711040253682,0.8376984733259583,0.017140011313602863],
[0.6914345309497513,0.8307769343839041,0.8695060967924803,0.05998346645090226],
[0.2877395010584948,0.9335312668959896,0.6276258574890751,0.020777506956781683],
[0.5038135848858595,0.26938410678248115,0.6574184130323559,0.022262171579658013],
[0.6058610832327864,0.4101911797133819,0.35979165549311654,0.022036193388951755],
[0.4048401507499294,0.4680741930640885,0.6593954464500774,0.019376971182466583],
[0.2967469005894907,0.7747429312296403,0.3812724093686559,0.03512581412534734],
[0.3929811755049275,0.3211037578118837,0.6252835897636188,0.02177315292840592],
[0.13251724481929028,0.4562568006484087,0.722816053998945,0.03271699568594464],
[0.2573451216987783,0.6177322304734791,0.5536363275256099,0.025389844463979218],
[0.9935853691310288,0.9500367564165312,0.3239460209414652,0.07187313168336348],
[0.818951004716036,0.9867340940732926,0.6744439359047111,0.0324633063811701],
[0.14778917985087014,0.11733467534387299,0.04449114940158683,0.03225183877164209],
[0.1639698790373879,0.24477729735467246,0.012924355938973897,0.04672678700760004],
[0.42914583714652565,0.4429271619594439,0.9669147440073305,0.025444433722774808],
[0.4814583172050977,0.13716585478399335,0.6645512437291654,0.02068783758140614],
[0.9978122256371734,0.061748989922361885,0.5175137775818525,0.04666220329003086],
[0.014684667324871059,0.08858423870257481,0.6520334440849461,0.041324311795455815],
[0.27331014269419796,0.779598723135271,0.9849266288999602,0.1267902206461563],
[0.44765044023767153,0.10753863847031431,0.6807898225893457,0.02401008059808029],
[0.8559020915954331,0.8166056188657697,0.37618952558554664,0.03310345239054339],
[0.2791555409599491,0.07533043127707117,0.3324159315197507,0.04239517028775248],
[0.49053127917970685,0.010220963915375192,0.2369197608807906,0.025265652355717032],
[0.13820291310202037,0.83887725147423,0.33668401920438185,0.04277307516652798],
[0.7409308447768859,0.2506847813521077,0.417259151679538,0.027790177953802883],
[0.6227157748865161,0.6998834286346614,0.3654880813598904,0.03511630373533005],
[0.9194829203237446,0.6443330433054375,0.7026364113779695,0.04190472554409091],
[0.28138577307422497,0.03718426392406515,0.25557531063405503,0.034659379617704],
[0.7045945139557812,0.5864147649703985,0.00359418288857416,0.027439584307330456],
[0.3740800579603656,0.3040336085759928,0.3318333002894329,0.05721205450436215],
[0.14052399563175721,0.014897472310086757,0.3907580355980709,0.024333281020865224],
[0.6354115739504568,0.3351721010745713,0.32761016066877213,0.05008251056642957],
[0.38900000237534904,0.24810367093278274,0.7071362716786527,0.026084713426644188],
[0.804892207694596,0.3714167904827248,0.31735292626137857,0.0348904039596851],
[0.7137825853355696,0.01124739491639315,0.27891958668795624,0.037329141239561915],
[0.6794956086447393,0.6150556432543131,0.45580478879613706,0.03664942334052474],
[0.23161259160201786,0.05000471715376664,0.19487196205863133,0.027117489654141208],
[0.8135225561452064,0.7563658619604243,0.81498175720404,0.0761720279901323],
[0.48439078907719924,0.8986119473278379,0.4069465573840454,0.034719597950010325],
[0.23672413230924816,0.5402939733582407,0.21477957408971637,0.027244498305941986],
[0.86456636283058,0.5000284756248334,0.6193055468921592,0.030054268551194453],
[0.8698253416227196,0.018211947524082617,0.5295293024543913,0.025153974338070206],
[0.6472581897837014,0.8394144327510182,0.6883551522771167,0.051016618876786365],
[0.2437138172115153,0.6300462358756836,0.7799284005411297,0.04328356496657749],
[0.44096709991998806,0.35142347245301164,0.5982248979135929,0.022368966972769848],
[0.024727583230819028,0.951756946794744,0.3756640076358446,0.05511475485249884],
[0.35700157612049,0.5770580691399543,0.2371007434208593,0.017882253323853896],
[0.9663424442517645,0.2397816144475784,0.5755448010717239,0.04492046431644368],
[0.3755996733472474,0.3031555241899089,0.2586103570184394,0.03310371808189473],
[0.6036970105893994,0.6191820619053394,0.4183889345917037,0.025270026602441056],
[0.6776382124270721,0.46232531902494867,0.4980098341626873,0.03475744475114671],
[0.6431713934354797,0.03537403021819885,0.5962222673384135,0.02286983331584503],
[0.8859629723195692,0.9011624918365382,0.823542712041935,0.020994343690763022],
[0.8349023844631068,0.5943564336364754,0.8377406514716235,0.047883642427985956],
[0.5778946214026293,0.9543872076096303,0.7744691658426878,0.0371899427046677],
[0.3469842463615459,0.9329950221244803,0.8862479867796057,0.01947145301831095],
[0.9054404119896923,0.4917008983010043,0.15951364997147455,0.023413728795783746],
[0.27590392554526333,0.35317555982012494,0.23741969070381586,0.041192850316676986],
[0.2882873538932349,0.016157252637057473,0.3809129089378045,0.022700821350780692],
[0.16336503943902736,0.3745709005828183,0.27376884745216923,0.033863323135290946],
[0.033394376181120955,0.6698609373396678,0.0004631787006946775,0.06585103502504787],
[0.5513554691790167,0.4493310843421794,0.0015634729583988705,0.049327574274621366],
[0.80256888760472,0.9721503276687143,0.446992403530206,0.019618191355080583],
[0.3747390283106544,0.37298500323328543,0.42137418503489266,0.02526035155558832],
[0.7731842470834084,0.6473342226330767,0.7155265212228815,0.03130895578558115],
[0.6587210506857395,0.5931670531957409,0.421093430783389,0.022191413109267005],
[0.20441836582214834,0.1741878350472924,0.2273585653685718,0.01969663191839649],
[0.8118047034408189,0.4772508593144912,0.8629275522596089,0.019717332320869065],
[0.9021027291840167,0.41016965335056554,0.20643099666861664,0.0231333708225699],
[0.5003186496255709,0.3817250376647545,0.3896666054632357,0.026267955925931008],
[0.15778493447847408,0.8793672895033977,0.5485970039741017,0.018985206536329007],
[0.01663556835414204,0.6676902242023159,0.6330674089163278,0.05152210300132411],
[0.9918587313116606,0.06289431717139837,0.3769427993638308,0.04974057569198086],
[0.3120133109090726,0.988960331153783,0.1997920179346997,0.06962038853058275],
[0.6674791145912212,0.4648941875083087,0.10319720066316618,0.022872066035864773],
[0.6242964218502254,0.6523217994941649,0.19071479074433317,0.041989667402182664],
[0.6696703473509273,0.27793275114990557,0.5108812374103205,0.02370641635663239],
[0.6296403575509119,0.21267327782281564,0.6577741660426459,0.0336587436205147],
[0.9975912721980893,0.4342516742992131,0.1178265487205521,0.018641692752855814],
[0.8372370603714616,0.4027346428036609,0.20365479427482303,0.01813937826361977],
[0.7866110964177145,0.00976213965059547,0.009315097822934937,0.09105478787416096],
[0.3445915030995297,0.6216143731758933,0.8483972898317118,0.051946501809056134],
[0.9485693480780201,0.22080099577196244,0.3325260932501929,0.06766736034865445],
[0.42963688278112466,0.006336698434247667,0.2724630275035087,0.048355564238255544],
[0.48534677555967165,0.612818044758447,0.22321192150858327,0.03704472012968743],
[0.5235917144326242,0.7039869753239573,0.6389696516396727,0.017676437220721708],
[0.745792890257317,0.3233754750214246,0.6484770310924964,0.07683400488702186],
[0.418122103563776,0.8746616249910114,0.4213540523041033,0.02202975604591665],
[0.5706567499643697,0.43110855477340226,0.9522593927131568,0.019108756894151167],
[0.8248362393141703,0.22461456162715077,0.4113323984109466,0.02402696889143688],
[0.9611468680941719,0.6691583449300935,0.3698880592885706,0.034723183255667124],
[0.8461835662581818,0.6047167080070613,0.6573785835031809,0.029285714239535063],
[0.01664989251586546,0.45177746087379655,0.45019086943538333,0.03469319509508832],
[0.2428530120398814,0.36730745262174613,0.8514692135823059,0.048192918005842494],
[0.08217157584150436,0.5098501840840814,0.4341604611965587,0.03279771845768172],
[0.6053940441837997,0.025199200400425892,0.6700278301630673,0.01981534294204018],
[0.11685165385142393,0.31675377940091864,0.22718900395608832,0.024684946672774502],
[0.37776819796815475,0.3471803625478228,0.09978347452906278,0.020192676854553497],
[0.4434109143967544,0.4613670464926114,0.40323036347152885,0.021470726440311116],
[0.23340761861835446,0.7232240819899094,0.5785974354043495,0.04128632571956521],
[0.7359766646669881,0.08866417930114712,0.30237467107038285,0.026066614813797954],
[0.06824889879548424,0.35063006009195696,0.3951664381938065,0.0390282083629307],
[0.8350383616212338,0.5788703576927692,0.596724498289928,0.02030656727374809],
[0.29652265019412916,0.3683720567528379,0.32853913869989404,0.023527693251525386],
[0.9724900441487572,0.4773710908207388,0.7890713269243146,0.024110587601053772],
[0.46714847599181564,0.5393905926126661,0.09362742908961064,0.026562612542159615],
[0.5200891749846547,0.6310612626522139,0.20944758368250804,0.03514228715268848],
[0.6932476833852688,0.3864112814581805,0.05808597472119503,0.024761964249502673],
[0.8853394969197086,0.7144394310872368,0.603060907464661,0.04087627124166196],
[0.639356133545419,0.3637983934128963,0.4127417860372272,0.03161642987657671],
[0.39839896491332494,0.5597898579812202,0.8897303705236362,0.024259308741588992],
[0.3146453893693909,0.36984468278268434,0.8729875633186698,0.0414188605268254],
[0.41763857780270985,0.5381146912575946,0.315207556662634,0.01836647537118631],
[0.993572534215338,0.5850029931999559,0.2592300248604913,0.02418621511960805],
[0.4112845901376949,0.4899311215785349,0.297174800071932,0.0170244113154817],
[0.6802579733675786,0.5251325772405304,0.5698977206694538,0.026812297168199765],
[0.18698405406941998,0.145303770059662,0.18264092852705627,0.02887140671097753],
[0.8857677236889258,0.8551167036543639,0.5416944056097251,0.019977436497965566],
[0.09281375457334895,0.49096541380909486,0.7431967939613421,0.027147337596227283],
[0.48076162042753945,0.2819866486514834,0.02141545954512214,0.027938087975679156],
[0.976098551827789,0.5518739121991255,0.6301947350434648,0.01778513214936682],
[0.4327893288096303,0.5493109741306772,0.41931584381617015,0.023927296656147887],
[0.5971258877914478,0.9241406741798845,0.3668969692121141,0.027025560703181954],
[0.4390085387731717,0.593015359312225,0.3015243413273725,0.01764561268259223],
[0.9216484733251855,0.38556670559383843,0.397848152042801,0.02079171031351376],
[0.38653237565350973,0.623745391379,0.00019678358250951877,0.040885820180422],
[0.19137808507896859,0.31969331534311496,0.5974646614832506,0.039780500570074484],
[0.29732695942329457,0.5053727914799784,0.9994322577628086,0.04250562749391766],
[0.3582864384919525,0.21133692425432837,0.233307867775984,0.03822042578712541],
[0.4015485095904995,0.029519296733873435,0.8003591611831561,0.053793679465143004],
[0.587758185932575,0.7488951380486066,0.491562598926073,0.018428971812048035],
[0.7192942741734576,0.9821820347428419,0.38826444283706696,0.03476321715186119],
[0.5239709171755519,0.9339523815090559,0.033375506673030464,0.04334011987846104],
[0.41756033452040286,0.7855713962519202,0.7871715913804468,0.050601219713346995],
[0.3918138251329579,0.9931420364040978,0.8006603886622845,0.028701178511399493],
[0.6381023526912427,0.6783429628876997,0.5404288884308018,0.02832980681032774],
[0.3367145475345028,0.3032254892109275,0.17904365809944667,0.03811015042927634],
[0.28450402212620884,0.9898830453474624,0.3878665914414048,0.05161547146392753],
[0.25550155865881197,0.9175660691553853,0.6629034552837343,0.03781712523983577],
[0.4108129552855547,0.08809264293164953,0.5326903173446217,0.019388248598898025],
[0.1720334794145788,0.973419205632115,0.553112080821688,0.02056686816681317],
[0.22694296227273458,0.2403592815238379,0.6568644159556468,0.07743886584558343],
[0.28919346024068204,0.051146653330310654,0.6714017113963705,0.08132664915164911],
[0.48541480615858057,0.24813616162736774,0.6478902540107621,0.01727183498910425],
[0.1588052865459727,0.30067127273974503,0.025539986135922454,0.07545959003936774],
[0.25202253792282714,0.5694945216866453,0.18228129740704124,0.022401669282920214],
[0.28989020037557833,0.8575344943542772,0.6960058778124553,0.018299591929842485],
[0.4051872282638467,0.9703481183267919,0.21350562706351173,0.0414979925904573],
[0.22369935701351074,0.6808522340938887,0.5787562468070137,0.04424195691689084],
[0.4389452045996083,0.947796979955372,0.6465054237094461,0.025310334408509903],
[0.6517664983607784,0.38951828600239913,0.8571409661625621,0.028918416099720276],
[0.0531923588002573,0.3533834436538079,0.6928054801488261,0.057055651096491966],
[0.5678846598095764,0.6963041325308127,0.9604960660807594,0.019243581590108257],
[0.5040673097023369,0.32502152043182564,0.9451971163850083,0.018874796077187332],
[0.07208279893925873,0.3920856078915256,0.3567461538946479,0.044167845419566476],
[0.0208696169047059,0.2519473361690583,0.26184544749435457,0.04848776550162692],
[0.795643715097877,0.5930920124436652,0.7930295545512042,0.025017386181454493],
[0.7059576576885708,0.5039961950704634,0.016725942177785114,0.02642686092441364],
[0.704548530599219,0.1951161300233406,0.6083172759175336,0.033459665199251636],
[0.27460214995494237,0.5687796842832196,0.5981145815590787,0.02040482550882477],
[0.617124364569607,0.15872324960418216,0.060750222520129404,0.02082134211415057],
[0.6119117955602241,0.9013864441003918,0.04966910221916032,0.03659132672531224],
[0.9906407080819314,0.6537842671266487,0.5661429493911261,0.027015856547236913],
[0.7394536677169025,0.9621037632002254,0.323487052214393,0.07608400438600174],
[0.7238035518799999,0.363531867199812,0.32866149107108544,0.04283493738022341],
[0.7089298140358948,0.5156847402687034,0.5736264722591086,0.031294353561606876],
[0.24327648821669523,0.5659370417664953,0.5212973111307035,0.03436931458688003],
[0.8267415520280237,0.4270856846749367,0.009725765261182628,0.019176146031746666],
[0.46173319766385235,0.0450301298891197,0.8279256560908406,0.02769042367034228],
[0.6801269386377558,0.9268850616309265,0.7734695765828774,0.04375412627432888],
[0.9395996939949363,0.9988881023241465,0.008216284502464477,0.2992566927765407],
[0.9931894778729911,0.8109208969359549,0.9120706188214835,0.040222544768972496],
[0.6069734259246573,0.43699762736041026,0.09363907000922855,0.020596760026852803],
[0.36875879653864585,0.6892815272051441,0.3896973366334884,0.027313149798037423],
[0.9150509303195912,0.8427767128716345,0.7512747745678259,0.017241215871445115],
[0.01777539624121738,0.491366928181731,0.45936223820757105,0.02607859953170346],
[0.06312453312312238,0.6608634998270756,0.5106953350719414,0.03448910010658217],
[0.5077629678718767,0.5747711346930376,0.1255363057458656,0.02142553788562087],
[0.9306409934529208,0.38007559012780634,0.35108577638486005,0.04406101969442545],
[0.46276427310939006,0.17935261817216697,0.07157528802314961,0.027845044698008324],
[0.9896970851599406,0.20087102601187068,0.18147320276851386,0.06221629920724124],
[0.8878952074595029,0.6324633363912703,0.21012624844225347,0.02724576307804013],
[0.5208271084221882,0.22936381203590694,0.005893587462383221,0.023525952892611328],
[0.4803462136419967,0.6336073150112431,0.48968260791765994,0.018646311441156013],
[0.964281255549425,0.7220778429231487,0.6498641106973416,0.05972600950488974],
[0.8636646003876741,0.4981320252714584,0.8584681140670298,0.02743419312912656],
[0.35832336510569807,0.25465575773020444,0.9730233035703644,0.06063112842303188],
[0.9795575330700992,0.4594087418101045,0.0016031664312090577,0.02353720273770509],
[0.8968389558356492,0.8696888883243742,0.6522105167596879,0.029117610744358847],
[0.6344442675268693,0.13093147745271705,0.0980548983730768,0.03239296303557181],
[0.8545050693239296,0.651524625125687,0.6308001191862751,0.055492836390205746],
[0.5162846963857578,0.9566460471413264,0.958051354136927,0.0184438327064572],
[0.014300901367474528,0.5942874037795866,0.7638968443892098,0.017212106635540493],
[0.2000194208367515,0.2049731135365933,0.06825685441489504,0.02040440478963753],
[0.9104994148024743,0.759528526229882,0.6256861224336591,0.04116391307523739],
[0.8073899948179166,0.12453670084957713,0.12456890461467673,0.023099980375300824],
[0.3455886250330271,0.596502226329505,0.38867750850855975,0.022165280049782632],
[0.7162425609960162,0.5443319370528279,0.7836242121285535,0.025997272397716646],
[0.7580940671929879,0.7009716051779525,0.34946276241954544,0.07891755280410903],
[0.14615708043084807,0.5323710773994901,0.9946927853877485,0.019116670127732847],
[0.3072775015523307,0.15747254189426452,0.09502143151033582,0.020090774218610254],
[0.5460689429666603,0.8498588259983157,0.5008606677306093,0.018621585481654053],
[0.19749967684266512,0.11071015276995388,0.27989550696583443,0.026005873411389685],
[0.8925919034163884,0.18948297428470096,0.4841347976982874,0.01825349804645362],
[0.4700123404039298,0.7037099158382722,0.01396921515261318,0.04201435607405877],
[0.4305272009827309,0.328498804750161,0.9611017824211934,0.0223154011091989],
[0.5883897426058134,0.1931751993141222,0.43404362988311596,0.021709976918292136],
[0.4806161820428798,0.44659611917146025,0.14272744463001397,0.02889586401611316],
[0.6530782132934295,0.6208461773276793,0.7492458384112728,0.03272002227112126],
[0.5988271057537113,0.4741993977487057,0.182622088023501,0.02728814249205775],
[0.18326300351497338,0.07143950166079494,0.26337042788491793,0.021555824657654522],
[0.44290504039408274,0.16898995307726272,0.9444096538695264,0.024385589383427705],
[0.13320860566883153,0.5951711344132973,0.7435580110906637,0.033594836180213],
[0.023730587814508763,0.4410718733564384,0.13759972122193465,0.02003141868239367],
[0.8023054153740526,0.9979328023235796,0.8435478177341293,0.07398104445244642],
[0.5219420631604288,0.6460528542183923,0.03128269281017815,0.027386590625377474],
[0.6905849923134458,0.5958877851777951,0.19460629996560297,0.019588289074023414],
[0.1706450049987137,0.10000261775240138,0.5914757308689381,0.04190787591315256],
[0.6712898835486546,0.4704515462987452,0.049110647316633727,0.03513051899098535],
[0.7670051977959401,0.6389586764595367,0.05598261003859606,0.03771329184300809],
[0.6787112074210432,0.6178920570944816,0.3538694503695792,0.017317746229711724],
[0.15289183205424495,0.05497352215874807,0.47282016668425597,0.022065200120143],
[0.45223794036312537,0.4285046205576636,0.2741940728137334,0.01864055710266798],
[0.725887304483641,0.2092112179224601,0.021216200504698746,0.022249183250094694],
[0.599289231246437,0.02708713567793275,0.47049194767377245,0.019585065525780987],
[0.09304067999282217,0.6424744961880242,0.6175999859818648,0.04007516620130909],
[0.48017872797298233,0.006674028207698024,0.9118317359139453,0.03456031145838846],
[0.7383565179985602,0.4135794743808511,0.006570389803367993,0.018537069529459257],
[0.7028419638380192,0.586505635592099,0.41218868765410976,0.021370289143186172],
[0.4550623746908139,0.11854892823675611,0.26838857707003105,0.017266624589482034],
[0.47776994201633294,0.47553487885559964,0.2899584749477997,0.02775912327503366],
[0.4056004277575177,0.762793361913488,0.9745080422092911,0.0347508992792814],
[0.8186259270944244,0.4608160812037896,0.7561314445088122,0.024324563813686244],
[0.15513938164795038,0.6709116883684741,0.8183801543308608,0.0853528264261706],
[0.29928721434073524,0.14950538972001437,0.042655138157890016,0.030215467072237684],
[0.8366185901212534,0.27686757915327487,0.5576830826706847,0.02777177688303658],
[0.41712453791484616,0.6230068468462697,0.5786907970347597,0.030546351762128318],
[0.7358140560531385,0.8592715875128732,0.5424599078260536,0.02895724862887355],
[0.11369740310853427,0.631015552167851,0.05199527373642887,0.049953668421700986],
[0.5583042289398441,0.14466153387121627,0.9344016563082312,0.017942914328450688],
[0.5228493323458913,0.2395387432939592,0.8915012134517525,0.041166961332624395],
[0.5881555419630867,0.25551791733611107,0.514014391192665,0.02072585010389797],
[0.8549325815906866,0.18892319291771664,0.31236132330062805,0.022124321331187843],
[0.48231117206266927,0.5201591124913645,0.1685308366422681,0.020770874488037563],
[0.12141580212330949,0.24060483434180224,0.6296653999824535,0.05496323283662105],
[0.3464894292626848,0.21722676428591448,0.3283821594871422,0.03404910520949179],
[0.5366797153218885,0.6579947254871609,0.4860994822200524,0.021403314055079156],
[0.4948123492729919,0.1459951833073132,0.5638000656544626,0.02751244360889988],
[0.6269464821912047,0.8978866666544886,0.3891925203746255,0.044173651079365904],
[0.39334932150200375,0.3038664973177403,0.16539334475023726,0.04012633186898945],
[0.014236551720446577,0.12902691134452815,0.4179589570625447,0.0277171596710881],
[0.6032736408680762,0.6617493613448259,0.7973258807271697,0.033669690735824695],
[0.4601110156235889,0.09541933547679726,0.31851793994259514,0.0338683945946807],
[0.007519090801899386,0.7429093044761993,0.2443344280849975,0.14274104991103265],
[0.4154257509009195,0.8742106967269028,0.8988158125509261,0.029134792692835837],
[0.46897161785364805,0.9542092763564869,0.7155345398184624,0.02063175582838407],
[0.5426689058761164,0.46263557539409017,0.6388616565848266,0.02555475039972916],
[0.8934094457265191,0.40922628448119514,0.403937504204678,0.029142447498838882],
[0.7888240304500241,0.5068201632274028,0.6425319039445555,0.01984865141451616],
[0.7320442970327158,0.8462442625328372,0.44818474961582366,0.018802103955901497],
[0.22542659921264296,0.917535921258863,0.6152089476520933,0.053304937237085265],
[0.7539419604909108,0.09818127365076978,0.388558985446982,0.05078825869103441],
[0.9941700774391218,0.3427079025675115,0.5086315024822866,0.02260097600676473],
[0.5706626228351555,0.564818383192264,0.7374477728506906,0.033975840941805065],
[0.5861774632533299,0.5143262979706427,0.8438768417453955,0.018446081871311373],
[0.848359255554935,0.8256645679731214,0.3215872944465047,0.0218411393203471],
[0.9062291082738972,0.5651049457522759,0.9152155326275019,0.02119129927376505],
[0.8232048471217308,0.07553690579282235,0.5318516698832648,0.027569020222240122],
[0.15706059962248065,0.4108820234444869,0.886360883213885,0.022837446909987673],
[0.4222451003585649,0.7544584648092802,0.5737455700145256,0.02221462354713819],
[0.1608362425933374,0.9168820890340845,0.6178423328825956,0.036749304706434664],
[0.45922388744502785,0.16754269777079522,0.6663627008625582,0.030724466016709924],
[0.3948904861404784,0.2050388717282441,0.6857726941712252,0.021172507379930643],
[0.4306141085587438,0.6002924192446528,0.9471016553905525,0.029098187249451554],
[0.6127268575022665,0.4390366259365498,0.9146638867829443,0.03768849415244725],
[0.5959525507146806,0.5132628586487615,0.7739187876229389,0.0259303971557176],
[0.811922510196452,0.21344942875424366,0.35592703192020314,0.03332371393520819],
[0.778429320947271,0.511989870127755,0.6186638493504285,0.0259041989548935],
[0.3414651347016604,0.563307179671067,0.5195639798741742,0.02080866611968734],
[0.670994174825615,0.4371020932579667,0.6545578906387891,0.01723374969391908],
[0.5558141572738918,0.6052707870854214,0.5542014667192076,0.018752683634707966],
[0.25862873287105137,0.0017458656875457557,0.27998857532113763,0.050037226030382895],
[0.5327945865076293,0.6912158142164448,0.03216486556921527,0.03612566742165198],
[0.8029788173757155,0.5744163078044164,0.0554799155098078,0.018438054356027606],
[0.39714095589699605,0.8203256167384892,0.14195189922454354,0.03595751025228103],
[0.7364491628740572,0.782937573584992,0.6499006599085428,0.035452724671825364],
[0.3634393268877939,0.31972328678755224,0.22023782523307323,0.05634393621296038],
[0.0017990478079877859,0.4793040363449804,0.485052717536409,0.017733843807492676],
[0.27830562967742656,0.6434893485305802,0.5387972801145646,0.02445973986325086],
[0.8597779273756925,0.47426540259431504,0.5725805315987863,0.024556836178812762],
[0.6949351956276983,0.37211007263897256,0.2409935573314259,0.024667277333714314],
[0.5689812195112345,0.1886609251983853,0.21694847684841312,0.02307902754048583],
[0.8620737652990085,0.5532821382189683,0.722168715205755,0.017592294617884384],
[0.4382604709951573,0.15058161911241486,0.1060631077904175,0.03137972471988173],
[0.8210725205999311,0.625907152287563,0.19395381696433323,0.024571943464365996],
[0.98835142321162,0.9573729211519381,0.6677871368744023,0.03244056911936852],
[0.26158552940780544,0.533096309870895,0.36092678740450623,0.037842468503294625],
[0.46098756365250404,0.49199382501250744,0.8644620346359178,0.017300120093468555],
[0.21184396735959,0.4443620513764128,0.29325327631962717,0.019113921583081443],
[0.25051769355135256,0.594138230548274,0.30654573622775105,0.032962176136832985],
[0.8493682857689598,0.04310176663851162,0.3851849887209031,0.041969733977147164],
[0.3908789440598508,0.7674793942554241,0.013235974234636627,0.03770540799427294],
[0.4037707025374826,0.6761937056580982,0.9977312081465239,0.021819070859653802],
[0.446490968802683,0.8807796865363077,0.9950412631348337,0.02566922244065411],
[0.16542285358679165,0.4409064063594851,0.0648998612009406,0.020113972580932706],
[0.17079137999761018,0.44372620911540095,0.7618160027567258,0.018339445374343767],
[0.391961993021016,0.9158806079559164,0.5983459623031994,0.02589669370940427],
[0.7060236201119062,0.6237076552308285,0.1309156862867472,0.022758376968025344],
[0.4419913124086746,0.5448137527453241,0.07619662362573154,0.041204723911845806],
[0.044335928825173454,0.292119167457935,0.604234702902144,0.035346041484950505],
[0.5040925882946089,0.057292560731878384,0.7977250116702499,0.023324391755382604],
[0.903429956108858,0.13276173017455062,0.5589946870320263,0.020718410134057903],
[0.5093288645387244,0.6667569927871847,0.30705129686483523,0.0420960375338274],
[0.8486352529984574,0.17610347364793388,0.535097141984178,0.022903950403267356],
[0.9659348201238034,0.13982840670594066,0.43825257227685155,0.037010320197443124],
[0.45317951558606706,0.2679853545370169,0.8268650703448888,0.017546665429771922],
[0.6068648286234427,0.6047085300462071,0.9680104430467414,0.02591430317685492],
[0.4153727963572763,0.03851572180528384,0.9369157254423086,0.03831204971858165],
[0.48629822080947793,0.1949121590083771,0.16228552820094577,0.02561175751631807],
[0.006034405332322579,0.37965082085395907,0.5867996761647744,0.018148468078038847],
[0.406520823583712,0.013478199986304507,0.2232484553618912,0.06690370620688389],
[0.5330984291004934,0.4053937475429633,0.4861174400962558,0.019518685844333264],
[0.6405474244273599,0.6845442248122849,0.2211364159098802,0.05479664482194396],
[0.7866493712804054,0.24187037650658538,0.1896764336677368,0.044731417673205695],
[0.8426501768778415,0.8061041049560188,0.753249159585718,0.03353424450975915],
[0.06641705392263686,0.8738055554973637,0.3449192626162666,0.05377620306519741],
[0.9062667575465216,0.49380722919799735,0.49505071155841507,0.01865070317321954],
[0.6861773521957439,0.2513723947119806,0.10082889100560788,0.019036410918697406],
[0.333632842250419,0.05138311021720787,0.2963785024607958,0.08528116465716803],
[0.04157161430580736,0.5322261673735703,0.6381110039379315,0.035054796484296484],
[0.5783007490760528,0.4676598551954271,0.9680428016299709,0.021597777565860746],
[0.07229436424283286,0.23237360464419365,0.523923855468362,0.0274960639035758],
[0.2013065896220455,0.49793640788716187,0.14472556087535604,0.019998267478441467],
[0.5500150375225676,0.004124458421095101,0.751029084285197,0.03339606576268201],
[0.6683280723941286,0.7058016108113242,0.6029405318773106,0.024775527370239775],
[0.29655030941459914,0.5942381151514778,0.24769620247575141,0.0326907542671753],
[0.03497947346962105,0.5149765374942359,0.3150858386404971,0.02471806811276274],
[0.09982261427241068,0.9957620625169892,0.47283503182448516,0.027193874190685523],
[0.6371430497607917,0.8425733056488982,0.5474464412037026,0.02311165218882174],
[0.2636155088064177,0.14149087256363735,0.48164086263747763,0.022186160605866367],
[0.1749226885580797,0.3672895017005797,0.9925860045805424,0.05917824841816287],
[0.47266506008636977,0.40447585537804576,0.2622656036914863,0.0226272727049128],
[0.32175663784151187,0.44414849253803945,0.24408321583880632,0.040491245500369324],
[0.1880118885312546,0.4423401732835953,0.728275183680193,0.026964387839112383],
[0.15960596838869878,0.574616221828082,0.0016669643833556735,0.040099385581432445],
[0.3429651226268077,0.44677242787198246,0.3121643875236604,0.021216061464781395],
[0.631623527684285,0.4166554994170599,0.3977088137924363,0.02103231438214389],
[0.09213737596174787,0.13141663133225778,0.35381893003958786,0.03182015610288615],
[0.3714460600814312,0.9902126305822873,0.8541729855089947,0.06205633182089909],
[0.6620706424593652,0.7299061306694065,0.5223445831094401,0.025358983370463974],
[0.1699171109573515,0.024280856433907427,0.20507888325469759,0.053678184198345844],
[0.5338869184206498,0.5162695228617449,0.6406853734140214,0.02951269496796869],
[0.8708480442871784,0.3899739166546602,0.3860522221110897,0.036225758684782915],
[0.8222494522424247,0.342988070661827,0.21663423620541322,0.02507291918740072],
[0.28123890806277363,0.27341821614124895,0.512260396342355,0.018637873059635802]
