username = nchw73
detector set
algorithm code = VD
dimension = 3
self-radius = 0.0267
number of detectors = 546 (from an intended number of 1000)
training time = 13.5

det_rate: 72.3, far: 4.5
c0: 0.9999, c1: 0.9999
[0.6036831720071987,0.3810561877517654,0.15358285177929454,0.035910696961204164],
[0.2147682070155853,0.32854365708322897,0.10439946111576814,0.02823816831973243],
[0.10587130604957373,0.3698038898812893,0.25483076510172065,0.05078761704542409],
[0.9646348013385431,0.8504014084789957,0.19534093285871057,0.10407724191983023],
[0.3265401089692104,0.021467935135652483,0.9783597821675925,0.0931776605596004],
[0.09527128804087126,0.9357037145992271,0.9087860071745922,0.23793394886044072],
[0.6628699629619884,0.8269218469461844,0.23521577760760837,0.037147140303439435],
[0.8278829121394086,0.9736154763417456,0.09826129215992574,0.17810299561889917],
[0.8945140310240081,0.16764453960123116,0.37700573594458886,0.04063764166822045],
[0.8883640595384812,0.006384782120829713,0.7315758203443687,0.12802387898323775],
[0.09911404234240884,0.9229682423955922,0.013090680604628036,0.28459516475294355],
[0.08787691942818121,0.01890136764242889,0.9429564613209088,0.3008200480229476],
[0.005676143710986792,0.6570818064869244,0.05880045499944275,0.05356947255241139],
[0.26510963039304203,0.045793952759646483,0.2870939198331346,0.030813097859071416],
[0.7891423151507214,0.3519417164308182,0.874286812252332,0.03151020098296162],
[0.3577956633531937,0.6428201528460206,0.3388042771501021,0.04438661867174923],
[0.9098297415169398,0.14128527871239238,0.3489036687869287,0.05015217458650331],
[0.876762297089374,0.052342228978543126,0.3454076183030511,0.0630559217391839],
[0.18796940822863106,0.8178591786617637,0.6859392252479634,0.03786460940290995],
[0.7086763884200014,0.10435477392917503,0.6394635903740278,0.040982720913311135],
[0.798972334439798,0.7996519551767101,0.6555473316528599,0.03266160079598227],
[0.9912446544010152,0.04607456235179941,0.9649977568601774,0.34195523472321354],
[0.056891702244094455,0.8866835125786128,0.6400894830399076,0.028814881228489207],
[0.9404239329701765,0.17540485774476322,0.032886150921985324,0.06737231438641815],
[0.007280430677962801,0.11528616694637461,0.17429231278369295,0.04752113087312],
[0.31622657572658786,0.7652830630776544,0.29900141559796045,0.07082364094148187],
[0.7677271474334683,0.3447227462288369,0.8048369617191207,0.05851582890368638],
[0.7650049371496583,0.6194863450958084,0.26458782908881406,0.035585082182881714],
[0.8241961884388718,0.6479813351129867,0.7526124052976025,0.048434149986321756],
[0.9380414561814595,0.8650450030439065,0.9132530753893998,0.027705800005185924],
[0.7300444147367878,0.824105930431159,0.05435607811936549,0.13072215756177646],
[0.7175440163311275,0.345144199964873,0.9864545124418382,0.03531332854254292],
[0.9628815043159356,0.86298231947168,0.9354327081154595,0.043350029298876006],
[0.9067544318543301,0.943516028786215,0.9869115488858278,0.08393805081866212],
[0.11765278678922941,0.3604795312684206,0.04420076859613131,0.04519981660737932],
[0.3639690653400226,0.650051792998501,0.9332354630064033,0.028031222929039555],
[0.27960431001220754,0.7085790971447643,0.9780438818309543,0.10478060815723791],
[0.8822030044624435,0.047476464052304435,0.2414377227178114,0.04325239120873739],
[0.06750404598728776,0.12622367170899884,0.1908653052030782,0.02785034876234356],
[0.8619294169207496,0.7612890796577675,0.33619860463583695,0.05037946757104017],
[0.06189781564431629,0.13231233129199127,0.08364560198732862,0.04356792983250851],
[0.27316089014005585,0.35555962731908486,0.13206996308667363,0.03170270926431519],
[0.6366473912687762,0.33761075312311906,0.7320841586544805,0.050401504414761183],
[0.2750598140021112,0.2578028865974018,0.00821132502432742,0.04064042055120359],
[0.2067900515026222,0.6825104571303269,0.869832556039614,0.06933764871835828],
[0.802413146084485,0.2831876031204612,0.3416525018333233,0.02869618337040835],
[0.07911587419093447,0.6790985400264726,0.7361833497011208,0.06584889361471925],
[0.9422774094016957,0.06347302273043554,0.3583879634757816,0.034541101367983794],
[0.5180450617427181,0.2786334162159261,0.8382420229936522,0.035104797574842396],
[0.09662030621145878,0.361484645383333,0.18413563984830295,0.03823600932870733],
[0.9491733207662609,0.7347149767049876,0.3017426117833366,0.07254905200113819],
[0.3098591298959614,0.7247740520165771,0.04637943951111523,0.0928310746551444],
[0.8979477612749449,0.7667824690613547,0.7507054047860223,0.04700849776817238],
[0.30748466470417224,0.6001699419007361,0.8450065091106078,0.02937205258036417],
[0.8945484258169042,0.3231082463511842,0.011271171399204971,0.0714459322136231],
[0.003581814105183989,0.2726786753653583,0.6247674676464863,0.05070989519528833],
[0.20648252544191203,0.780862261808053,0.7304169361831916,0.07036318437278564],
[0.2958072385880107,0.31141860955207457,0.05150725785718446,0.04700111462757277],
[0.14700462617547838,0.30826823791406477,0.8013269771414459,0.06714282785817742],
[0.005561121024461602,0.7926462191144015,0.4302277139380022,0.059990459369603],
[0.18040694865596385,0.16159859480959282,0.6882959812815147,0.10050092998059398],
[0.22721104387713176,0.3548205557116809,0.9434422198293214,0.038848458635563424],
[0.848742986143308,0.7674644272120066,0.2595910071747002,0.07153513288415603],
[0.9888734900755103,0.4683669673097707,0.8453632897048331,0.032428778117949024],
[0.6438968310770922,0.860065571974361,0.958186128567342,0.08134577078452437],
[0.22307586877147678,0.3549767050648116,0.07840284041720258,0.04278557636979097],
[0.3344995864632615,0.9679050370697256,0.9840608036317454,0.05291363876470641],
[0.3421668484845245,0.40991852999307743,0.20103738807144922,0.031043473173089066],
[0.020374100414814578,0.9574010430601643,0.38362830572798523,0.048039541582722375],
[0.2753807797299562,0.18837189210721805,0.7192557814512729,0.0946913183685982],
[0.7981973506139263,0.937360837114049,0.9097499117508906,0.0514021477270781],
[0.006577845676412952,0.8255438361135798,0.3562459457790139,0.058593537054893605],
[0.6699211335769198,0.2955567252811162,0.6817286074523137,0.06347163579948122],
[0.9958649451256629,0.123532411918156,0.27775716416341456,0.07719745791608128],
[0.6450406991218226,0.6297453689522413,0.8721270302542469,0.04248569039222644],
[0.8763129727676284,0.6369288488376423,0.834207526036582,0.03648211421516746],
[0.3795723549691019,0.33091327015115046,0.9557255765603937,0.03685327313235827],
[0.8738936197871796,0.13660901238018286,0.07159779985216042,0.03224493740920388],
[0.979133162844141,0.9595271759331874,0.3271578727640623,0.05446223318454259],
[0.23769916212983633,0.3828492925326532,0.880376750819765,0.03705594137679741],
[0.6944084161008226,0.013804034411511346,0.3165526235941867,0.03442253307216083],
[0.10028811637545643,0.9384191878493049,0.3591192203722743,0.02905242308332627],
[0.7558647162395659,0.7370302748929479,0.21042730657031405,0.12425912597455907],
[0.2930168864434698,0.6539018843337195,0.16846202259201248,0.06308588731891236],
[0.3329499428840994,0.34270976089261773,0.6239452179224226,0.04711096705942083],
[0.26888025854949427,0.12737026743374114,0.03451740931487646,0.02968664796976135],
[0.4231201180555768,0.992452726553361,0.2811363822637778,0.02740279310284447],
[0.999539216601917,0.7891160896769658,0.8324099801552515,0.04354665320946925],
[0.9755836766874326,0.7164817456764264,0.9370141772464282,0.11429127428481325],
[0.9335169527012743,0.8225168999344924,0.29880823858983363,0.0399944704983196],
[0.6467782953838187,0.318490963522005,0.0020066532696627615,0.030687836734671008],
[0.15045301800355915,0.7013048685260022,0.9516919157742149,0.08862412508586115],
[0.6856004053487762,0.2083928797988196,0.669076030458288,0.07368675963573604],
[0.19311830966075882,0.9969746366602368,0.2893760728991669,0.07785435407726736],
[0.6605656104338098,0.906295524683924,0.3394960264223713,0.04052618579829566],
[0.6509448822967556,0.16374927066177658,0.8302344405348449,0.042343499480468144],
[0.008941768467691569,0.7015507769904811,0.7993913905070298,0.0952498451649339],
[0.7884033590148363,0.7862325760742955,0.7813946306374825,0.04494177837546812],
[0.3662995749014972,0.7388863358855153,0.6727955285998733,0.03225806460251777],
[0.7185819618389837,0.012769826459532507,0.383010345547809,0.04014531888679618],
[0.358489494030964,0.2416700354981498,0.6693951323929308,0.029271233279797533],
[0.658694312832425,0.2604828446410927,0.9735349728239286,0.04405443672871806],
[0.759421097862838,0.7896600647400674,0.3557990953419856,0.037907967730065564],
[0.3439973286171667,0.7564874307816087,0.696767404851586,0.06769042390808228],
[0.02835771045820834,0.2696216375618351,0.30817324004976154,0.05126988445313116],
[0.7219025114567438,0.3451028874786565,0.7398366793063174,0.04747621178719516],
[0.34864256656028747,0.31731635316095397,0.11316956043931392,0.03350401588069746],
[0.8575997237361878,0.023718460032981392,0.07979908029403382,0.04444460065594581],
[0.8374837579739984,0.2906354984549294,0.10571916633547462,0.032416104916202254],
[0.9992355432781864,0.0041681725514775,0.3235634454579136,0.09507338293444262],
[0.649583638533396,0.6486471659090403,0.8322583859298044,0.04474726183474417],
[0.4108249281279007,0.5550094819122096,0.04581673250881613,0.04112639622923511],
[0.8655125095668574,0.6897475596230485,0.9936968786748355,0.10408258709719523],
[0.31321977249753263,0.2905863469641783,0.38725209544072936,0.03919843963859633],
[0.8055672710304314,0.29796270585065354,0.7940420089399876,0.09699920145893665],
[0.729815638778114,0.6598003469697314,0.9532413552543204,0.07390648781856485],
[0.2115365197952993,0.5810768245248921,0.3212067187021288,0.03575870711751548],
[0.7575241536387711,0.6433907500616637,0.0822233887406274,0.03980931367246607],
[0.21605141284358043,0.026548625716471097,0.08999333400350473,0.054790194597030925],
[0.6380823486036227,0.9625512369595293,0.7826979078845825,0.031970519996274746],
[0.35790443746624434,0.07475245091610494,0.2750832475238669,0.05381785497917721],
[0.5996248030018164,0.7881725358761366,0.7526602619189027,0.03920174964447133],
[0.05830856580048982,0.15269590867937255,0.31102156726384644,0.03548796266488686],
[0.07212159877037261,0.6526577057904945,0.2917769149927606,0.038505903196529745],
[0.13987583660646274,0.8708969264186809,0.30433557253590826,0.044335800455448715],
[0.24476776002854317,0.6594455590337869,0.31704904045254656,0.05808453435623316],
[0.7633695420699584,0.7580844108526731,0.8987663560504185,0.10974800346506094],
[0.12931472834493718,0.1037393950064136,0.04959171161338727,0.0271282690049207],
[0.2928732690884738,0.5973016125298595,0.9113691711891598,0.028319254672998617],
[0.3804161853606344,0.7006067091122904,0.1775299326268397,0.02831255992492651],
[0.7009005585813055,0.887398685778987,0.7482694327096561,0.06408554520778371],
[0.6706699236551934,0.6342726067459894,0.781272780539509,0.03430798923725591],
[0.6670367760732732,0.6505188780607091,0.11258675961096543,0.03838318861106482],
[0.2621259453761223,0.9754697425486631,0.7310007377862466,0.07385814728443166],
[0.5850995070212638,0.9344976898556823,0.7748366276200818,0.0311878932049357],
[0.08351136752378974,0.03514117170956732,0.076718628673352,0.09806752206874814],
[0.6462760781160743,0.08469391413682714,0.78893951451964,0.05247063996616587],
[0.03335955494191023,0.7065748397098841,0.9306136673682112,0.0981152397618879],
[0.26344151640201996,0.6600851366931975,0.5019911069041475,0.03096668104115949],
[0.41621085547382186,0.05065109952198221,0.209461092599329,0.03340430541564727],
[0.2572353895139198,0.3347534576793334,0.9610400542308865,0.05675877048288751],
[0.6760762718888367,0.4026460672765684,0.7838952053777691,0.03127758703582465],
[0.8244903035206899,0.8190794318031253,0.9747956147709613,0.10731303157879149],
[0.9981288923961604,0.8159016061697785,0.39273822300887473,0.0276362825417533],
[0.25124333643461993,0.2837266623009582,0.9173632870385275,0.10417263242753538],
[0.8752163119940358,0.6798557669208367,0.7341273776717511,0.07197699361419786],
[0.23409982949003438,0.8793758885038092,0.27507761816499376,0.031142936671785006],
[0.12392485018902932,0.2767028564142,0.7268577597351646,0.12157237682201977],
[0.37817710179235375,0.9054041978640266,0.810276498882686,0.02675700276048748],
[0.7081877079457742,0.6690085750266579,0.010752589123503964,0.05492114397159294],
[0.221824933157738,0.8117521788925496,0.37710502273685687,0.032347836098313085],
[0.9239903814720611,0.7400285865887369,0.07619092883911938,0.14272368259356344],
[0.17831675319686002,0.6866498771600442,0.23440308733965654,0.08636964298751267],
[0.3481648736535371,0.6154647278417329,0.8889299796582334,0.04148523172672593],
[0.9921672429583649,0.05948898065575525,0.175829542375607,0.11396039692280646],
[0.5452465773416254,0.9003451589231025,0.7699339893498871,0.03747536597161752],
[0.0840186556443615,0.24544207096614912,0.06885456955541625,0.03641976123653591],
[0.5010851983387006,0.7637316903678512,0.4350746622144348,0.03503593223226235],
[0.9761260240449744,0.2089286441305479,0.18811020124355882,0.039457228038690964],
[0.6359458403721217,0.7212284782172352,0.14833425016080082,0.0437246187570897],
[0.9937420845925238,0.32704359192466814,0.3894213064204849,0.05850449406044676],
[0.07609817665832319,0.7070270833361822,0.26837997007210157,0.09525616213545274],
[0.7637781036394509,0.9171649072655953,0.8086778992908,0.05889148724918793],
[0.232221927317233,0.0947718270945408,0.36422062390981014,0.03151846840527939],
[0.7600147399795895,0.37359966110789566,0.9576033293470902,0.03334373141080969],
[0.1754979306973118,0.4600683758495655,0.19512903103534063,0.02969409906356032],
[0.32449431483241886,0.8072627879901526,0.7502322782039876,0.06503785372539063],
[0.8104040621919242,0.31430885616265036,0.03777473350629079,0.03473966438044439],
[0.3451969818453451,0.6923813062029389,0.6235639741164709,0.04676788282404962],
[0.6345664867298667,0.938118553751977,0.3855915549212633,0.030107802608225737],
[0.7996138762548972,0.8297322950140241,0.7103984345190425,0.03167902273502952],
[0.36013383285648426,0.3778216174321305,0.0694935800912887,0.031942667679758785],
[0.1502269951789077,0.0048673783572456,0.18897650818704648,0.05415766280884206],
[0.7685808855936643,0.36382548478825916,0.9189798199398849,0.043023091720684054],
[0.7255626399189311,0.9964834007926425,0.9096490197404942,0.07727692731582604],
[0.12132231169750718,0.7744649154458445,0.6774127327935293,0.07885833189492578],
[0.06026035267328267,0.8662842414426984,0.310574793878188,0.07709267703630646],
[0.7550101291227828,0.9445399253254838,0.39244065766109004,0.028330201124214416],
[0.11845555037703381,0.3338254189909263,0.32993134150035264,0.04216810844524596],
[0.5675933941369405,0.9972513951980563,0.602076671562595,0.03957107844725674],
[0.37669641739798443,0.940314742467063,0.6661387195398251,0.02835378858868401],
[0.9254445231315809,0.6022493228951764,0.2772146111884578,0.0267244512911333],
[0.2718166873275183,0.12329815166939051,0.5341578450272528,0.02949841435773716],
[0.38967457531559246,0.2319309495648657,0.9910327512623477,0.03161097515479953],
[0.9886063498252217,0.7015368816171863,0.21480444175272329,0.09226137106393315],
[0.9918054554337177,0.017423118361590384,0.06456340946367489,0.14626247022368855],
[0.3617608036443025,0.32222670654931296,0.33358565714001254,0.05882918538406007],
[0.26031984860137647,0.2936297185505502,0.33727270660736797,0.03795947372227031],
[0.11211817370892241,0.4566905377401801,0.6103986534024658,0.026759009697248863],
[0.016965430386619462,0.8267502852970732,0.6570290993029482,0.05166409503456541],
[0.38706988287983657,0.9989844275388234,0.7278391252022045,0.03303611937481329],
[0.07687308351685063,0.33621588621845155,0.07751289836706043,0.04604666364743504],
[0.255961267333331,0.6397299391620958,0.7840404688565284,0.044448246132848784],
[0.329995796690415,0.9842181556031507,0.3717333872855054,0.044636711763964415],
[0.6148402356599371,0.11318413353548928,0.6568387011199522,0.032744018687550704],
[0.3703136725328501,0.1791159108153989,0.12402561521618316,0.03477972911181228],
[0.02290219381489922,0.3204301980303168,0.6374962403389277,0.04470084956937752],
[0.8614070869338845,0.013951617612216305,0.293817844989813,0.06336430710786455],
[0.8926354337297826,0.30016573661331225,0.6470569020093657,0.03739785200099728],
[0.1982776113322836,0.6150133791659774,0.8301452268023541,0.046237806308506366],
[0.9430405434345495,0.6312242543756459,0.6286911572048615,0.03358506630734454],
[0.9059424911957289,0.15306601745689008,0.6495515631822026,0.057704084577360704],
[0.387113237800194,0.027110847933009552,0.6541733848051678,0.03499209748008982],
[0.7938393351143928,0.21469313709703486,0.22880279171187856,0.030894676385105888],
[0.08707455149187959,0.971379565589119,0.3397741177457153,0.05569593080766479],
[0.22253832878548874,0.16781431507123423,0.012768059162685419,0.02940352398626092],
[0.9252943619005828,0.32571001074642636,0.709298899424532,0.07152301610337902],
[0.05766110338482722,0.35200680822954267,0.22760616424210622,0.04411526764011968],
[0.6404743347187656,0.001923309221613878,0.0077863573233304395,0.037931480096343645],
[0.5439354634578708,0.2765184390858999,0.5497124736249106,0.031761204021301795],
[0.8084169629610696,0.8450192919410954,0.28578597656585514,0.027387548983096394],
[0.27466617418313055,0.6351995086229308,0.6487217724981691,0.030016806428680036],
[0.6002807241038335,0.6037123852749858,0.6905847435956555,0.030767877143839877],
[0.07882621279212754,0.06586361404885666,0.3189550949086791,0.04135704499148235],
[0.9674850741556308,0.2614719372609354,0.4426433184142027,0.03005949427558447],
[0.29353447057172555,0.627060611735425,0.8791691336155821,0.06451472797923605],
[6.911453865210415e-05,0.5643231114866502,0.7775075268318791,0.033504402711866485],
[0.19285657801799105,0.04242661005716997,0.6360017459756551,0.0566213755629444],
[0.7612267035149879,0.8573452857890065,0.37177029160587627,0.04123361421320071],
[0.26824844667898695,0.6843700304434065,0.2543978534773059,0.08920082849722168],
[0.7737506481846033,0.9962177781967045,0.6976747439487003,0.06251688662380972],
[0.16483823612485293,0.9465902695194452,0.6686891531477824,0.05612559315664037],
[0.1680471385334742,0.018753605088431158,0.33455746298377953,0.048612119464653755],
[0.025898508477076088,0.3348750518384207,0.95796609719942,0.0861431663343104],
[0.7857793427419966,0.3555657128583265,0.9950348927569832,0.06364980394012167],
[0.7613410252924081,0.3763309886932431,0.6544757894611507,0.043441444867954135],
[0.9879853129919309,0.9632539729108148,0.9951917864233906,0.09888657942079823],
[0.3837736695510764,0.6590348042014378,0.19629424096877812,0.03206813341319594],
[0.017451689838819284,0.11828779609192097,0.04647409619178999,0.09298843755465395],
[0.3408818042829085,0.5936901795423049,0.32560028993265844,0.03192805872973794],
[0.2785016745475394,0.5393177960433232,0.0011255876973024215,0.03403745555858046],
[0.942553668422625,0.9412182580181824,0.2851531881967305,0.046291517435466556],
[0.763394858429924,0.422728207460771,0.6256590952113386,0.02756196117332057],
[0.7722588300917126,0.06724353742994049,0.02519618322308781,0.02840118881469829],
[0.027811740002767538,0.7318141849070591,0.38461998763911,0.030854997873513576],
[0.6410757595132591,0.6802245902903905,0.12582298652779578,0.05564594604359531],
[0.9132302590243743,0.8873294395181753,0.9230142116164798,0.03404032149468962],
[0.3054982570956456,0.35676171193492934,0.17908865891101133,0.037075949455545806],
[0.5198077189266249,0.25869865123635183,0.9367952992053619,0.02676989606181253],
[0.946990257896075,0.3466720783686916,0.18258185183150166,0.032692830053358074],
[0.6397313893161007,0.10735451191366263,0.9137582743137554,0.031295756048113924],
[0.2399089315334041,0.2750798696890858,0.6768696451349621,0.07622734881590242],
[0.31011902231260946,0.3626212043176751,0.7794234547102273,0.03459288454313578],
[0.6464967049259877,0.6986697559807238,0.35995965793514617,0.035609501012486916],
[0.9412630554945972,0.6688260387632585,0.8188152585280742,0.06805368042747827],
[0.628438958478005,0.2081160851296724,0.2070155210041531,0.033804373567505326],
[0.9858220546343238,0.3078407522039476,0.21008771830146322,0.07602876527382094],
[0.09285840811793289,0.34945367398303073,0.37865807017983666,0.03831394387765959],
[0.03226135826408849,0.015129689127049817,0.276430243725281,0.10486451179739548],
[0.11290629716128564,0.11858775277618572,0.37590248969944884,0.026989311429963317],
[0.7581665999332202,0.9660560384379518,0.34063283071185135,0.05370149322924549],
[0.6337765643241734,0.8766730493553792,0.37612937186571305,0.028819640573801812],
[0.8999850193096249,0.9875745591912124,0.29284188105289466,0.0479237131093283],
[0.3317041216082657,0.7783492602085348,0.8932866163474912,0.05706913426674816],
[0.7424811897533589,0.4001811882118824,0.36652137599056533,0.041079647145625814],
[0.7172329117186985,0.16829236745568643,0.2225044467029459,0.03124241572268619],
[0.7947803694930065,0.6144846746549254,0.8758951704793713,0.030223024101147904],
[0.6053351984796775,0.09538238902615392,0.725166623777948,0.0306587624199937],
[0.7270144542573906,0.034148341413542393,0.116170597781594,0.03038589512439309],
[0.2727824719817673,0.3532815816673621,0.7392993284331849,0.037927084612315004],
[0.09363139870733761,0.3788002392784924,0.3367774446889684,0.030707158524944544],
[0.8656711190520783,0.3543522043743583,0.06888588284122965,0.054103330493278104],
[0.15216062705333966,0.6695532909306531,0.13477790410476143,0.04638183576430904],
[0.8837702571312599,0.18111709850353286,0.1260530736920299,0.043093548587591415],
[0.23131164809891758,0.061043968302247675,0.024064757392314173,0.06115337176793177],
[0.8112144754236646,0.8317322848618245,0.8094546179948205,0.06609166486973253],
[0.46641010646527736,0.4815336364636661,0.15072577409214427,0.030666412405392737],
[0.7047456005497951,0.6980659317363042,0.33626597316882023,0.06901036630597128],
[0.24185176045865242,0.039501172951863284,0.675421587411723,0.0864073187436269],
[0.6345918290041119,0.997015054474376,0.1774106418278364,0.058838606583953526],
[0.684423663484891,0.24273335754229075,0.8356364058714707,0.07811717086301828],
[0.42459708856285405,0.897163113324099,2.7887877082188872e-05,0.05081551797467046],
[0.9451433856558067,0.2821851623048973,0.07772626616643397,0.0546781113383924],
[0.22762128726259712,0.9191358150637058,0.6555834201029859,0.04212054640179501],
[0.6516522055973613,0.015882048190746012,0.9938871804563132,0.061122107336585754],
[0.36423601356352253,0.30144795941311053,0.9834298876300986,0.05211144119939347],
[0.6781244172142388,0.33555703100333156,0.804152832396955,0.060962980078904716],
[0.20489597377852387,0.6876084684484367,0.3632751868832126,0.03693375157827937],
[0.6960847581110973,0.8240373525953874,0.2839370151021172,0.02749155668154068],
[0.3238768346912856,0.2709107401328885,0.7597920302037466,0.07191197468224232],
[0.7359474466691274,0.7906693461456151,0.39957966663889777,0.027248282808847023],
[0.38092196433810666,0.07077739016503515,0.8410515292789389,0.06680190743927662],
[0.22748304829585908,0.7579344639427836,0.3499494807800866,0.05180605080523015],
[0.19694964497686618,0.7739160934287872,0.2783363083722231,0.08207125394644155],
[0.6404922861368965,0.11195056089294053,0.9684731145043906,0.05075107934473452],
[0.012898919866174863,0.027820891567128303,0.15995008807020594,0.0967846317515077],
[0.9909914461258846,0.9839488020870072,0.18326824003938869,0.15501096332484823],
[0.0017970328862877416,0.9353854434903003,0.6617199017513465,0.04702876466779783],
[0.21527298099741632,0.2646161831605963,0.3802140642167652,0.03619244512241236],
[0.8998739702609717,0.9803236193987536,0.7658753253074027,0.02990429742111638],
[0.6354713216289751,0.3195013088057441,0.9933007232911206,0.03659579376164743],
[0.009691856105823904,0.375783948633825,0.6990134308097061,0.034687320303160254],
[0.6081527672428771,0.34610005018739687,0.9246728477309918,0.030820317390508646],
[0.7498851680250559,0.24136552814867307,0.24408487562049141,0.03454291455625017],
[0.34091035712244167,0.08761791856162615,0.08035197162090757,0.03970126688573218],
[0.7068399124683438,0.9179970862757891,0.9416821641953168,0.05254982054061258],
[0.19734908426237918,0.6166537316102179,0.9885509588001156,0.03875271929150556],
[0.8310798564316387,0.006762588142399051,0.4118017681924545,0.027975370984562015],
[0.3009866503510117,0.8354601455412372,0.3102610552371434,0.05029596312362193],
[0.3451457358481751,0.34480923543476083,0.23030600150173575,0.042756540812311256],
[0.2306598657300486,0.6655153031712805,0.1231875614694905,0.04913228460561607],
[0.726988232072234,0.3756999659621234,0.942230378177824,0.02944361702996643],
[0.9491779467874609,0.16955949992662567,0.3275216809952911,0.061645890101207926],
[0.9689244210565378,0.3128629951562315,0.649021927303734,0.06228388400194804],
[0.922145621027486,0.20361663253496398,0.1301199114912448,0.037828230664283105],
[0.8135236125293636,0.9546720572902901,0.9977395797372777,0.11400143009915081],
[0.7450252281637361,0.6402327759355312,0.8562258013810722,0.038044151659109446],
[0.03419149088274254,0.3631414293919243,0.0014386216197899149,0.03756587654989696],
[0.6716159787894589,0.8749313506003918,0.659350066508055,0.02745862705682938],
[0.9522801166805673,0.2967123461127986,0.31266934045464023,0.06212650919394937],
[0.7812007673812553,0.9749814744465166,0.7644045602919999,0.059235936349429016],
[0.6463930359248234,0.6264970125166898,0.06150498691944972,0.03316463966194863],
[0.00517359335104195,0.030981015561702963,0.6061502569390009,0.04042784531029833],
[0.14970047701591538,0.6553017035816702,0.3205899408930184,0.05705752567857124],
[0.052132943671138965,0.2782083086319125,0.08153303745342821,0.03898881297369575],
[0.8703040509176967,0.6802001812014671,0.6284938856471838,0.055890679135181615],
[0.6604477236360906,0.649193887256188,0.30921628541429835,0.0533327874676645],
[0.37924518562472687,0.7582186290459886,0.2023360490469046,0.04443293555892193],
[0.6203953129975962,0.9618222569338023,0.9014398691022257,0.033429064082975274],
[0.7093110742936061,0.1749307798071622,0.7302955836054503,0.08959441315249575],
[0.7365699218075713,0.3402833784902084,0.39132137482423246,0.031816270389028116],
[0.18415869905073545,0.362045238736887,0.648220674935735,0.03127527503688072],
[0.6357309014075719,0.6362757549451661,0.1656493799176031,0.02671355997117232],
[0.62272855898096,0.9258809035153285,0.7138089741233523,0.03936864964076413],
[0.3761063599921264,0.6500769549048797,0.6749570309263456,0.03173283482827217],
[0.7398169637830706,0.5184943480272199,0.15014008631015063,0.03126276920315621],
[0.25445046480318,0.3031643172559295,0.010460024162895709,0.06724277109455831],
[0.18572913578119465,0.402130400523371,0.21420581838491404,0.03458659293733229],
[0.30986865326346613,0.9636663504205031,0.5560665876417332,0.029047845821000777],
[0.21086127161345336,0.9899497166940213,0.6167976954301454,0.03721989235807879],
[0.009972664399440223,0.639276690665835,0.33289906867822805,0.027259445275772773],
[0.2569908181914462,0.740264467214566,0.799729961050799,0.13928640951017238],
[0.7681164774516284,0.8293072872136428,0.5425670100797798,0.028010634166968744],
[0.3383311888457011,0.15501943282591846,0.8333661800252866,0.07066094388592355],
[0.5052115338998253,0.6499773861552379,0.35103008150281145,0.029112419271576657],
[0.34590787753956365,0.8235167783870306,0.3730548919204053,0.03560084907962043],
[0.6745295090121144,0.5503693664370105,0.2057550975855834,0.028100114071941996],
[0.71014872118058,0.3504001907261327,0.6338177674695002,0.03389414645080445],
[0.34524118107544743,0.19336494885658506,0.07540958771269557,0.032676207093951685],
[0.5302235074259503,0.2656498681174574,0.5184483846315144,0.029407558426271754],
[0.5129758969692486,0.2870488276516743,0.6751484774330413,0.026828919027223383],
[0.8740305914922761,0.36924065958477814,0.653459385267882,0.04832249186871658],
[0.6215922808627548,0.7593167868718816,0.9464219731035448,0.03292568145026867],
[0.00912682756326555,0.7066921838915505,0.6933962162931829,0.08904293206916096],
[0.6233177192516314,0.906392450737719,0.35705187208142053,0.0295553625952195],
[0.029766937561035434,0.22916103777769226,0.23986836988831184,0.029098779920153132],
[0.21627434435537174,0.34636485449337306,0.1821500538083599,0.05856894326953503],
[0.3593294553672226,0.027320064876341088,0.13878822739950125,0.03450382839070863],
[0.006411268913439794,0.17887637470192763,0.6757994552247276,0.07572271750544814],
[0.7372838691798613,0.29129373775585643,0.6170270921230766,0.037963942749032586],
[0.33420984520834773,0.8781783739527254,0.9183260616217267,0.045535834554428584],
[0.17429716168381093,0.3832717695050676,0.8893289073830051,0.03809750489895143],
[0.3468532461027677,0.17983350113284902,0.6376853535827812,0.0275577644027864],
[0.9940020255623433,0.19359483714319914,0.1421931238938402,0.07891820858092831],
[0.1733438974405338,0.6668814268204721,0.679824446643891,0.06319397299551247],
[0.9749277241437418,0.7689089128562044,0.778556889023363,0.04518450528360139],
[0.5775789330866617,0.6264197488975493,0.6301105160998328,0.029638547659368866],
[0.3532956664234752,0.8075982922350968,0.21325878118201957,0.06942660316880707],
[0.6345557712212522,0.6601004073797062,0.021153620673838747,0.035637567223309484],
[0.2950543266389066,0.649860793067637,0.6019925441693217,0.02844709151674228],
[0.3892196846992859,0.6279863935535257,0.26663801411499743,0.02840510872375948],
[0.1451166795912645,0.6342754375896759,0.01259033529725384,0.05949645904383376],
[0.16387394687018608,0.3742527570986869,0.9930008379353769,0.04996326848155665],
[0.7139806627783088,0.21952444174188757,0.194290872872947,0.05843872916871194],
[0.04086218191532165,0.1268340897183814,0.2880159216308975,0.049318783609817674],
[0.6914181352542391,0.8122372789131089,0.5660848784756967,0.032164625148478294],
[0.02725190669509392,0.3491908118997964,0.14075890679634107,0.03852038665429276],
[0.6687872491854939,0.6702226891130676,0.49967683368595694,0.032731772696580196],
[0.7681713914846318,0.11873273176107002,0.35618355499167076,0.02983190048726652],
[0.18997061560084172,0.36800787930961654,0.116687566847677,0.02999088357398301],
[0.17746642978624116,0.5985913656687286,0.15725976936660258,0.02683933913851829],
[0.7412670809515616,0.059108878591728975,0.3467665900514513,0.04478579732819614],
[0.8036805204097732,0.11196386629541488,0.0039004993213302974,0.03825031088874452],
[0.5916455651837406,0.22031863969022136,0.2112679107835621,0.03343521248122052],
[0.6511262896535055,0.3307538105215262,0.3500118256495476,0.03379668470595712],
[0.3671275107857417,0.2957218134634767,0.8325026310815152,0.0314509443057159],
[0.40158555198819923,0.641918142038058,0.9594423440955714,0.028087425973332372],
[0.01586590257359377,0.9985626174474757,0.2750785409850369,0.13622793248845194],
[0.3830189277998626,0.09915354084894379,0.02425918105444491,0.03575473479528164],
[0.9865304959095929,0.9405816638060588,0.4277112342697156,0.03967854775975177],
[0.3614448398848539,0.7631714532792121,0.11584805381400431,0.041741475054793684],
[0.7701248170873923,0.014464240412661256,0.06628252100952414,0.04290725159442868],
[0.9472998164271275,0.35091866926993465,0.05522641988971655,0.058069423747179494],
[0.2939935252039343,0.5945626601765706,0.001985944602871159,0.02728813831128557],
[0.6798119894509617,0.02916818158644552,0.17333676816175048,0.030832003259131206],
[0.7298283548628154,0.259606099009172,0.7082963559619203,0.08896315544460641],
[0.7515524982057299,0.8049654464079371,0.6268730805206595,0.034448350466874056],
[0.24089685759006285,0.882266011853178,0.7265028875556084,0.029092310763596488],
[0.25463903559881385,0.5798315149134171,0.34353628310135986,0.05074198233952554],
[0.3781208329697455,0.9678725871020182,0.9217830493951823,0.0400909908069368],
[0.6489750578805059,0.18744459554293003,0.24739107678018402,0.03188872062709522],
[0.32360338869766414,0.34170276471381444,0.9868209736386275,0.036945713261333404],
[0.7420801920132052,0.8962436736582526,0.69358485302594,0.046907717923929046],
[0.3430920693523748,0.14110772261759796,0.32892319533161374,0.05298463434417319],
[0.8058964801802773,0.6276536921929297,0.8158663670816865,0.04637116807416432],
[0.23510324442973918,0.9905793063695065,0.36829160308410425,0.045431991717436546],
[0.36411049010495744,0.12449900753017262,0.05276108362049281,0.05991512888597729],
[0.8501979574774248,0.6537630257066377,0.33469452340343275,0.03274799638433411],
[0.674698226816147,0.17146901910328416,0.8854076760433007,0.06267087293077846],
[0.41117736126573834,0.8225600868525191,0.7271270111963235,0.034018057469049345],
[0.22907951262271453,0.6240105781996332,0.007614555052700367,0.07117414368079981],
[0.7316015111620912,0.8259827698096167,0.750521776809202,0.04330296122295835],
[0.6532760524061622,0.6544522161591483,0.46862832163441015,0.02964286515788475],
[0.930802256272162,0.9242524960141464,0.4503999290546372,0.028215504558449962],
[0.4167828606802866,0.3169178098826201,0.8084366508264548,0.028655113254689064],
[0.6584345630822256,0.4041205681703868,0.39047119654564644,0.03397639740298841],
[0.5750800966083778,0.8258116728260586,0.3119761187554565,0.02819959170525304],
[0.29851632421668284,0.8422022390454988,0.38043402576157515,0.028813538732512134],
[0.6233277794395695,0.395025961172884,0.31982926677356827,0.028926840289121895],
[0.2762828437420073,0.9234955623598065,0.29608455394097855,0.03003744805124],
[0.07165056270957437,0.11329903657245621,0.6144176439816965,0.029087175854081403],
[0.4070248017278315,0.7854808274651353,0.9988570632452579,0.03367377047071452],
[0.24343902527716543,0.6641775771923883,0.6612828224716183,0.04874702517223374],
[0.4619395993949176,0.0036002958507329597,0.23994696390381054,0.03399676601277389],
[0.9959858794865512,0.6672981062662912,0.6417844365371718,0.055968173937076676],
[0.04893150873855112,0.25737039822940744,0.03943217071763927,0.07715597100210027],
[0.05417119928841718,0.633875062003431,0.2007439827271985,0.03307690173303564],
[0.36324767386960355,0.6978416808937488,0.2710667211545936,0.03652657406434824],
[0.6679515493842775,0.9670231162056065,0.6859225044978664,0.05874532419786707],
[0.27286914906388593,0.2805216126158625,0.8104311054957548,0.10999108978529668],
[0.7884008752042838,0.6571276151561186,0.4151447338196942,0.02685109616621461],
[0.3698172860399511,0.3522490714027061,0.909839347174666,0.02982985151936579],
[0.33572044308345683,0.9390203927484797,0.8010099203190536,0.03850510751454635],
[0.6264203529528647,0.28660385770168306,0.026545421742525943,0.02678080071850767],
[0.6428401945802044,0.36430835269587125,0.054707327718090615,0.031224603692326852],
[0.6166819740643809,0.613544054241059,0.08378488480534962,0.027449799895463492],
[0.5083434741940009,0.33773654639888795,0.8401935129956726,0.035189276229590324],
[0.9010741084049564,0.34816014997886147,0.2840975434760471,0.041761353902430104],
[0.6767211199092932,0.7916631513608899,0.7537638992475808,0.031599212270831616],
[0.07264352175895272,0.02789407162602109,0.626926663526237,0.06815650061652649],
[0.12000343563764926,0.027580112569414728,0.396220370743639,0.03032934423962618],
[0.6396383313292748,0.022502683021647596,0.14266532728758452,0.03944157064800838],
[0.17357040009007219,0.10477788951399791,0.004545935115909394,0.06137071244490877],
[0.2691595172800736,0.9641944882459815,0.3207745939488803,0.0549409561553926],
[0.7567699297867159,0.7098155222832724,0.3899705492931632,0.037975638759771],
[0.739437653304091,0.07150501795183517,0.03179297434703188,0.032516128587368597],
[0.0007264305009637706,0.2785310977188471,0.359219187594648,0.0846941312320461],
[0.9929235228942718,0.43164360107157973,0.42619892998392306,0.029748947612554227],
[0.3425414897586112,0.07152063238706419,0.15085042164429707,0.03949716906802114],
[0.1419531063939895,0.31939742664913096,0.03551785149252562,0.05838361262033724],
[0.6276862601290129,0.12074101343705812,0.695593201320666,0.049399522982169874],
[0.46329383907902755,0.71383438371294,0.002245624843183025,0.034523118890209946],
[0.7057093491495506,0.8689188219131148,0.24877680155203563,0.0310270756794098],
[0.5392037314227772,0.9978542433076307,0.4105358398939499,0.03447329018946426],
[0.8757200062832674,0.5848122841993244,0.09510403490709651,0.034203100381980524],
[0.33490476349481824,0.20900587558382888,0.9207723814912728,0.046414180020540194],
[0.14582705082826586,0.78810344830053,0.35466684839075724,0.03529248570563738],
[0.8375428159075518,0.5920711444081292,0.8501580129988761,0.03348676055480463],
[0.6430821979975302,0.7885507083385109,0.7258301761211031,0.04067855592086042],
[0.013060335497108722,0.5208743298340721,0.11354334869961413,0.030388407413888166],
[0.37986637505200527,0.8284101975585932,0.13875977166264297,0.043260851683191645],
[0.36759434074887054,0.24066371796095287,0.14048550133053073,0.027686517670270652],
[0.49068122661995106,0.9053384060809243,0.7525998104579605,0.027117265929058817],
[0.0366511011423144,0.4041756815261409,0.8878969260936976,0.03174387869699917],
[0.3648609075532311,0.2922435158373804,0.8768097792944134,0.030267717127398105],
[0.3780212908363765,0.008228931822558017,0.2069326386146806,0.05439063945439483],
[0.02946880322887091,0.14581854558759588,0.35891614611732925,0.041292414679379955],
[0.8388709727951915,0.3487319043677931,0.8962971762109947,0.04012243407217368],
[0.6043501242404778,0.9314714607306188,0.238967186228893,0.029093363477445684],
[0.5957596604744857,0.922793275460082,0.6003265478141201,0.028510252403559977],
[0.7293994387202284,0.315093004564032,0.908691038831988,0.08750037579337365],
[0.871035754088496,0.7105381807866022,0.8756898313563872,0.1000947011241424],
[0.9098346387040881,0.7877230603849357,0.39344495001717084,0.029183979285637006],
[0.7699952333614029,0.16191493171965932,0.23239061816738438,0.0383520855010874],
[0.025753569276087407,0.6453214050236558,0.5265689394772627,0.031114527596753455],
[0.860020611743456,0.6621597104941315,0.2840889797885011,0.06424614700233204],
[0.3160289933574544,0.8202148874322979,0.6734229679626021,0.03449131214176822],
[0.6743669768399984,0.6306133383080884,0.17412305172459364,0.038912851380632635],
[0.9690020522471866,0.2708405149579335,0.37419930608275676,0.051669372783130135],
[0.5372091661616138,0.24405303115054167,0.4958940133908111,0.02851545633374509],
[0.859015976813618,0.8800385749765177,0.25699433596490107,0.04150613661037983],
[0.39289189997304264,0.10513340045776187,0.518497147151894,0.02776294173864386],
[2.362943559486297e-06,0.3023321924383031,0.6874186282841892,0.09560255079400133],
[0.7026319987250901,0.29734636377787627,0.01628963183394838,0.03451290635373095],
[0.1779625539926517,0.813713391554935,0.6291624619077131,0.04175280700283998],
[0.1822103641467845,0.02106282308196228,0.008171592475567313,0.11406554793075857],
[0.7338044438841455,0.3705161727827804,0.24652150018288432,0.02913238905658201],
[0.9984201898057234,0.24650626604712345,0.6205675991275141,0.06978100703127624],
[0.3088625966692429,0.4337195895506244,0.2325875039293347,0.030998159306892162],
[0.8176249647130628,0.47465625356733077,0.3599994690842888,0.027256302245400245],
[0.7843081809904165,0.19010854055392634,0.20664651106049425,0.04599563518294844],
[0.9377686427345309,0.38033315294635917,0.34983135435897783,0.03582236893293968],
[0.6939595815196273,0.9706178892018661,0.33535924873650325,0.045283789374675656],
[0.13718521586089893,0.31091070329243264,0.3771162509819428,0.032158641566357705],
[0.6791181843415476,0.7538342584942577,0.9702142091331523,0.08962035880912489],
[0.31637827832016896,0.01535211396573155,0.2254229998016698,0.05728559194048238],
[0.8333362404584632,0.4033455550259827,0.7001013317966399,0.03264748258219042],
[0.7636175424786291,0.09259528837241471,0.3701912860145452,0.037552050931566855],
[0.9276789785602413,0.8511324127724152,0.9792643260395373,0.0849322509104656],
[0.647380116358303,0.07814670634582122,0.869822596502115,0.03159332620074117],
[0.3555393220359109,0.8911918743049189,0.7795927644369313,0.03152278258235745],
[0.5292812875178565,0.6907076051231615,0.019040301881174226,0.03455189615282064],
[0.6496848927373815,0.9244288271919469,0.18700851837879884,0.05264319227895732],
[0.5287758823330356,0.8008630978261865,0.45719476509905355,0.036123692211025585],
[0.4902466778214567,0.7928421420370009,0.9395975426915079,0.02963584909051186],
[0.3354289822714993,0.3698332653785894,0.3987346120583294,0.033785669291797625],
[0.9225279367834628,0.6886646055431943,0.6585897354109997,0.06423560402603673],
[0.7307355528496197,0.920575698688143,0.33160184735067244,0.05745783204411274],
[0.8904871976426093,0.0012899377271792245,0.38258997197566835,0.052811968220444136],
[0.6259759306924572,0.21081947916584032,0.9620402916360407,0.03999357468467363],
[0.8125844337586717,0.006498278550419845,0.11228071589496325,0.03636218221193496],
[0.8038565861784666,0.7157807847552098,0.3349807657133774,0.07233386859607081],
[0.7719715411009699,0.37229453223316455,0.08599541512999387,0.027560637124769118],
[0.6534536784147421,0.9881545864600634,0.8283756681988735,0.04825684094610189],
[0.6251682866211689,0.6704845985539101,0.9014736314295801,0.047448479143219396],
[0.5642749153682761,0.8315659838877557,0.9718553597704159,0.03234828216355292],
[0.743702947624063,0.6030435782187047,0.24129723849177387,0.02928429684098556],
[0.15641720964032324,0.38722258470891413,0.059627291216930334,0.034405777267115564],
[0.2789081632065018,0.3910251291357528,0.08237398608643387,0.032071478535772774],
[0.9114430095337038,0.758597072717874,0.6116234866654657,0.03099968967709004],
[0.9248882752492652,0.7520731527277803,0.6943884330705888,0.041092883663547256],
[0.36831077743704177,0.22086318235412472,0.8272408009373152,0.03674948264160116],
[0.3139654953241041,0.35255286204081504,0.021736437995864555,0.05537066021717385],
[0.9384087658416322,0.7353495265089648,0.7374340344905941,0.05234520984383387],
[0.5775864791444889,0.329287941241049,0.9491993714718602,0.04035714593078746],
[0.012334477594949989,0.33271121735890763,0.1904491590103462,0.05043672621312355],
[0.7089294030001165,0.8455771746154964,0.8149122717729144,0.05244047264383865],
[0.3324081421219235,0.9812376392954779,0.1663188724996545,0.06699292637911711],
[0.5781654240314126,0.7772403447499959,0.5614443393882742,0.03227692350064334],
[0.07513290291090458,0.3132703764992246,0.2728672366206444,0.05115467109283832],
[0.21872875470958886,0.3035726050257975,0.3899104651895118,0.02989700670220384],
[0.25336759505455553,0.6311772855990535,0.5989376282961921,0.030293504830797596],
[0.8237053842995874,0.009754049641816365,0.35752460282773324,0.03605366590516168],
[0.21276337880975038,0.08664103659861588,0.39662916731273057,0.03154604505268587],
[0.9933169020993661,0.6831218829857795,0.3765364440885963,0.033614702189699724],
[0.20949567247009604,0.2964037621845622,0.36075187695362465,0.047742315716131606],
[0.30833833752247153,0.32745113509406254,0.2718328358681129,0.0398459860103601],
[0.9542513614953825,0.3863167954837111,0.28507986221146164,0.03865786924104733],
[0.03826219360243022,0.4705255271919032,0.1464901057542799,0.028132498026404773],
[0.11947077678597051,0.6752311743212792,0.5846185490079857,0.03245071684806982],
[0.6315882571851054,0.731965409065658,0.07415282548162783,0.034912323590327296],
[0.36985770401532514,0.7579860099655388,0.6247345469774411,0.027397014060947092],
[0.46831854477237256,0.5388422396817705,0.6350507049081822,0.027165962114684035],
[0.7730697372114723,0.24257879169958263,0.1830077180043571,0.03900367141517545],
[0.648752818390752,0.25157507019829084,0.38136085095327155,0.02874988321260722],
[0.9855684162505345,0.29051890079131404,0.03358246675170873,0.10814882570085285],
[0.029730074932243777,0.27375664379871056,0.24057289591693443,0.044746771175061414],
[0.35505779632523216,0.9517820462888082,0.24698376024692914,0.03063617506757118],
[0.9923496605005,0.36894179079079015,0.1376712094942062,0.028582780566800442],
[0.8316833370392251,0.7710072965513378,0.6596222692785979,0.03433408735019997],
[0.5275826661568946,0.45054643959161245,0.610912395135854,0.034438727620291494],
[0.8861051779495984,0.8484641437705083,0.804493745027293,0.030029671100475913],
[0.3698590639873254,0.18775719122582846,0.7487517760457753,0.036595373534082695],
[0.35813690436061596,0.6536687908569297,0.13990984923467686,0.029643739508221974],
[0.9076807804258618,0.3560573718140062,0.34725068351588007,0.03844121769640646],
[0.03470308047016324,0.01912571997840884,0.49704341480319403,0.03223123502413414]
