username = nchw73
detector set
algorithm code = VD
dimension = 3
self-radius = 0.015
number of detectors = 1000 (from an intended number of 1000)
training time = 6.5
[0.33927764784484726,0.1613492461290822,0.23839460963009163,0.02480136979099056],
[0.2791004653591881,0.7190201686491058,0.25354128054702785,0.12350731645940531],
[0.804721954353996,0.6834998360186939,0.8419119600440953,0.07980803981178057],
[0.9849103628058454,0.9659150659555086,0.9282736456270514,0.057857554953292645],
[0.2195026083686581,0.09332903291925132,0.5193253453457821,0.02009933927748396],
[0.8854014897738779,0.1896693572876338,0.3648375333061529,0.04409616219869142],
[0.31940700132348243,0.38244996870489045,0.624621020559854,0.0344813846436238],
[0.2289894373669612,0.34155739389792295,0.23521511080969504,0.050956575264257745],
[0.3584485381755126,0.33887475550858814,0.9967220967961335,0.06582408649016917],
[0.33083404309565945,0.09894876881603343,0.028642923924732222,0.08087161810467938],
[0.7885491640455349,0.7672498560192462,0.30547394941760975,0.04946827295487362],
[0.14801278990634703,0.41011258173038867,0.7510612862030751,0.028403757974887728],
[0.9893061533639538,0.9438040421092025,0.2208533765071501,0.12028082187442109],
[0.0272181074815111,0.9863134046533415,0.7513276403209929,0.15480024722926167],
[0.8779019909751102,0.8641658818151877,0.7905541776143363,0.02736329997587493],
[0.9309646242634465,0.24781023793337498,0.862271067169917,0.1440927456091713],
[0.5740160137887144,0.6879075023676456,0.22558614249912112,0.0226698461483344],
[0.09038133543787619,0.01782767130373042,0.7380322184144937,0.16963691429460598],
[0.5653778080615812,0.3286794845189559,0.6707905060108028,0.01677725919232008],
[0.16421897674764452,0.3409253897497918,0.6107048971215067,0.035284754950659115],
[0.7349795813592895,0.7210606841563502,0.2573524217982204,0.12425215302768382],
[0.7176529775527153,0.8450451681330022,0.663029899599896,0.062342232512492476],
[0.0764735634535374,0.7928528232678186,0.546792325285242,0.021930860626219503],
[0.15908684416567642,0.7500879388293861,0.09558459683289311,0.13798886484347545],
[0.4317318802133999,0.11440477106538827,0.47657099025925764,0.030933520481695197],
[0.2840330855989702,0.43956985663227655,0.21109680547888188,0.02129685572602344],
[0.17446030899345,0.14513662167331343,0.6153373042376593,0.0474285082400832],
[0.6365528715338843,0.08566723825308176,0.9797518794905589,0.04965050781783044],
[0.5532379311574793,0.711199850266837,0.435547475645777,0.02141162692408933],
[0.6758598045090567,0.12008084870527336,0.22901872159435677,0.02842008516281213],
[0.44091660269586386,0.9717650167689122,0.347470996411397,0.042098602179643015],
[0.21885465051319442,0.26318040127741005,0.27204770073695317,0.015274148355173687],
[0.055463187576198836,0.01898145142202945,0.15078478309283083,0.08434110546068255],
[0.19154374585759193,0.8281437516776907,0.6588296070686112,0.04363419032337688],
[0.13223986235732932,0.9610180989489256,0.9965197502043027,0.2511822618866804],
[0.5949309781753112,0.10644631388210013,0.49281032902403843,0.018603062954706727],
[0.4734514376166852,0.3060450619420433,0.5187758420910525,0.02219903592652648],
[0.9684881101034186,0.11391773584735021,0.5138824959615478,0.03438809770159052],
[0.7067699447902696,0.0029587856702423254,0.626887043406443,0.02985473999961237],
[0.009125762711919005,0.7971693982329544,0.16023396686992364,0.21020051914949928],
[0.32478605714594944,0.6056923860389399,0.103083665196806,0.027836726118403023],
[0.2256912817911252,0.989958360164732,0.7342648353699304,0.12365034793002634],
[0.05387289259303307,0.3160181314310244,0.5692784968903034,0.02104144585163524],
[0.8829841776451057,0.6774785330575144,0.19320746580016757,0.07652708277203274],
[0.008228430429474742,0.3277156692396369,0.025424766530460108,0.07607720528986708],
[0.5235871976589547,0.3366484418384533,0.4017926877942998,0.033675836235228206],
[0.34237518220039287,0.594522517735886,0.20188495798054829,0.02504095682641242],
[0.6490444748937135,0.5253817503816477,0.44882056577810037,0.015629205416543782],
[0.8437994387942487,0.7101495875789934,0.9938569918270203,0.13538652078058566],
[0.05723286557254559,0.9868916640937301,0.31887151423102933,0.09173791785559612],
[0.34517782103812544,0.3395417865964292,0.2574527343220874,0.06350765172558631],
[0.5571797001355966,0.631540464974761,0.6542122345478614,0.02336351302052917],
[0.2026770478082942,0.3377018097255564,0.11062848537666659,0.030154731467514094],
[0.1766137053200716,0.38537676203885485,0.7282606069903799,0.03210588992740577],
[0.20961595940483868,0.27809217292081634,0.36712387444940187,0.05389134819486405],
[0.0035631876111603678,0.23360673247379626,0.13793778585853034,0.058994038321016753],
[0.9547883705858837,0.13885143126485155,0.42755220877203237,0.03347387998281271],
[0.341518923269588,0.281400628646462,0.015219122423470122,0.08105019569372565],
[0.39926068087481936,0.6541346651752826,0.3726477220412505,0.018994481332674285],
[0.8096576866109507,0.09187239300202432,0.6974785405934095,0.10567227992324356],
[0.46579012099552075,0.06604341814425341,0.05926297163416705,0.022018983699886086],
[0.35620401922497413,0.7191111590571914,0.732209202338641,0.07147141039487323],
[0.4911268234537668,0.05775748868226305,0.8183639683453144,0.015088805675045565],
[0.8623592404318393,0.4090099327819302,0.5561364610957891,0.0294691976693848],
[0.7730646870768224,0.5351403834137954,0.11472504804589101,0.02192701100795391],
[0.3205134997015163,0.8320693524209557,0.7262499482501993,0.04573347626643357],
[0.36734350217635003,0.3427893195812489,0.11800617710932981,0.02579391013389977],
[0.3453447968602923,0.10379085837286384,0.9874191569083368,0.04988737918560113],
[0.9004596999221917,0.8169440562256821,0.5239340758311205,0.04084161752965203],
[0.34364653481295937,0.10997326581055955,0.11505241319953607,0.03422968375162559],
[0.9491800620809488,0.8259005905211754,0.47522435684225883,0.030744220921901926],
[0.7255887319295184,0.08953990305391091,0.6090421891330451,0.030702313165096765],
[0.8904622609998499,0.6630772498619527,0.4307042983092425,0.024608325982520732],
[0.9858239303297086,0.7237463052597223,0.1910245623437664,0.11884786247434177],
[0.015197257302095646,0.2546595421340767,0.30836678298972386,0.06192157704195429],
[0.1801346181719874,0.5363232963315014,0.3883310128001467,0.03352734475067148],
[0.859588300842733,0.41707195289558807,0.06588195098727834,0.028406956493596647],
[0.8376648359486382,0.3334814466149204,0.35971591515714274,0.06289672051398142],
[0.6413291737510156,0.22620716716079692,0.2213692652219743,0.0202626519951197],
[0.15608257796817226,0.6801875944278668,0.631300632610312,0.056715248302643045],
[0.20061709530554894,0.34736824461936666,0.1698016211108534,0.055461254020302206],
[0.2727957989372706,0.5283141486952491,0.47500470949281137,0.01693718783665625],
[0.3000226739476862,0.6686648131213476,0.9920132259033252,0.07847442730393123],
[0.33142709256808367,0.2145510663314677,0.19713445551152076,0.025454088568047234],
[0.4005965934813803,0.8882461148753716,0.7423181284852273,0.0185552375938301],
[0.004073473781369352,0.5455335467856992,0.794905680876987,0.03906844228151795],
[0.6205515304443426,0.6676935500759019,0.46339728538563174,0.029024855146066342],
[0.2595589272046289,0.21136452436344277,0.6827783664397863,0.07581271252400261],
[0.22379570869114584,0.7231991624763546,0.9173583526240583,0.11694767113260694],
[0.7251683542775572,0.19968059508758584,0.28164453857538574,0.04242445165578268],
[0.8325867475049009,0.898956824082692,0.24672108479186572,0.0702061044038922],
[0.20223876000634444,0.22135935982713872,0.6287210220386437,0.05482678697148809],
[0.9515005857707762,0.8220695696548717,0.43276200666129483,0.03900650089034163],
[0.34633968536088766,0.0464101593095656,0.7091137938146921,0.07600866127931862],
[0.6975710737310892,0.835987557384342,0.9050968352146208,0.0674154174347668],
[0.05573694931764628,0.6730638176563286,0.6432074438315937,0.06871831717885017],
[0.8865198528049171,0.37132142480838537,0.3435129867178056,0.029422223781010788],
[0.021140073425183425,0.0742054615599208,0.0035883138687674565,0.13545663000409108],
[0.39237735792237605,0.22471483957577443,0.20909020215184426,0.02453267895808771],
[0.3371126039592599,0.6336432493440036,0.42500929552031985,0.02018223624728],
[0.24200474316123766,0.04613565219600335,0.80915474668638,0.1743136529341443],
[0.10025265266813821,0.23118587884464314,0.6032983703492591,0.03589517145068559],
[0.5975273966988278,0.5632534635058711,0.9460120467404859,0.019245103532324295],
[0.34332315287530824,0.41907881255755697,0.29185251267963563,0.024387754658041563],
[0.7789758019010644,0.47217713046319765,0.74585510354851,0.02070483789294395],
[0.5267842411398161,0.24017321030112138,0.9989966358843354,0.01653926094221577],
[0.2624084700110423,0.859044130119702,0.08318945541650946,0.14084048213924505],
[0.860024586734935,0.4801153935105964,0.6017063653201119,0.029685945915204695],
[0.63207583201863,0.23944729046357538,0.7232160991930306,0.028965033094522273],
[0.8624256987957595,0.7686633501335667,0.26028257799828736,0.08804896296508422],
[0.7034089566023469,0.5563230169574912,0.7966311000829166,0.019971778494077386],
[0.6563193249568434,0.0035055896653064522,0.21733509687652564,0.036392324143478906],
[0.8176984649448901,0.08540440476696798,0.28543413919910454,0.019495945770294877],
[0.2785420081557267,0.39736995494902294,0.779021641229959,0.02780162722658959],
[0.5167687411117676,0.13079873483759397,0.14662760903147487,0.039891833234031226],
[0.42106755421114805,0.44665751985275315,0.23623605845566997,0.01778216665815295],
[0.7257052923666113,0.9349853488770752,0.2455488486730022,0.08759835454630446],
[0.6738011891772845,0.012864846682886344,0.864518673490308,0.07986887448351686],
[0.2114894416393317,0.19572050667317986,0.4752832066598194,0.02519232148508295],
[0.6070735214349985,0.9434044283931324,0.4647867903364099,0.02439436486899669],
[0.09561874793313219,0.1276143157139985,0.9585328964531193,0.28149354912377833],
[0.6088879120412617,0.0269452376847078,0.14751843122585373,0.03419405652288691],
[0.7084157272320761,0.0654310559180078,0.9244912012878228,0.10234869245260393],
[0.7852419169148969,0.5623403293105363,0.8016959372625676,0.01803841238857657],
[0.16489495008406052,0.254000485595295,0.12740553915864639,0.03525522731852055],
[0.6374013187062717,0.21856376849099934,0.019588462394566353,0.05854640218128708],
[0.4248812621264002,0.43279741086231915,0.6535112119540526,0.0218464774894686],
[0.22173314236294628,0.3286840904244125,0.5911453332737813,0.018014695140499852],
[0.6521037527011826,0.5252507554734022,0.4733714417768673,0.015331829922158754],
[0.36693146263635423,0.004724496177052506,0.49459905567388207,0.018687625823514256],
[0.5344120055850655,0.1494636993435563,0.45538312246302826,0.017410309640290472],
[0.40754232810589386,0.36931506334481534,0.9552836004672796,0.026859294333712064],
[0.3941628452155017,0.864873229391289,0.01650737752365572,0.041998765484348166],
[0.8108979081848581,0.047571004893030344,0.22421283886648935,0.037623040519670845],
[0.32627920749180594,0.2716973737048224,0.7818059701464476,0.07917433275463191],
[0.30990584723841563,0.28466697775932037,0.5755716124783392,0.01991960395161848],
[0.821136871070591,0.4740988202930768,0.9614119453816572,0.028766058982686395],
[0.17841382438631137,0.691782325423477,0.7839559137818806,0.11230338232020777],
[0.9581398082985304,0.3450630939879724,0.6918178793185409,0.06605176356955642],
[0.6475626096098175,0.4510091713014811,0.9955880577335615,0.015994795195022938],
[0.36640012217891516,0.12372185752738862,0.48105596525675376,0.03523246134624041],
[0.27468263225521894,0.5391377889356498,0.008220329202052068,0.03782528319276088],
[0.4721648256970158,0.5025171059587461,0.9049361823387401,0.021258296763990298],
[0.6994853476508387,0.2945328366364306,0.7815659277654211,0.09988477390158607],
[0.3977158026392965,0.36653031959115223,0.33360686295343367,0.028024559671883408],
[0.1568205083488975,0.5012588887583954,0.84011589629816,0.021480902053386722],
[0.36820118844824945,0.7073277812766435,0.9101927450906306,0.028739216153843644],
[0.8850163368065594,0.9182206846594769,0.5855763567024167,0.02210924858532997],
[0.015042228294747995,0.6078340033369863,0.5151160313179594,0.02556760270849877],
[0.5606036529151107,0.5302426583045946,0.7058244210460096,0.039727352647672125],
[0.2667019610904924,0.35652647924506453,0.13643766402302482,0.04487603329977429],
[0.8591534700842385,0.3735652897936047,0.9611455082017943,0.016650523259071938],
[0.7502288372354259,0.33364513554117603,0.3259954986402299,0.02511703735007626],
[0.36405794115905155,0.0670676097659999,0.16500695535003396,0.03928366543416171],
[0.9236899586018971,0.6523146779782676,0.017258617316924907,0.07073071225352945],
[0.3782620269682302,0.912125619512109,0.5030082768849047,0.02014313768902469],
[0.70844207647871,0.23728399783218634,0.9263171161101232,0.10622558390588221],
[0.9681380576154539,0.7973586780349692,0.29788597668599726,0.055363691366712445],
[0.7485951399819941,0.3907908797972779,0.3293904647112468,0.026876009986549765],
[0.5362997734328765,0.10810252179134228,0.7053479980517721,0.03132725280768722],
[0.774670679853266,0.41140353816210873,0.07119901611516022,0.02560628988093927],
[0.32425403819534104,0.60180643072864,0.5571723681811802,0.020054870486236928],
[0.602304207796016,0.5476905348635394,0.5975973880732228,0.022933082013144132],
[0.5547214600309947,0.015363348559823242,0.49796348272689295,0.015875457349736694],
[0.6540324152863902,0.7554800232688902,0.9873814694532491,0.08024253595935536],
[0.21295707540371978,0.5723511919391433,0.8192410885787678,0.03813462728125637],
[0.5983455217850847,0.028884338527053743,0.640839379889442,0.04191637206243752],
[0.9422493712489133,0.4562470994601934,0.04679549833809282,0.018347688975495755],
[0.4038432693001953,0.12541617520092196,0.096751246084964,0.022181963053662233],
[0.47710578585167795,0.6491413645822787,0.36142161310920995,0.027595568011700947],
[0.47270191150089524,0.34639743899361164,0.6951932967940533,0.01661030637072987],
[0.894458358510119,0.0024900031814609758,0.910006899670844,0.2900317362253433],
[0.5140676350707042,0.13171323631105536,0.4753954765961982,0.03500920310130483],
[0.6534551666836205,0.06668454506541843,0.3401424929846293,0.04898085704316729],
[0.41355740130059715,0.6255325504422784,0.8222389710186556,0.015561858858581929],
[0.25972587744930553,0.8709628747252779,0.4027117318430071,0.021993947023450346],
[0.5135856704914871,0.4620614717776348,0.3580045514924869,0.03994428287345233],
[0.8204815809728794,0.9185053011247807,0.7342368940955083,0.02128744229391731],
[0.9858233080361615,0.4338996852931607,0.5078450204024685,0.03345775432984149],
[0.9375141035432476,0.7273215295779074,0.8948955812192517,0.10461528503775055],
[0.928167797529649,0.3980841977020251,0.920518840505431,0.030015288841960412],
[0.4734940471753719,0.44854342449814266,0.8136926349723598,0.024141669289436687],
[0.4294120530650629,0.5252361360466619,0.12701190022885767,0.02235548701566091],
[0.3911068199517427,0.9843682478868542,0.7628289938090235,0.01554463524722791],
[0.8428465675766581,0.32758773961732535,0.9459694226668071,0.06750370862384099],
[0.22024898876833632,0.15393377302037448,0.21269912566771176,0.026292251253910368],
[0.20472672067015185,0.4490105378734631,0.2961530904025693,0.01713942949945945],
[0.2646831424298576,0.48555603680804815,0.24187298312864514,0.016585865376421684],
[0.8038519159179749,0.9491800643469667,0.9291665508498632,0.07840543455740001],
[0.9886912477152859,0.026163973379981553,0.605093175493597,0.028948392915545046],
[0.6675940394076861,0.8057645846627948,0.031297143248359416,0.0908412337345984],
[0.09756750061121011,0.7605331785989561,0.6311924884448223,0.04809912610226326],
[0.5508258820485938,0.732200635209629,0.6625335871476798,0.01701219047488669],
[0.04950218958244734,0.3326823761753457,0.44116751397455345,0.02562717042592369],
[0.24675115686348448,0.6125965182592953,0.6015813984282055,0.02778482761117681],
[0.6356133349446756,0.6256418092564637,0.7076376058989029,0.02795403144294427],
[0.4235080315606775,0.2459572752425745,0.5340519439180803,0.018246522364727978],
[0.6333792062766336,0.9353713315354857,0.015901965297732135,0.045865589052652096],
[0.2112552088051145,0.6628484370295982,0.5041910630813539,0.028545873679795178],
[0.9298063825414654,0.002922367104987056,0.6138662137942245,0.03181471499404219],
[0.7384413696222373,0.3666977449729347,0.45447979518348314,0.019856843534555066],
[0.4513708218185146,0.052761404787910915,0.8877049525541295,0.023583862765382053],
[0.2562919946092952,0.15249730095847214,0.28989438436567316,0.016962669282633132],
[0.9061127286235097,0.9439292345864316,0.9260100204586208,0.043955262492149975],
[0.9714645624167282,0.3567751840436393,0.06784719918976534,0.0680038188639557],
[0.13504705307511145,0.47735246294419476,0.4291132453061749,0.02993530204236558],
[0.5009024475359452,0.5441125473514672,0.28470532597253695,0.015202700034565527],
[0.676885894014211,0.974936007595757,0.5194707273424182,0.017218770898393326],
[0.8655907422256807,0.15261931342230906,0.4688794039184949,0.028614313790215312],
[0.7639485905032405,0.45035077038992244,0.8221200994413521,0.017964128463417307],
[0.6598950488526685,0.2606791016141027,0.5013027275109324,0.0182532842130817],
[0.5750343033466813,0.6466233583970721,0.9078953117206218,0.018015847203814203],
[0.06818526655891066,0.5441294379231292,0.056503959276342886,0.02139104935656893],
[0.9621073212006769,0.7007391849610484,0.7283328089333715,0.08734636028058959],
[0.45091003581279465,0.8467715480642636,0.1340141665378093,0.016610474914352476],
[0.020004200095441016,0.1382407410650156,0.42818206781464807,0.017048313035090502],
[0.35974112170028927,0.6994085372986365,0.06658071514402542,0.05173478821016769],
[0.48647864067172286,0.8499756004518971,0.8992853929954872,0.04339700267644922],
[0.7321959789445355,0.6098358628514403,0.4668654050312786,0.01968345649064413],
[0.0869077612180037,0.5038759176855611,0.21697178020105579,0.020356840260878264],
[0.23759020064308678,0.47423799948625367,0.6398792577755302,0.01713178046884719],
[0.18574003223223368,0.9444852984420045,0.3094860533217858,0.04018512002983033],
[0.7091627349475832,0.3823229409357112,0.22834918052277886,0.031108905144984933],
[0.8768393753036052,0.23629465214309464,0.7057379134304802,0.11224592806065749],
[0.5619231617264803,0.0018099041900807578,0.1093605540710314,0.03137935565719851],
[0.2135439111394074,0.30268513433724076,0.5133595912379576,0.03540588852691424],
[0.6489967543568465,0.630516845411824,0.770854758228771,0.03673370961752063],
[0.3795683559102385,0.17711969867219113,0.8934797512014566,0.03451147997144549],
[0.22850097278869086,0.7476253658303973,0.66268793599612,0.08152327307039596],
[0.8679730987755067,0.39997179114222403,0.43850193988055175,0.02478650122442253],
[0.032322635846723236,0.5624523183471525,0.3059155924979321,0.016792190840281038],
[0.7893390157401289,0.3016935436049044,0.0850963961494895,0.04168240900840408],
[0.9091442826968024,0.40614330542036037,0.23177143171348402,0.02693399348778614],
[0.48918607177576034,0.17512333308493389,0.44775869345476293,0.01708395014902741],
[0.3189982964997673,0.32829155374766616,0.9434801008999848,0.06394539086796705],
[0.5145982863652683,0.4089582508451345,0.17800946760572334,0.021691657724721466],
[0.327463907808493,0.9485475889659581,0.5527506758256578,0.030288255773021987],
[0.42946411209997026,0.5822931521604741,0.09687168385400069,0.032550926932654475],
[0.3878506219668926,0.528899220957789,0.9397294599841615,0.015136571005684649],
[0.822708177096703,0.9341502006539875,0.5218159061509137,0.017178849413309757],
[0.01549726186293865,0.5932039854478147,0.0362400156480841,0.02073165109900081],
[0.4190581244581154,0.16195536122111243,0.4821188167806205,0.029775308347294284],
[0.4077235288427006,0.7763465371731991,0.25575420679204186,0.03599040947332777],
[0.2425421276630848,0.047581793403460804,0.27988812821883324,0.024617184330993254],
[0.0038691024135402152,0.784781904713757,0.6247455767263825,0.05623508293488269],
[0.1317764766123486,0.01717394807285355,0.30819257353227525,0.06131828906491256],
[0.7577737249659552,0.7958471340224044,0.40369299432535066,0.02526639857824587],
[0.23559378290523714,0.8083948517929926,0.44860154084299886,0.017520753321348025],
[0.32239901675751426,0.38560591764968655,0.5680583392905232,0.022483872919836292],
[0.922660126407671,0.8316816495472742,0.9015106162296117,0.025805078765822137],
[0.45798393034936946,0.5165191523895201,0.5340994351474763,0.02277661910422378],
[0.4021250503034304,0.630585253881728,0.5484010687973435,0.02036558995017973],
[0.06560182626034117,0.201687991337535,0.17118245724064785,0.015122353657220377],
[0.4517106376864518,0.9722114087775218,0.5407043109291426,0.021378866277150875],
[0.6155095397894242,0.6396642997104196,0.5293958284529979,0.036167413960394884],
[0.426509273541573,0.3058432110133785,0.7408489757598317,0.022500532333108315],
[0.017596991906462245,0.1706722995703489,0.5722556693291035,0.020266683802240698],
[0.6962336738443676,0.37355320412850124,0.12208630707220391,0.033845103991609865],
[0.0943696851275807,0.40743455576273735,0.7312424093034948,0.040714696284968425],
[0.665936131471298,0.20290348068772768,0.13298060762313324,0.027791178860068738],
[0.9848865043410985,0.9999033342952656,0.3276540752728172,0.08931119516908224],
[0.3746864084338538,0.29949087137907326,0.17661554028873538,0.05967912165056889],
[0.7164465815524862,0.23443814111340622,0.16590185479006547,0.056001659694294964],
[0.46212015631094594,0.773143180552704,0.9914038577911815,0.027353732065362832],
[0.24302837609278027,0.5456621749774765,0.7666526237913543,0.02317575266878691],
[0.5167865759142279,0.3553889610637998,0.6129764107697161,0.01658148438090576],
[0.3893006405389091,0.8528267399481464,0.6707890775568045,0.017244625798105033],
[0.4185452432393709,0.26483697107972093,0.2037937840331311,0.027605969587010927],
[0.9095778535464012,0.07214461409580009,0.3928828928152204,0.029709582407817535],
[0.006406816339879273,0.2859728600474515,0.5965150588027615,0.03259661305634825],
[0.5835676487727594,0.5157953453008676,0.8327595345396794,0.01839685624990068],
[0.23064837180987208,0.2132991744347078,0.02075490461672791,0.02465603381690256],
[0.03480873977981824,0.31858606905057996,0.4865307076347757,0.03288431101484657],
[0.8263613612320253,0.40145368057251163,0.5902456625506086,0.017271714769944817],
[0.1572785437488996,0.4483545333894028,0.7414627746041638,0.039906527618972856],
[0.23484057515123846,0.32919209217942536,0.7355726997148502,0.06414409964556397],
[0.18330021452627965,0.3341593700632389,0.5713882559874733,0.03458116169340959],
[0.055131328937230606,0.7995750492481479,0.6725398749459763,0.06905688792593642],
[0.6076720601790178,0.7555721282087182,0.7209564501670893,0.024019828160494944],
[0.0991132592069719,0.07005004576505025,0.28886510917817654,0.04242253388623341],
[0.45022128163515296,0.7901761601341636,0.15572413833839172,0.01686292005107219],
[0.7953918836554827,0.1481495565295914,0.3307191800446525,0.022260449283536383],
[0.7474214745799207,0.5641485944331611,0.39010885773312565,0.01822055805523764],
[0.804053421066066,0.4508957794085223,0.3582281227896267,0.02533224128033138],
[0.6520377781168439,0.779158912549563,0.6237282630296901,0.025532409470095954],
[0.17308089138761373,0.6161347521257052,0.9061805674516678,0.019061624353701415],
[0.7309429162565334,0.9775326258213066,0.6114566628176697,0.032710124698988645],
[0.40124129064550484,0.6541010269347138,0.943156699693211,0.02600592268279211],
[0.9719940955047601,0.8298272450317362,0.09674237153159715,0.2120847894122655],
[0.02953501038347317,0.8998043960284652,0.5480438002684258,0.0373790988769041],
[0.2561305819560692,0.5922313109584941,0.8998065740286468,0.029673948642707206],
[0.48812386153054854,0.909307084851764,0.20121854385740767,0.0180803080545981],
[0.0678163193384107,0.13470981415739836,0.16108716728517303,0.03334873337340139],
[0.3849837398523721,0.841586394656955,0.5661644347870489,0.031116685442004875],
[0.5471991835844138,0.19758078639768606,0.7363576925995549,0.023356580281874137],
[0.45836438895375275,0.15842361400763416,0.5075976356669779,0.029119880037092885],
[0.6403820814176835,0.8209600562327044,0.4334265777084303,0.017989599636780595],
[0.6919596358033323,0.9288530391881461,0.7018544682734216,0.07557480543121199],
[0.43105669526137125,0.7281613354269221,0.14150945501921686,0.03394330347667806],
[0.5486940469899723,0.23747852293122318,0.3391062436420297,0.01781728756656599],
[0.4094051977583485,0.28002482158297604,0.8257849941611849,0.02033380220310744],
[0.3625876336689282,0.9617349046871654,0.4020415648836052,0.029273799170683706],
[0.3297867123481486,0.0034331652793796463,0.30455888536130127,0.1051228972532006],
[0.5033448969166566,0.3667853447520094,0.15906920167777128,0.02644123484613157],
[0.18994036061406128,0.5941801560838469,0.4230440423281234,0.023150533743460912],
[0.6515295491504216,0.8764689681485723,0.17594559045707625,0.06736039028886967],
[0.5574922682462433,0.09214651672796925,0.6489013838513178,0.022714762113279705],
[0.13301784486485146,0.6188976066711515,0.27646736557449203,0.03803731468616881],
[0.5283453118167829,0.7205011716161858,0.3886189642444132,0.024101761292165534],
[0.7271679445646264,0.3673637919351185,0.9592633254011453,0.03605791116551827],
[0.7564900084594278,0.8298932125172097,0.32577061790226636,0.04177312343211767],
[0.29838119722225576,0.8087350542673833,0.6148262067990232,0.02631531402537362],
[0.9564677054015973,0.6083568159072474,0.08956287358285453,0.0468321675115323],
[0.04526319966320769,0.2917832280060648,0.6589519886773557,0.06697710718045333],
[0.2702925770352894,0.6127792784534186,0.05786684257842856,0.05024495268986588],
[0.9600843463115307,0.09517813262360186,0.3232230085018175,0.0911164581028856],
[0.2655364849430115,0.9394681255309941,0.45588899186367327,0.027986893900010766],
[0.4949209535846746,0.5457939324949137,0.19951997992138726,0.015583155611496188],
[0.15804977368163764,0.5997285377419889,0.9025599943374193,0.018402823981435813],
[0.45514149965825523,0.5561323998684431,0.07817632828540644,0.02803871706223627],
[0.20376563791144886,0.5146102253762466,0.35851816981939033,0.022896570461483107],
[0.6680748695989706,0.7874829762825637,0.5793495972291254,0.023164955661590922],
[0.38438338391491955,0.98539375615675,0.048441125885942515,0.029165632709008828],
[0.029087100391958942,0.5814388319682903,0.08801631336741922,0.018857812096427166],
[0.28457006318361455,0.58768015665216,0.7019574798757556,0.03136064753203084],
[0.40596469570764027,0.44417282483451537,0.8046932404191475,0.024509746745244906],
[0.7156039015198333,0.5347154381730571,0.7242938420979242,0.026002064092992806],
[0.589838130331711,0.005783264540776156,0.5140578325382081,0.02352404459349676],
[0.81070110028298,0.014720880923567048,0.008025037142106117,0.08616854922103727],
[0.8696164231543778,0.49661138554063555,0.09388164974716051,0.024107150271141034],
[0.6368937696700985,0.1333094584041684,0.5850638250204065,0.01763391828264918],
[0.3711293821749404,0.08912161663371787,0.1280947800889879,0.045207769647641435],
[0.9940209992439154,0.28946742957820526,0.44639031840965726,0.05511676193060397],
[0.834606196119691,0.031369285539316616,0.135019235482994,0.030528153760388824],
[0.01220446808108433,0.5907130600745055,0.07392012987255125,0.028398412944482657],
[0.3480484481973444,0.43750078217579613,0.4184468029929076,0.018186951858574184],
[0.07053954657108596,0.5068175055568869,0.3911059218398991,0.023618072456196043],
[0.005052792749418722,0.4217451254734298,0.2501474864591944,0.0240355048783569],
[0.7347650934118907,0.9056439102045016,0.8057899530262558,0.05304232806475402],
[0.9024447204105449,0.6752870882737467,0.31551458402673127,0.06945353471018002],
[0.5709721219234332,0.7564488534134706,0.4054389369967222,0.021239241244195024],
[0.634338054499764,0.7370495757303331,0.14157599420315858,0.04837272212319853],
[0.38036264322682956,0.5721256687724846,0.8672452258006025,0.016069044080196104],
[0.3045888017786025,0.5869175246846919,0.4775548439176709,0.015224264122788104],
[0.9727512993447546,0.2795478927604108,0.18325004611601936,0.06333641475212341],
[0.8615457592903846,0.23844904637211062,0.4267344246483775,0.01725271361975355],
[0.756226560442095,0.9924280738553095,0.8619156624633123,0.08776350116404315],
[0.5586309309373771,0.6771773211284973,0.1310214130455698,0.020581100350799693],
[0.7861265511726195,0.021500042072468695,0.3365912837643976,0.05250869846596111],
[0.7917729274182448,0.0127817198181297,0.20748574861848756,0.026622017111639654],
[0.07260460390371726,0.22214520172829022,0.0971507078745707,0.03172734922444316],
[0.19695944664300102,0.5964849906208751,0.47212778835697256,0.03530177103524212],
[0.7130551567517028,0.02055132044850627,0.4859506457043046,0.01964143088611167],
[0.26387510555224547,0.32397067917080524,0.8139162897304913,0.07775567135446715],
[0.7504670011962631,0.8393839197914508,0.20019889662444612,0.11123579786874237],
[0.5473335148092076,0.6108442396645892,0.7924834622177956,0.016901408637083386],
[0.7743399583424517,0.9003401622094355,0.8499221561767883,0.059836297102538655],
[0.6248758265174258,0.7374217546950459,0.5425556499175336,0.025958446981750184],
[0.5227533239943685,0.5959387335277556,0.9495529785882809,0.02911590874202513],
[0.08192235407633097,0.7912995010054706,0.767746925903421,0.16420475354255237],
[0.10531081589386226,0.6491852193923634,0.3502534704214598,0.042250884198665434],
[0.8596855322061232,0.9480374370731622,0.3962821386838059,0.015097548137275891],
[0.5383389509078522,0.04303219078739451,0.25390276137051926,0.01713289815861327],
[0.15475410922424082,0.8360975911172822,0.5911890528096636,0.023710943321825752],
[0.2798321714315237,0.3839723294696106,0.2381963904371972,0.043645078998460846],
[0.7061257650186962,0.6799331477461553,0.012787919829340688,0.07712147207021496],
[0.05906053333132999,0.29735651493454196,0.21624030394033433,0.015781082288026133],
[0.6807465824487774,0.3260760174425409,0.04982946716050762,0.03500951892164495],
[0.3903183894720028,0.4367279995591047,0.557789787620625,0.02244631247549652],
[0.23560818053337962,0.19576099102498745,0.07358684302571583,0.01755541658049515],
[0.7999318987986246,0.8577206817612084,0.2985992589043165,0.03773140075359322],
[0.6938551273666004,0.17030626656040626,0.24863335892401162,0.016651990220889097],
[0.4310847694566037,0.3227036392411612,0.23617166514390353,0.023828412181194927],
[0.024282481417936097,0.8599739733690106,0.3815222593109543,0.03019979467292852],
[0.47278850571220454,0.11859917469074677,0.8897299754929668,0.018466042021799633],
[0.010082347144147463,0.6014887775388568,0.7774387388249652,0.02880867158972615],
[0.7142454182253513,0.8990022121090306,0.43422225908269596,0.04190705384737015],
[0.45251854535176406,0.41291120022020134,0.8319397218503282,0.02560423383073964],
[0.1512566039491745,0.6605713637971186,0.23359549718595285,0.06606838429244681],
[0.6406328849635156,0.27340579755834027,0.6230413247001251,0.029950326822633773],
[0.9778705573538236,0.21653037862811053,0.06135486082033714,0.11192190239250076],
[0.17127054095872962,0.5497594697130049,0.4852259690819579,0.023410556554831603],
[0.20008476259245178,0.01126440224511549,0.5147685066994122,0.0298006222796938],
[0.49577371427154304,0.05759105405039966,0.03212564656451811,0.0194484377657249],
[0.5492451171214778,0.20045271396765874,0.6322137736058947,0.03311202125853684],
[0.6728292413591779,0.2979827795385589,0.00029452091736281716,0.07258923584703512],
[0.9712333990248553,0.9091948712000448,0.5017315003740183,0.025715385164222684],
[0.02028640693731243,0.8588615789022656,0.5288476153059213,0.018131049511056353],
[0.4421857959364893,0.004992709418834673,0.6502935996272622,0.04892952901609714],
[0.9662208214705261,0.016332529029662424,0.183448765820872,0.1268503891184523],
[0.4730239520190531,0.07995533774393326,0.09225752474370097,0.028895618466178122],
[0.3369419718347978,0.5980135335431266,0.4553446288204187,0.020348001729514974],
[0.28405069106760916,0.05808794888539359,0.22493170331144252,0.031190791056356346],
[0.374937870108615,0.775107103058242,0.603050859407999,0.021274312031826642],
[0.9086922063325572,0.9774557752001635,0.8025533637747408,0.03358505220560353],
[0.6101774969396222,0.9723314291057816,0.3507783383135371,0.019820145563964935],
[0.835290314264561,0.8259944835666454,0.9238341687958114,0.07513373140520964],
[0.034054772926877086,0.35262417071898955,0.23591122817868382,0.07068757516587548],
[0.31131617807179957,0.1577025042814093,0.2916901353379633,0.041957314849938636],
[0.6888173792469569,0.5744022640716916,0.9002110346041251,0.020402819485876668],
[0.820554778245667,0.5490117640295745,0.23530823537595968,0.030162118767729576],
[0.4760622323301693,0.25184665413662466,0.46528244554361253,0.030208453439969564],
[0.5394140779359297,0.8542710716815376,0.9297571050554738,0.02856766513063321],
[0.617781680605164,0.6069932065953211,0.08355973172138864,0.03940905447861668],
[0.6871229562584352,0.8003098900605434,0.4198696115787258,0.03346962302515622],
[0.5586419301256579,0.20183888450444032,0.2440423907838658,0.034082933617170914],
[0.2334015556901864,0.4837515791434721,0.6113072799128928,0.020267648316016705],
[0.09561699959559544,0.4028327815230893,0.14023803315132077,0.024887432982867615],
[0.29943778226052187,0.296130012266665,0.41824595830488387,0.022001866649013664],
[0.34575116741540224,0.3219433249274025,0.6850476129532481,0.05738232572458654],
[0.8739753465110416,0.278698629573251,0.3446214190532281,0.045424568125520794],
[0.14869086286193123,0.3163172500653689,0.3497301966674261,0.047926641422208996],
[0.6262324362474446,0.015465075124491356,0.38040637536430677,0.02470872606183447],
[0.6200728491075346,0.2735088599351503,0.18485454398307344,0.0326012137788179],
[0.7993980481774905,0.9868826241986338,0.7397410192584605,0.06331441444690737],
[0.0664806652505665,0.7281097577550318,0.9219914625569823,0.1293104107577367],
[0.4531680720781167,0.8955646341107252,0.4135425351444494,0.02077276975864078],
[0.05028286423000761,0.5102723717738591,0.6287616538963752,0.01761456779587313],
[0.7481580303573077,0.8086836224570636,0.44582102029831516,0.03128640513476871],
[0.6310509541099504,0.40105161271113643,0.14992351339596333,0.057158888151741],
[0.714935037758519,0.7685624909895088,0.5330197008632422,0.0335441776992315],
[0.727067901787259,0.995766449804086,0.031214935657905785,0.14457891758403807],
[0.008744607213290068,0.6012467737584654,0.2572971797993472,0.022519933033914516],
[0.5987678192076797,0.8034795364877201,0.8275905060087272,0.02690835479479632],
[0.06716554166412503,0.8614128764733211,0.5964578494042658,0.021004861582479162],
[0.33373079255138804,0.578248058971012,0.6948426668190317,0.01960052299806251],
[0.38627517987565774,0.08442732655891216,0.41046948708278164,0.032241837423214625],
[0.4265661802245423,0.12609772832371147,0.2180546759914277,0.016478439725613962],
[0.6581586568009034,0.39451269838980685,0.5633906482081329,0.033832634956677356],
[0.08078193308873349,0.5383453405757991,0.39142717576610064,0.02594420392411855],
[0.8926154115329151,0.41489744077066426,0.4696571204505713,0.03533654251260682],
[0.6897534039138858,0.6336884964649608,0.3762028609798369,0.029100599395490395],
[0.5196876754677296,0.8962274089652704,0.637479931204894,0.018960051473679344],
[0.94270057505669,0.28454071283576154,0.49345644410021117,0.02728920739607036],
[0.7518207092235263,0.20656068919022008,0.7323811274913503,0.12022506871658577],
[0.6504770649210421,0.9450119120209673,0.4660211058470243,0.019912463851035525],
[0.09319382325631553,0.2984842563362512,0.37846121204546745,0.04179452646129464],
[0.19835139944747715,0.6203957525098337,0.9674745047821722,0.04900492090734174],
[0.38599272293496556,0.7898561806745151,0.16651009074755563,0.03657540203089559],
[0.8732252855371736,0.5252880705956618,0.4968100377875191,0.02523360341813808],
[0.7756632807226825,0.38634364688055167,0.9874190110769164,0.044755832222307106],
[0.0631632941509973,0.6993646900187245,0.3976240961652894,0.025151350859932434],
[0.6761692081596843,0.5986255467152038,0.9493593587881397,0.017622781034016016],
[0.687185858725352,0.03484823342532539,0.5006083555784158,0.01853887002397557],
[0.027393259893913946,0.02914147957697033,0.5021945078263277,0.046553730753482896],
[0.6848757434460557,0.5956332131427656,0.3166549274079248,0.017652666052225284],
[0.465862125823439,0.23186485269083412,0.668968663842695,0.03178504210049883],
[0.9996846876332307,0.41636688152696566,0.4731853295147306,0.047758245416128844],
[0.9066543427472912,0.5977240529369268,0.9018851154774625,0.01759829522267925],
[0.3364299233614666,0.8769230070588363,0.7948843381375855,0.05862486445065844],
[0.4443520195581996,0.7236551971831585,0.1931407559065038,0.016558298051152512],
[0.8119980749502068,0.6150358416725069,0.24068565323412439,0.03948924784983867],
[0.6257533181944804,0.3279215441733895,0.6676922600876213,0.029967710165247095],
[0.7019630303052288,0.479530087043442,0.026788763633795565,0.03502774816294178],
[0.8745675297160731,0.665559617791462,0.3889095657973267,0.021745209792146517],
[0.8048738204922956,0.6120178039811922,0.09315144265173214,0.02288627066532247],
[0.7207227366621954,0.5474714395004824,0.2979270523913219,0.016267011275254047],
[0.8667040125945011,0.006639631076403751,0.09102598299260667,0.07576565052496752],
[0.6976509585581613,0.4908657134070581,0.4768110965436272,0.030855086580014034],
[0.6255172130908805,0.5153450832555736,0.48298232495440263,0.020309576623117526],
[0.8588928893470483,0.8030989094407163,0.3430460666052797,0.035917315604308456],
[0.6390645364248578,0.42440122750618847,0.5475825915436706,0.04533776068217109],
[0.6349078789721649,0.664386802590158,0.6108333670628214,0.02151283353125715],
[0.058397243320493675,0.6477143761783294,0.5667060559708332,0.025626825601465238],
[0.06608838868389422,0.26545512608224175,0.25207381835701914,0.04328599712844727],
[0.3102481337095271,0.24143000789941593,0.620457470508969,0.039866225578534156],
[0.46659205502564916,0.2860516654165095,0.37971917519285037,0.023143036516116218],
[0.3353203933478276,0.3302316856120564,0.5260784894699461,0.019307664636082862],
[0.6964517426263365,0.9554038397702691,0.3743023649174875,0.015969814614664703],
[0.8282520297609859,0.6599054410444573,0.44880368066203824,0.023428542632936707],
[0.020673020083009974,0.05722195957247078,0.3074204268147792,0.08070754745070258],
[0.5236133239888859,0.8922987419938816,0.7998198919110032,0.03771955627888503],
[0.611114186949799,0.47363346511557536,0.900978163973066,0.026052513266413585],
[0.9283999888286965,0.6073734075536692,0.6226474532654408,0.026380752555825122],
[0.42685582711528225,0.05423551200596621,0.7115775855097138,0.04006049252697721],
[0.49783884799035827,0.044662711252466014,0.7734254624571656,0.016178356948835907],
[0.9332980367189693,0.6159453859343694,0.804896264331,0.04309566693478179],
[0.24339209680254592,0.005692911259063682,0.5448478697470356,0.015713035924332847],
[0.6597727895383455,0.7034172480099321,0.5943900079717661,0.031336871949000956],
[0.1216318515611503,0.36833673555042645,0.010849820795054366,0.06532435226422091],
[0.7278215288516727,0.7151240814560589,0.3813442052257664,0.04178499610344218],
[0.7075651048939735,0.8163465315944868,0.5387717279173924,0.032331014867990324],
[0.9192474532704086,0.31165784270740615,0.0876235460564363,0.05696592093728384],
[0.018189574007282383,0.10923161983757446,0.24183324853581245,0.07801611315947807],
[0.20470705377376908,0.45980451567278835,0.4363452795184575,0.020197062439901124],
[0.1483162173692053,0.993671293552799,0.5679518336673827,0.02536032468198491],
[0.6072151509123447,0.15036760585539344,0.4845853447130921,0.01612255272873727],
[0.4933046340678512,0.5196298251643987,0.9115012856890228,0.027464570995287915],
[0.6374300782783495,0.5328032077178753,0.040676984903185165,0.02144191573021853],
[0.42217485560913304,0.9006278649315218,0.11621907618538785,0.02039700429505427],
[0.6317355840996377,0.8102278499577663,0.2896544368457511,0.048175377210785464],
[0.6078027108432171,0.8618524849190896,0.7150315538489255,0.025618945092941263],
[0.8598354818017039,0.14573570935086633,0.30561287700288275,0.02410095347969378],
[0.6574810628941046,0.06260289926563134,0.473505676495228,0.024808484007022506],
[0.8049590662789369,0.45460086866544047,0.005646151928281329,0.04220912191112029],
[0.8346206081694604,0.08886760807489702,0.33544448335851396,0.021468470457580692],
[0.8348373355766069,0.36449126120437425,0.7309636334256477,0.0685436726524868],
[0.4971833121458177,0.6269586094449427,0.3074477122467829,0.038559102384069524],
[0.9722676389873807,0.34240398782886383,0.488002644516747,0.02448886217600727],
[0.7213825103142343,0.17116575260037104,0.026768589548147204,0.04186620361130947],
[0.9573732953435453,0.42135434905919567,0.10064443201056383,0.021679385151005703],
[0.8418398920276214,0.46844634987163136,0.3179984002998907,0.035552769012934304],
[0.32095933750464545,0.6388892247680623,0.35304927997815716,0.055463796634058996],
[0.10165186761986433,0.3059418263639423,0.1069955483518431,0.021229234886717907],
[0.5571684687753651,0.7671270746846693,0.8700130092679857,0.015742723382865444],
[0.18053615115294075,0.29221496700386007,0.64055702316763,0.048802285581448196],
[0.5024882081451284,0.03155020897037786,0.3377815568459702,0.023134681326513973],
[0.42834044294034723,0.5787031399730853,0.9333362006406313,0.028730206521678806],
[0.4159217041112927,0.08905037844864494,0.02557180653081992,0.019994501170392483],
[0.32746804024385157,0.8362781627051561,0.46827927646632694,0.04285218901341958],
[0.9257728011692486,0.3857588386620504,0.8004941903824453,0.02891754323776108],
[0.3910799382468432,0.32976845065184124,0.340909167730283,0.04513677832427537],
[0.3223357105470035,0.97588748966722,0.27484976641671355,0.04931964140099486],
[0.33704852957530473,0.5316469788002716,0.7961852410114724,0.023293845035635308],
[0.3073802281066006,0.037218044910502956,0.4847426502454455,0.01612883237951396],
[0.06683037360749688,0.8848293503706144,0.472757229096305,0.019448842368305762],
[0.5523134744506768,0.6839181790938224,0.031202105887159215,0.019384407272066966],
[0.5983303259624418,0.7657026921506814,0.927592905531972,0.023553497448445967],
[0.07311698614525619,0.5160238193488929,0.1812205770560643,0.027861475297776328],
[0.8262859157174891,0.10120215952671396,0.5682105633466253,0.028130576252216037],
[0.8197068945149697,0.0294068779645551,0.3778059385455096,0.023031713078514003],
[0.28361094637745776,0.1486532578941545,0.4452852298597382,0.019826778686226718],
[0.3096298569452456,0.2788013547385976,0.5144911762595,0.015068264834688424],
[0.45708505140971534,0.14339838049969134,0.9525132444032524,0.028807080450810922],
[0.9303958573811314,0.13557251649173085,0.5479117337760712,0.01944282146660472],
[0.2751710174046875,0.3869115772496753,0.3915700786409658,0.0370261888778466],
[0.15774043087480483,0.8412816770981985,0.3062734025462519,0.042693769887338064],
[0.226118639200794,0.3965807262095663,0.7620056931066328,0.027118411365833678],
[0.3885274396184758,0.7999712722579132,0.6583050336654095,0.04051243609020633],
[0.502448366929601,0.2214916830559952,0.9270090149880463,0.03881255267313264],
[0.6452928707214448,0.1712008755789427,0.6644233863607584,0.04826775776308942],
[0.03255964186957527,0.5471367555732602,0.10455152611922158,0.027220740206732992],
[0.828539052617196,0.7038778163542252,0.6417209122151749,0.0491514811407871],
[0.5615371648270538,0.6769278970620146,0.15593052623672476,0.026592543236179968],
[0.9458433517936564,0.8053013999123702,0.6308866716375438,0.016129188708693818],
[0.5691281089996568,0.34223246251351125,0.2173853670974254,0.019342443679773225],
[0.6709411367791628,0.5254456919204077,0.4101697114772622,0.023261157441344153],
[0.807904820499303,0.416165415213143,0.43685632604895197,0.021329342298157437],
[0.058814521451601376,0.6070804408402468,0.8299344457633403,0.033589618348136376],
[0.8573610629178543,0.4493399376514594,0.8181856955880894,0.029183305159654595],
[0.3943699109097253,0.43844134102637033,0.6396081425851966,0.02230025800072529],
[0.746265765144328,0.48244605070152746,0.8037875500725723,0.03428383516805519],
[0.5606495300225623,0.7240933403825243,0.454378040176488,0.017510587216105156],
[0.7420044762086574,0.4334657864006509,0.22871222391877644,0.021049631122470318],
[0.7358748593306812,0.13626811238225334,0.3295864912896145,0.029273215208009865],
[0.12284633997933958,0.3945850472697726,0.18499123742937706,0.015481386529481774],
[0.9081623868396367,0.692007373887352,0.4985247950393926,0.021994876737766858],
[0.947459163398487,0.909654350738135,0.740992522061293,0.018554045172509817],
[0.8658686874436484,0.5218424480716753,0.6061354221082019,0.023558358215793156],
[0.17456194536920022,0.5326833854684276,0.15375655190345094,0.03304571638667329],
[0.8794928146815656,0.6034451230344814,0.4621989998000783,0.03280905498912212],
[0.18905628342854697,0.4864194548995254,0.42170824179012134,0.018325321704730523],
[0.9429568905127055,0.2659842817257261,0.3631848846508333,0.061298875288084684],
[0.3560639991567688,0.7955794371572599,0.19318206565936313,0.0767512907583109],
[0.20811413558113645,0.5096985192450183,0.07342653785211462,0.022687436738172438],
[0.8200609018568209,0.3969175081167755,0.9971010089765886,0.044606804473905706],
[0.5284316370607448,0.2693747934896107,0.4913496133242099,0.016418951400353196],
[0.8464162685817614,0.024778897730273863,0.3457779073153623,0.06392551401290379],
[0.43677741076791965,0.2907663865531086,0.7567416984622682,0.02603614676338338],
[0.042402486733604916,0.10562762832629058,0.4300405182381962,0.02612499490786021],
[0.014748511944681075,0.5868520014255952,0.7279340785444091,0.028781639079381374],
[0.8174828962433679,0.06023933027921968,0.5434425269772339,0.039409759787082235],
[0.7487072173133172,0.44978002922297844,0.3366235511375606,0.040844625794830315],
[0.09729684494625102,0.23777036455447753,0.214888002324662,0.026428065862268812],
[0.5752103495888822,0.7415969164233334,0.48482753340015117,0.02175073611598608],
[0.8800636090964176,0.6114147621919834,0.8865348896122444,0.01850463464813344],
[0.7506917539257302,0.5762213795509883,0.19877710872531906,0.017154504573352845],
[0.14717182055695244,0.43972202982293174,0.1716022526716512,0.01653392383651768],
[0.6053977014160912,0.408762091059493,0.45719232182753766,0.03119994162292744],
[0.6711654274990255,0.696551653258101,0.858781847460353,0.07317458094480879],
[0.03775362204563726,0.760272220889848,0.4547776043918007,0.03547547628945786],
[0.23640551984263036,0.4078819003632763,0.12380045129314676,0.052215746005228575],
[0.7685049940028443,0.588286807249287,0.1189218620942738,0.027242292121862077],
[0.4789316332954229,0.07568222225196353,0.47179001181049096,0.037240423890592844],
[0.45243663536215495,0.4647870780251323,0.8198997701802011,0.02374653699717877],
[0.779069863737428,0.9511116216368318,0.34885433689443823,0.047237906760353256],
[0.9995675538131836,0.3643330581653109,0.0014655803454256544,0.0532240764123503],
[0.49847904716115876,0.9125256507694737,0.12628599893109338,0.025706416499209177],
[0.505460495213617,0.044104589757630874,0.9711705609504183,0.028028115433859135],
[0.3653730926972377,0.5663667400913729,0.3225011528743136,0.02333296489769461],
[0.8803671227303598,0.14157696805675335,0.4062610196431745,0.04569034627286651],
[0.6170061135782855,0.9908872803171487,0.13393192976268087,0.03044791488235595],
[0.42549357055554027,0.23709598785524055,0.8188580360876536,0.018486236149349945],
[0.7962353239103916,0.49135470984261065,0.3831153027253984,0.042591480004823025],
[0.5226640011262178,0.2715563560790799,0.5788268049676599,0.03388011634632175],
[0.4528009225655293,0.43619543846842146,0.9031146719109595,0.019459688507956326],
[0.23610385826273872,0.5672931929799309,0.40088556839533407,0.03411881523999736],
[0.2583833453858728,0.3390487016880299,0.2768374538984645,0.05008952276170092],
[0.48717370286685346,0.38756725764006006,0.0202664555058798,0.018849333161722277],
[0.025394807494331206,0.41542089959468653,0.7332123366409767,0.01873053636608476],
[0.5155463588672603,0.8360384467743716,0.018176031794906566,0.04086649292472951],
[0.2158263031074248,0.044759921185281604,0.42317315410010514,0.026088669448219082],
[0.5485312542184715,0.582549954411084,0.8686571423318469,0.015084340107615384],
[0.19655908728021687,0.8779376317556877,0.5599125211842938,0.02335598285004109],
[0.37299962189527536,0.2783619315656898,0.868294591002225,0.025767871708166745],
[0.8996671582213454,0.4488131949107612,0.42401535971984605,0.019161830742364265],
[0.6058842692964294,0.9983388530844507,0.16905504060437726,0.05098200561317415],
[0.4974997247631936,0.622762083669573,0.11082565776019959,0.03282533341172357],
[0.6945428706708642,0.4909392697317617,0.43145594248292984,0.022319592120255895],
[0.23057385353432092,0.1972500814160285,0.42384430753614444,0.017636637115580632],
[0.940131716524984,0.40096159032991774,0.4244445834545286,0.03226141908217536],
[0.47002487805329585,0.5815949408299607,0.13199809104701987,0.01799428335679682],
[0.29547874607527647,0.9491252737530915,0.5196554597716068,0.016909760725645782],
[0.3393999895500037,0.5174387756941674,0.7752058024604714,0.02425542232715034],
[0.2556782210219605,0.28689914046795517,0.5722265551553215,0.019944568037517083],
[0.944823647632122,0.046445991687763755,0.05842956283041312,0.1107484733018995],
[0.5466693820171319,0.41901700505735906,0.29044306455249813,0.027894865207095117],
[0.37009555484175016,0.40558081561657755,0.6220594405727248,0.018686244156674067],
[0.8263955325712605,0.8460358281743537,0.523507946640897,0.024208404388319407],
[0.7943973408845718,0.5448023818168296,0.008889309426326486,0.02303045182049561],
[0.622863426470882,0.8272667056355115,0.8165415253890356,0.03950360772380157],
[0.7607931602956892,0.6070895731443898,0.16833410284246408,0.027096037437395623],
[0.36676358469656256,0.016384606800692425,0.00128016046097712,0.06938088573183188],
[0.16334673208055717,0.8269914035844506,0.4657081006676649,0.030917749112715026],
[0.6543242098980694,0.197408795644046,0.5830440532345695,0.044100626501866226],
[0.4161024060260643,0.5064923977594366,0.37083264741045885,0.02862805315470312],
[0.29365229551042915,0.4220676562356529,0.0010946252583189375,0.02955089525727013],
[0.07550138100758841,0.5901220054153106,0.7195544024689106,0.031049748391105338],
[0.5245243459533674,0.9820847685800664,0.5893368868439617,0.016964562626254953],
[0.4776983716287423,0.2827869686538479,0.7738816534498649,0.021905179825926942],
[0.5887344529500089,0.532916314406841,0.3012981228008522,0.017471378618734698],
[0.775995136681991,0.24366769616141892,0.10571417474320266,0.02672174296755997],
[0.12438200325741278,0.040787876295054204,0.43566716057028376,0.023764244345174268],
[0.7631709658208807,0.5236194862839404,0.061640664196408124,0.03917769897721496],
[0.3868805918355558,0.3012149452586833,0.09244345751345018,0.02973825160661507],
[0.668724785067469,0.15882162778095588,0.08048129388815661,0.018469478421020286],
[0.9009740261930559,0.5921718189161483,0.24407740259112864,0.018189538362344396],
[0.5967715580559231,0.7774523177489835,0.6333260407383062,0.022892026968256998],
[0.42209985921592763,0.5064599557489753,0.11233528314517238,0.021274296048168412],
[0.5485263031585773,0.9577495232796764,0.5565031811760631,0.02440338648524091],
[0.5385842929317632,0.9346173196920937,0.626939535312247,0.02253413654695397],
[0.4708580788060923,0.9962503008341103,0.8912806414095585,0.03932229780040414],
[0.4480378532241537,0.15100806295289093,0.5471607464742936,0.017987368358627548],
[0.1583104385854529,0.5707040431549839,0.4315371136847448,0.016547327888143205],
[0.08527719143388246,0.02803434869491117,0.2374060854583132,0.05610709963180886],
[0.18132795490370146,0.5935980937398234,0.09723664827359368,0.028515690087876085],
[0.8796687176238005,0.39035500177742455,0.11083453274296329,0.028546399533956573],
[0.18648077883083902,0.29726411986572177,0.19051457389592863,0.01865868535358859],
[0.269692793703711,0.6986443081982608,0.5145426427307317,0.02116265917442335],
[0.6866464286337262,0.512334547440692,3.942125140687924e-05,0.02125263947471824],
[0.8858965064341653,0.6562422112478418,0.6481918296660472,0.04914670461498484],
[0.5303639470319182,0.5584942966907633,0.4499551438175896,0.024646699697996308],
[0.7195141288417954,0.5769958539921072,0.7175101241762243,0.02692029612748481],
[0.559157077895049,0.9770954977509102,0.8559121514151075,0.017633564519859146],
[0.6897611336687468,0.029949145721417714,0.6877721285652001,0.07754451485213894],
[0.3365113353383806,0.8251292927041028,0.3976849180495794,0.037585308303158926],
[0.12256811877511664,0.982147470356857,0.11171618364315672,0.2252997498906571],
[0.7069140228960873,0.5439899043754703,0.49596177771593974,0.01944436713891564],
[0.552395195370234,0.3337620628860182,0.5629316354156878,0.02503307900614099],
[0.8256049917707052,0.5026219479681713,0.19048308097111,0.026937352624105994],
[0.5112449955379471,0.11540565367220756,0.8920217321599101,0.02921490114120863],
[0.5655687927099374,0.9375124034515779,0.7916860380947719,0.04804180231289186],
[0.26590183880663254,0.8201032137031629,0.3532276984496999,0.03545127769976144],
[0.4190312576914371,0.0036566148090879658,0.8352941733421368,0.02499841977472221],
[0.4593222999278792,0.6262836326359634,0.1093837398442783,0.023765235854422008],
[0.8231785516587394,0.16713938386228422,0.5164934039049369,0.018518390209703812],
[0.260965290082922,0.09591677854906544,0.2066479181924289,0.02157576413153544],
[0.2111400715199674,0.4629882691454039,0.6858353711499365,0.030098372120872026],
[0.5223565771563784,0.00832146794330657,0.273688580354007,0.019074200046377034],
[0.07088806604727571,0.4845638468953648,0.6585355246098972,0.019209318543564287],
[0.8086287950010014,0.524311967693279,0.7123596375536663,0.023934327458436967],
[0.8431343917333212,0.5542450217252387,0.43475958424994776,0.026126590870635423],
[0.5792189476739397,0.9470242086338723,0.05930532244149689,0.03743046096678409],
[0.6211290574906448,0.921628716514994,0.5969816820554197,0.02627697201401595],
[0.38484529002827317,0.8132494268768112,0.537761038010783,0.023672144733216945],
[0.9714457837801912,0.5632129713376962,0.6335344367358215,0.01848364744355077],
[0.4397634401509508,0.9760326887080915,0.931061719060782,0.03987624774530425],
[0.28125371212726735,0.7148898355725455,0.5003747501535573,0.024445134478980952],
[0.49495340796058307,0.2086745913914949,0.3290044144207681,0.020519344284363805],
[0.445312729612966,0.427963269674855,0.8037019998589247,0.028825531415529404],
[0.7942138442766268,0.47320180143215407,0.3197632440969326,0.040993082909214766],
[0.458921090251701,0.4979614021395793,0.18118225607711003,0.023327669016207794],
[0.7695496707693069,0.005466107845761736,0.41066369913713097,0.03057637753260506],
[0.4662826832233494,0.9381297347413325,0.3777118463468804,0.015316371612488437],
[0.8309944711377194,0.018571053478449562,0.5584668619103929,0.016011703299279405],
[0.5800982031484988,0.44921039485218217,0.9395140634802935,0.03350728358660086],
[0.4286403229180322,0.3594691119275524,0.2826049326651242,0.027721972814981524],
[0.25367134928128565,0.48426019112655183,0.9950916401661627,0.04832200167507808],
[0.7189509907609611,0.559547959962853,0.04519334059602376,0.0354387793633264],
[0.20077848977656976,0.9270514879788418,0.4846677091524959,0.01635664212760879],
[0.6636323101746201,0.8282935072276213,0.8196949643348196,0.0682391909445716],
[0.11390252539904377,0.1748471889922062,0.5670038320198447,0.01536184336612837],
[0.6931272581772392,0.6201213570020405,0.9264244778625976,0.03714577589237588],
[0.023959664508361733,0.31573631689268755,0.2989574193935004,0.07758984643397453],
[0.6134416972874742,0.4664526541659234,0.0006741375499043079,0.04302761200857651],
[0.6424226231541965,0.1465684778176629,0.8844143001496836,0.041013283804495135],
[0.7695014139261864,0.21818707426814588,0.08716511699493412,0.022760192236897313],
[0.4794235232549907,0.36212642249052485,0.9058826635140468,0.020390405774863098],
[0.6749064124108758,0.5518692318953158,0.4612166292620553,0.018036780568725506],
[0.6615192674961985,0.7123930137774942,0.7700371846410635,0.029196841798672726],
[0.9946414904998973,0.9949520732795508,0.5141970031111021,0.02562686048475584],
[0.33412054002671543,0.16615703113901648,0.6638982564923265,0.054859810241038656],
[0.6042911980352298,0.20021347759849917,0.3947185508961333,0.018576308792794476],
[0.21044165228242606,0.5953314392370402,0.39386698382067364,0.03631414941614185],
[0.6716216561609354,0.42465890955127095,0.45602556610079803,0.028880146977724723],
[0.5344676053445965,0.6892987502884766,0.8318327846861086,0.01690332963102808],
[0.1603396903539046,0.37562789877237046,0.11496395370223489,0.025393723165671317],
[0.3989737280097696,0.1107051327907077,0.3962231787173913,0.02159416892706517],
[0.5359520508132357,0.22301094122389242,0.4558507826065158,0.021857138380933137],
[0.057832091478235315,0.8277666036044511,0.49220422005384046,0.02541640617253932],
[0.18307134533054747,0.23095446689126442,0.027155960129369383,0.043622302714317336],
[0.21901014623975745,0.3648300450845813,0.39612226777379533,0.016102732784999622],
[0.36987666720413903,0.22889537058403764,0.4346888436004426,0.03187863795349648],
[0.26333613665380673,0.6934813043893018,0.5543769655684101,0.029212233719156787],
[0.6762041268055062,0.9284437583428592,0.8412255458721448,0.015237772138951305],
[0.7087264037672514,0.6144660245294109,0.15818687812295718,0.0245070214977587],
[0.39687124629545634,0.09443909394596561,0.5018757867434496,0.029090818482195774],
[0.591913744760622,0.15833676822564036,0.8773485536138603,0.021494014708717944],
[0.05420941479520602,0.5153506768192886,0.7647753385846098,0.01971929123480653],
[0.8771586875747382,0.25676139030675715,0.5372755775693486,0.03236982833905044],
[0.6747760065652365,0.641450453754121,0.5239058181898016,0.0169961276115492],
[0.7069320893718107,0.8827630178547374,0.3143285841881769,0.0411755746879581],
[0.36674752121276644,0.4308541193509158,0.4193535057576093,0.035251233563167096],
[0.15453108679614547,0.16614603332646627,0.5163168367217567,0.021514365585597058],
[0.7241678435320308,0.17361206769779125,0.09416421892845628,0.03694715077948142],
[0.5004063538247846,0.03592839855936558,0.10844015683576158,0.01822656599034514],
[0.2972202346029873,0.9101988868411057,0.3655246082308238,0.032143116461749104],
[0.44404465699430273,0.6106368947431368,0.9351051088994153,0.025213083620813898],
[0.6289270974328662,0.46823077931839596,0.6796704775488763,0.022323290890999],
[0.8381981784528417,0.12234185346289572,0.37745288244276964,0.02749073999624401],
[0.29982908010332154,0.7780680350929549,0.7139176439270074,0.08730687880006444],
[0.8298701647325119,0.5791699153259775,0.2134874967607603,0.018500519681760738],
[0.8277512672759981,0.6069741528054184,0.6682377805275326,0.03600607061290815],
[0.4656863836820846,0.5186878663694243,0.9824505434471372,0.030571848732163502],
[0.6253178184288151,0.659957125490518,0.7085208633597704,0.015021386966316462],
[0.574018210620024,0.10756457708151057,0.7512836342449803,0.029427407030828204],
[0.27311694395581443,0.4456124959143767,0.7952185359312568,0.021026617454039852],
[0.11923213438872704,0.5666615562998224,0.42974823630190984,0.042759771741394004],
[0.7557585064668909,0.3888667815760145,0.37862711743365607,0.043195919861720854],
[0.9224023018060774,0.8256459698817873,0.34595919310423806,0.02273833668632056],
[0.655834485583811,0.03891635903252333,0.02630556290267827,0.05296981662932658],
[0.6480834721503534,0.6588457830229267,0.4894657085422166,0.05084939836753105],
[0.5095342194022683,0.7418478242843756,0.47763720580365454,0.026408409511857273],
[0.032096858376919224,0.8486302418146676,0.4424458580122267,0.024921249551586006],
[0.8022401363809267,0.397162347944211,0.40472549986773787,0.02463444012412163],
[0.21903256307911123,0.8983514991932946,0.6133784623260583,0.051337833684004394],
[0.6532863407508367,0.13703283577775605,0.6138061849374973,0.023338243853955297],
[0.3133538082310765,0.5337763166392642,0.9770268898615818,0.016731290443929354],
[0.3365642430133974,0.2582938326534455,0.3265605396892036,0.02536534613906432],
[0.7408825927779984,0.09318197691629415,0.54624793985959,0.015375259212866262],
[0.10998357416656479,0.3697384933209975,0.7859302917610189,0.04649574922797279],
[0.41651779605277717,0.50787581443803,0.7566164602632911,0.02659345623297494],
[0.34781489930326237,0.03717819334339545,0.588444222759992,0.018503659863232866],
[0.6964232959601065,0.0246512551990008,0.5667753004439039,0.017866483703591327],
[0.46579838322941525,0.674302706757942,0.11056648284016979,0.02265665591358372],
[0.1818456809820277,0.779982764494103,0.3381945273413346,0.055375152729000066],
[0.8889838309077331,0.9619209461466023,0.29981588749717514,0.043869925640800965],
[0.2746315563598386,0.6808806042352767,0.598230907747473,0.04183531068922909],
[0.9448288743747031,0.5895340930430564,0.9743287444139372,0.022387975787164532],
[0.18927172328056407,0.5458678197260988,0.10922830395696659,0.037407224979903994],
[0.554603311992146,0.752828865568885,0.652294313697871,0.02097788047750429],
[0.7136338540250015,0.741976821971731,0.5584203870612677,0.023919602231302232],
[0.4437500014975023,0.1994689847804817,0.3438640367965088,0.0256403096278034],
[0.9050328476124095,0.3918239151562357,0.36681331514421855,0.033719478766447604],
[0.4352824513392022,0.9740653836393165,0.4994508333139118,0.01580800842487554],
[0.8278298920746237,0.9504447292633014,0.6620830249614303,0.01611855452965718],
[0.4462611225973565,0.10618813008903172,0.3861208520467072,0.017921774246200665],
[0.9083569109883779,0.34521821415430054,0.5209926072392511,0.018037756196663618],
[0.6554990185484485,0.024493143093761716,0.07891656758614118,0.05941874109178155],
[0.32746876874437036,0.553941186067715,0.7386774006064338,0.033998374784534977],
[0.11076190186911061,0.36035277842718794,0.1262607818820144,0.025170603156917964],
[0.3463321609214197,0.18624647113051174,0.8036047372823273,0.06940374938580669],
[0.18264614069704355,0.3511491537267494,0.0918905469883895,0.03148892750106811],
[0.2683574574525086,0.9469363786217818,0.39992633564074165,0.018852798937497285],
[0.6896233861699274,0.06142492592820725,0.4870251673356455,0.02829138665259908],
[0.3063509032550892,0.17279126204979767,0.33751041696985684,0.024087363243072667],
[0.8359864100676834,0.39232801370987846,0.3919522532041241,0.018400347707980644],
[0.6771375438109422,0.5953629774939855,0.9810827012960432,0.019291720373613444],
[0.5709277489477925,0.20278902379995323,0.09912293027983243,0.024666268515522623],
[0.37917283942124536,0.34075560967434804,0.3835649634468591,0.023285928710080846],
[0.7941686919920956,0.48181678311138765,0.9548299535016344,0.020077757228402965],
[0.6798343072801948,0.8660945319548191,0.5892612272489406,0.02720197798150157],
[0.10567004797475132,0.3795957679228221,0.3314859471865932,0.030655885702472338],
[0.7321044211099521,0.8642065047979494,0.48927115828471257,0.02326110046892959],
[0.19306670021529104,0.48887808083530426,0.1837796253908045,0.044621792174554586],
[0.6683565975460466,0.6621108786407696,0.9912929501278526,0.07328571186387962],
[0.7108500313275776,0.05394971649953728,0.041542464818660974,0.034127199967058715],
[0.617664057849439,0.5885878269963433,0.5507545091820836,0.021528218960598873],
[0.42255779236310753,0.7672684472561424,0.8459983191145688,0.01785880234440948],
[0.13453117654119318,0.2572872827364806,0.7041222245580936,0.11292730721445497],
[0.5144068327494453,0.7170305800900895,0.930336100807363,0.03486745490426498],
[0.45771875762218517,0.9245645344584928,0.7210848014199459,0.02396754334871134],
[0.06189580427558472,0.31019765102529895,0.08944038477321348,0.042773220689984286],
[0.6949661036070525,0.5571327781032235,0.3905839427759117,0.01735201633762662],
[0.5511719704653931,0.2912557203208537,0.04798397746551597,0.030525812556247756],
[0.2805802790962786,0.26976790163696596,0.10764748899823462,0.021169753325944],
[0.7405242996964136,0.6801270397710718,0.09760584724831467,0.08201035021188997],
[0.5277752116018768,0.9887899634071133,0.8444382970152708,0.033150768305576055],
[0.33465841608551095,0.8936712239331517,0.5009461812430818,0.02651445990675686],
[0.12974746450889552,0.30493503455280535,0.03167320783459171,0.07791782673531088],
[0.4994669426706103,0.11600698900794837,0.10329466660559883,0.020380093972768687],
[0.9972103433920638,0.16127994158076697,0.5859830132509023,0.04963887197921704],
[0.5413788719845825,0.8502728427548457,0.6003836652534189,0.03155659650377306],
[0.07926031688802393,0.5339457352951362,0.6217767898796321,0.01714381089303691],
[0.33605914138644777,0.48981618982956177,0.0012639979950505031,0.04513657650709595],
[0.1501013277147163,0.49871540858674046,0.3969920635947618,0.03286003334554493],
[0.08615338427807073,0.0001437099289302024,0.5016014066560837,0.023494776570190924],
[0.6049295921498024,0.9160351918802258,0.7208559292618103,0.04442362937576195],
[0.9635623271217321,0.32544260022299965,0.006980735349771283,0.08428777051946763],
[0.44603539308770357,0.16740802699278656,0.11889808348059361,0.02531385833953518],
[0.1278771521366977,0.2418532412545974,0.4796044363766273,0.016692520881549093],
[0.6630911928112717,0.21748150152255252,0.3781961744157689,0.018546529399789416],
[0.8732367102955834,0.9209025046554109,0.9534539848922466,0.07340182914045978],
[0.23643623047686102,0.7536984495482437,0.5302881618082868,0.015066282772326973],
[0.14786891170181793,0.9349057792918937,0.64872913555515,0.05337574696439566],
[0.8422760649566241,0.6566137358321337,0.7337957542277801,0.06077945297740847],
[0.4005483990417229,0.8541197520633588,0.22886883278966463,0.030242823837360405],
[0.5381104545742155,0.5022123238729824,0.8954170517768493,0.019464543468624314],
[0.12828365734106306,0.5207288884818104,0.018194369330588378,0.03464486328811058],
[0.7576226895815221,0.6096958657723747,0.3667040892971082,0.021957367956107428],
[0.19129543942243654,0.14701866897184113,0.2974369001397421,0.03129405586695065],
[0.27792977090094917,0.29090732020910304,0.6369763267426192,0.03736190891754613],
[0.495093934652892,0.6444591417259301,0.008803434722008174,0.04457554481118056],
[0.37366743402889635,0.21874683783938453,0.15245631331202758,0.04155060888452771],
[0.6508058960509925,0.2571832664481193,0.33323828087102925,0.0238966405830823],
[0.1879073879198092,0.6196981883506332,0.19365065955764693,0.051145484762763926],
[0.4433091808573356,0.4080377754796438,0.16018654351501327,0.02014726675566305],
[0.45248937620340746,0.5766118462418827,0.7688606678314722,0.021552392085154838],
[0.20355243850741145,0.4240404568401741,0.19590296357387105,0.033010845139642656],
[0.5728633409265433,0.7359419070470155,0.9905277411135357,0.01724472244029738],
[0.6505572069368667,0.1270841270079338,0.4784132906939763,0.027187468175440925],
[0.0011682588713086695,0.9527422080341966,0.4266706794853705,0.05571878105962309],
[0.9993114438271488,0.06610300990242735,0.595392138077919,0.03896996804808325],
[0.2049847445821137,0.4071083450451821,0.8136860457033077,0.030664616103507132],
[0.9450168117018183,0.43962248870987264,0.590762815462322,0.024439415218508884],
[0.5793660901022557,0.6551712991715433,0.653505495793312,0.016779393621895587],
[0.2568606964426794,0.531365505906564,0.319771958466767,0.03909430222890873],
[0.4880327443607686,0.6106345754328067,0.4885135362079325,0.02227336750325793],
[0.6580571486365027,0.8513970222520848,0.709301706145139,0.07350901001596921],
[0.6139936596209212,0.6704461653844445,0.36163349121682575,0.015346382991327769],
[0.7122110182612049,0.4839324772516965,0.7093536075945169,0.01539906504993806],
[0.13292639439485643,0.3558352207409903,0.17146958002968904,0.036999341057630065],
[0.20823442699414085,0.15864549899747893,0.021883020882068838,0.033084641195167894],
[0.49222251940962036,0.4857627215212218,0.18222586834317356,0.024360337494980122],
[0.030115555605912836,0.5143201439566717,0.8249968425516632,0.017112590216439225],
[0.38243442315843623,0.9862099617734598,0.22276893499314687,0.06240121182161043],
[0.8020635822966097,0.1324385522370305,0.5144883324932304,0.03350206136126145],
[0.3084408125391276,0.9688739746181338,0.5728850914548554,0.04992271978066397],
[0.034910384314227216,0.4486553034903751,0.11297447700638552,0.0315817400807673],
[0.9918449461224246,0.9862966857572019,0.5875603188647388,0.018934319149308133],
[0.6265991313676332,0.7876941076065036,0.3853047775262918,0.03599328746009609],
[0.40176163544033416,0.012574170356585146,0.5155016481643226,0.03240744249121837],
[0.7352849970970851,0.42052312449118157,0.8234154211145748,0.023186192048212158],
[0.02797360433386986,0.36926908774072054,0.7623493668581092,0.04321794652686454],
[0.1319531220558232,0.5080612891283466,0.4264873379937074,0.03610340385438507],
[0.5336247159904506,0.6893542153292666,0.10967790842214153,0.015158364237645158],
[0.6528032743273674,0.6590327176862487,0.7295746084401205,0.026554415415713496],
[0.7387147056469384,0.6089861653059188,0.9992704033183464,0.06920654983072644],
[0.10424263795357203,0.6037931672334891,0.34908020308860466,0.018914113890666842],
[0.3543346170412781,0.4580799438632377,0.6912192345380502,0.02025716073423675],
[0.24470126019471117,0.0960296691128909,0.5723353565384381,0.016473989697912264],
[0.19262560036668974,0.05417634321930642,0.532234974613624,0.01897631929307704],
[0.6975769631032764,0.9822570346537715,0.9355996668120232,0.08905091583434396],
[0.7429513005289815,0.7172605305245477,0.8862224678636362,0.10254802438096146],
[0.4506486700220932,0.17846084377736338,0.6809739462044414,0.026622732942627604],
[0.37822687280670675,0.013091257499382447,0.4104741570163084,0.0540174871061941],
[0.8784341197088411,0.6020100020819116,0.355798783702194,0.01822654029553425],
[0.4176424647327438,0.34324600695534135,0.0053689456775704025,0.02382637528511082],
[0.6673942342085121,0.23414705765960675,0.6391899007971986,0.05844604780909676],
[0.06832713228795906,0.02361173435627062,0.5540356059682433,0.028620914097659683],
[0.5855399345051139,0.854665099416584,0.9572437928466029,0.04252294900817942],
[0.4675681119808436,0.3889416151402382,0.9411293620204869,0.017613690375532655],
[0.7208329002913764,0.5398981081256372,0.2771930760174659,0.021978280957448082],
[0.11511470160025794,0.05492396424070245,0.40478637537393625,0.042949726929164246],
[0.07624578437640661,0.5962576628674171,0.3744716039606989,0.020842197788853163],
[0.6785755734582857,0.25066225948393495,0.07716817555192135,0.02141934695602108],
[0.9801805686450943,0.36874236220120926,0.3103713275063965,0.061836413791084496],
[0.5176841172070236,0.24974698181143995,0.10519032158679698,0.017321936946623463],
[0.013369561573338573,0.6535752849148803,0.5645170736564326,0.020843529975619772],
[0.37738912622413556,0.7861743041076219,0.5712738300845669,0.01564791455167503],
[0.4316866220339357,0.30717956685666337,0.7816832070120163,0.032590667214271875],
[0.12420600940550719,0.4419863056077914,0.22774427654105256,0.03806670868679059],
[0.3453848241422621,0.49310219125247134,0.9113408140348961,0.01862014668064233],
[0.49999654932503657,0.3896335907000702,0.46075630561114944,0.035832019616392534],
[0.8236741302194174,0.2134202288012681,0.5902953819597815,0.03329258249221026],
[0.7729966414579619,0.9911303100393182,0.1874194536069138,0.11678429263725716],
[0.730572506394412,0.11830705890293225,0.02030772057817498,0.04680671671406387],
[0.9787970066602304,0.1474527587538057,0.22487971717923816,0.044807422486510866],
[0.20691064436866125,0.199779277884662,0.5051398263690932,0.018510534484025107],
[0.9790190245710813,0.2804314731408418,0.2991328031775049,0.08492380408434469],
[0.7599414941914513,0.39520888233155593,0.9322384386531914,0.027457488886518118],
[0.3875359348264963,0.7728488750551447,0.9250001278243618,0.03411201045601761],
[0.6577642554089874,0.7718149397171534,0.54028832350452,0.02216760881198296],
[0.9573810821533527,0.9387634683185893,0.9789074467269552,0.0818391286756477],
[0.4489656089996884,0.845726040265655,0.3064848241717699,0.030872621497493813],
[0.11798453884656013,0.5080910391260401,0.7127578441817767,0.022185410951214908],
[0.4642645910574654,0.42339155585919075,0.5398721927573638,0.024542789101162713],
[0.4968429935317876,0.9011568503507822,0.220189375608423,0.020367520812067566],
[0.8731191792057515,0.2001150822767639,0.5499465332225194,0.023339533841589474],
[0.5566671919588593,0.9613776687747381,0.37508491529734467,0.019154435767280063],
[0.6050716273577275,0.3570094696330126,0.2371300989597187,0.02737043732772225],
[0.4753853551995464,0.20743075598588667,0.12171594109918416,0.025083555616711987],
[0.669893553173655,0.16887749097741356,0.18946670004448707,0.037489085140232054],
[0.5207365352505829,0.8917106233898783,0.10785942939176418,0.015554588903759405],
[0.6788803453524147,0.6072081261190565,0.41569207308421485,0.023801155048770527],
[0.19194071019013526,0.3360505111587525,0.33315493654461403,0.04403955686807104],
[0.15722490951904233,0.45460398384660616,0.2773176308942801,0.017185775698899806],
[0.3945747997851744,0.1427517034732596,0.5326096486337587,0.018282431637542264],
[0.7513102473903102,0.18491464351918663,0.5611924286921649,0.01952121667501283],
[0.47768829858375017,0.4840436609715938,0.9426097322254746,0.023202482699289685],
[0.4659054652720771,0.48804416135685047,0.0025774953127883915,0.04204172991614981],
[0.5984808326372374,0.6257330534536136,0.014781196130959517,0.02341029212998627],
[0.06391786759014106,0.7925788035981952,0.4818098905050613,0.028696719966556282],
[0.3696315754801247,0.19457304402153086,0.9517477721969969,0.034102318064118925],
[0.8088540163017635,0.2568006884839691,0.18715010057597747,0.031757583583695966],
[0.541451950770919,0.30441472570438555,0.6770042162015927,0.03382819163728936],
[0.42876709991434336,0.7780112031826,0.6205259036233093,0.019631239061634616],
[0.719952189112154,0.24895074463915579,0.2317657083690723,0.04707095480838125],
[0.5039971862680419,0.9143632538574308,0.5775385931092953,0.01569555353562513],
[0.8530800599081401,0.6049500515623061,0.7722730238243379,0.025914716595252553],
[0.4788194971089428,0.6739717477434606,0.3244565765507126,0.02143523008890267],
[0.757138004512383,0.8348243876818936,0.7431406124849727,0.06439904352279337],
[0.6973268207172725,0.4537785482487179,0.34804143938463594,0.021614713115167605],
[0.47109313500409133,0.2987226746217819,0.7256087253407476,0.020300820091404534],
[0.2040136319816923,0.8541754973302766,0.41360426403581674,0.03612684734128012],
[0.5321715558975287,0.3717230005592552,0.927803105843822,0.02300784202711087],
[0.4945421956560574,0.7777922329555262,0.45728919739042073,0.03177240733895575],
[0.38185709047768734,0.41391506693734614,0.8199141249424182,0.016031381042974174],
[0.6035727789143626,0.7420805004953794,0.6568785102922334,0.03412661080464258],
[0.5546618290654775,0.6847409990286845,0.5739861742260912,0.027996322472346208],
[0.3340139243088246,0.6753711589018637,0.12439023598730115,0.06597501179794261],
[0.6384254075939064,0.62092172658023,0.15242729933723165,0.03229435445160644],
[0.41181699756939105,0.363609175770346,0.8331389339467422,0.030599155015383628],
[0.376130139171581,0.2715201476332494,0.9387098188448524,0.04159312036876071],
[0.6294080766850326,0.614882062883214,0.4019965062467592,0.02286464240415198],
[0.9802701861404558,0.9827532551158464,0.7876781240592505,0.05441118876700851],
[0.42483192378553025,0.7458026855048757,0.3257488052876837,0.019462449399086083],
[0.6599760411723823,0.5142077135078079,0.48384618500677434,0.02696188015604032],
[0.8472957088042535,0.4289229534720316,0.10272041684107236,0.026499626522664473],
[0.45797659689080816,0.33613533953294306,0.9507707766753747,0.024451441694357562],
[0.888193127982441,0.3045207430046475,0.3963164458658286,0.04306131166010571],
[0.8289579702326264,0.9414148591744387,0.48609053679114744,0.02209774859979248],
[0.8189885320515425,0.5718062810731622,0.9579085707467414,0.026066653603762015],
[0.48227856852997475,0.9563232164395808,0.5327875972409133,0.025020189123629404],
[0.4643470156980136,0.06561842742175539,0.36319109519117065,0.024751655979619605],
[0.5507681444596192,0.7455898471259781,0.46878700848524524,0.03302249208921402],
[0.49021190387856206,0.33261785605707783,0.5450104558120119,0.015512362032627954],
[0.377741813565452,0.3363266396156328,0.47199242562809085,0.016435079911394125],
[0.9497665850259748,0.48505498928278157,0.5311488141060045,0.01648506195178495],
[0.7752449427063077,0.5073498750581112,0.13627775815036325,0.01907418075183634],
[0.5324945642060698,0.586301281579246,0.027585137618399536,0.03435718703014965],
[0.5316323234348294,0.6263013473104196,0.9348378062691841,0.027861317742800817],
[0.6749525147326499,0.2880871852985264,0.4271343575792349,0.023207905224289324],
[0.7774262097854795,0.37355062539428163,0.22160504520065272,0.03978208497924934],
[0.5301719241500948,0.3521924396736319,0.8266201224034629,0.028154588362763668],
[0.8506574233803056,0.6217485982773903,0.07089247856649639,0.03347649576508156],
[0.4771315173153424,0.27500727676892456,0.947033532774723,0.038458643706718226],
[0.44515773658075375,0.28566897334663643,0.3429152836544238,0.02248201214682155],
[0.25714791238591805,0.5182795545104503,0.083064175417504,0.020462633248691138],
[0.8605381655068781,0.5030736420932473,0.7532247414279793,0.03948068018372966],
[0.5082029233158536,0.5106073389584495,0.08858187673710138,0.027973992469402242],
[0.26538767874597136,0.8347501157781925,0.49605399482993884,0.017388397007006978],
[0.26455270382888396,0.1791187326824586,0.011965346044392033,0.04919627337221115],
[0.15928237519895405,0.13288169936203476,0.002121528305632392,0.06584407794152629],
[0.5406102141247493,0.9035206694568835,0.11783441765767055,0.02683727514260488],
[0.6180671442762228,0.35560963665897594,0.9010578843083269,0.039892973345943564],
[0.5830480129806573,0.6383693359777444,0.1890065807905199,0.038287194653704275],
[0.27757848339487845,0.19480297703154892,0.4340434542068944,0.015490713017700712],
[0.9576058321074031,0.09153445134312765,0.6150359046097242,0.037237854632101115],
[0.5034802977231599,0.6769795131323321,0.580031910724143,0.03960693114029083],
[0.9339503599564144,0.6207127058449018,0.8858773858579522,0.033321850556536935],
[0.2784523987908455,0.5492017995714771,0.8243765918908036,0.023282516008547575],
[0.3213329134895546,0.880653323543591,0.26714846648604473,0.028362955905749686],
[0.46686875277259443,0.20184297629094294,0.5529887487432814,0.022634836773726838],
[0.027202659858021172,0.44797570416929156,0.9626453497010611,0.015164065950474058],
[0.1958513129388887,0.5903277624942135,0.14734177863581965,0.03018942680796797],
[0.41157977908820675,0.49084900257985287,0.8364265207933625,0.015881103612170232],
[0.7971034971438522,0.3854995437178642,0.8252541978706902,0.027569855163831418],
[0.7817266305105947,0.7091187273804993,0.5641352088088737,0.024905721957077603],
[0.6857037784024741,0.3917238563292982,0.19786477519794032,0.03668049476447584],
[0.8986482329404714,0.5629664521344071,0.08451739620427057,0.018629065530163087],
[0.7042989451401797,0.3441669061700755,0.683153210381006,0.04923545899830088],
[0.7728073505805672,0.07952816778858784,0.22724090464634839,0.027643619379993246],
[0.40713422858772264,0.8710546215631948,0.6178674263509364,0.01695798434073685],
[0.43015323736823474,0.2094743466692186,0.9997511397595505,0.032553196884367516],
[0.988415899638597,0.9153794853023378,0.7565038835154478,0.042232498404147174],
[0.5379824902216636,0.6146666227565811,0.8643822599629145,0.0193165398108577],
[0.4263971939357407,0.5640903734953614,0.8750178542373566,0.019415200117188773],
[0.4486203081477381,0.18550354499568666,0.6375211299446771,0.024350012205594004],
[0.25899552194856834,0.31405065040525104,0.3378920221877253,0.05996517066726685],
[0.6687988374252862,0.490372298784407,0.4378042147874712,0.030773777334248804],
[0.5407053676709297,0.8954296163970377,0.4587866200439312,0.020749684919037226],
[0.7815122409381823,0.3513367961028039,0.8602949470562373,0.04541128415020849],
[0.25723141770311053,0.5485816976318071,0.6404294736941403,0.04873012304240601],
[0.5754869957571603,0.13445023295076275,0.7018347563748001,0.029870814650943794],
[0.45441643445291835,0.27601343350917884,0.24797085377467776,0.019454184707353855],
[0.3508037995818344,0.8385617539692171,0.5528658551775495,0.01699688095486731],
[0.19919559671631215,0.408143381166472,0.22598064401605544,0.04155405530662351],
[0.1923901701987818,0.07051120104180297,0.4542856750716513,0.027741092687198224],
[0.5479909256751833,0.14888605639460184,0.7349176198053251,0.02122100824825427],
[0.6971253619449417,0.6474919439339047,0.6273833632348237,0.024705703006465206],
[0.845841680995284,0.5848014723195383,0.9328725000266933,0.022935670344611074],
[0.2389945274149916,0.44197103633205836,0.02578403952131958,0.015915775196207876],
[0.5067435388948487,0.857321340170675,0.11930073119490725,0.02005654691965124],
[0.9661641806486495,0.395898765203751,0.39166971544265583,0.017779259809138075],
[0.7627841008277576,0.9109729681612454,0.6239820269258359,0.04037225080404215],
[0.533670459041068,0.008609020253509625,0.4683485089001921,0.04737855980880912],
[0.15450105376156276,0.23501945216679088,0.24171480752386743,0.02957166927060062],
[0.9932877369930033,0.7717505426052427,0.7794147318673906,0.06060800761848882],
[0.6232402111249253,0.7012278868357341,0.5385491073902479,0.025766952012312327]
