username = nchw73
detector set
algorithm code = VD
dimension = 3
self-radius = 0.0288
number of detectors = 826 (from an intended number of 1043)
training time = 1117.4

det_rate: 80.55, far: 5.05
c0: 0.9999, c1: 0.9999
[0.6645152895143241,0.3382085055095938,0.06910509636931739,0.03335266393403442],
[0.8152747646673331,0.004002852847905913,0.9814000646276049,0.2015490564483031],
[0.9211144296115742,0.10098684524697976,0.366077897072119,0.044976680010837565],
[0.9578416544471864,0.012762915426366983,0.3494740265240549,0.05320360256430796],
[0.01525657285305626,0.2505616376276406,0.3110292162077294,0.047099556023349816],
[0.13289803540660083,0.949557493740252,0.032868004086170854,0.24601038915903584],
[0.25034357625170345,0.783491079320699,0.7432610775871288,0.06885989711520699],
[0.8092112809187716,0.0555882946914219,0.6663577878106625,0.051806105685385635],
[0.9836741140848098,0.8402533844787883,0.971096310537489,0.07395212081575828],
[0.3149075883332544,0.265289440620035,0.8509825033289108,0.06439685971872106],
[0.9583729050487139,0.9702868422404335,0.9939319861646101,0.0907754151183896],
[0.6956509148004912,0.283610349734864,0.6734407689192459,0.071853612302029],
[0.9600970875143328,0.9659988677828798,0.2362290876404518,0.09376990096232538],
[0.07723194198959327,0.30421895731550586,0.9426315042184907,0.09860537614381273],
[0.9155564839450068,0.3296872864851612,0.013852382475006864,0.07477343063052985],
[0.024664848694035846,0.6861716067640504,0.167583219094948,0.09957003126595745],
[0.3337863545660209,0.6847578520032841,0.17364105356494552,0.06830945282846723],
[0.8913716634185171,0.8438543057240439,0.15422418626886836,0.12962956274724374],
[0.9101185830239191,0.1673503950124562,0.7601324940800236,0.15721924178486005],
[0.18694142517268375,0.6981226353090557,0.2751404908852173,0.09584674261616832],
[0.32968161499463056,0.2863635860072504,0.9149434590851471,0.059229101943192884],
[0.8744811631017602,0.7140417453467258,0.36017573460823793,0.03989143430511257],
[0.38278563507344887,0.9948438610623361,0.6874236084055503,0.04060747961261998],
[0.543224329233041,0.4981915954610019,0.6300885436887317,0.0316322646851888],
[0.09062819838559655,0.8761495334467829,0.6956505005409377,0.0867120598319076],
[0.04352005408631332,0.1813079796573389,0.7097766339585204,0.10103255543928868],
[0.9764275112150222,0.6825344963733824,0.16475706635729803,0.06113866257154326],
[0.0024248135302328278,0.32657768836938117,0.8728422378192221,0.07026852937748507],
[0.20960041072390911,0.972692837273877,0.6790278849883997,0.07523503655634328],
[0.8122422111484815,0.35175448611936244,0.887323180797347,0.030444237626315603],
[0.3369371051085155,0.030737265524274027,0.2758459604801299,0.08137363158067898],
[0.9890980335831951,0.18911221050636795,0.13442692896443464,0.07912554190499349],
[0.6608887145238408,0.7750812086226043,0.8531082363643068,0.04896576254391561],
[0.03649481502871543,0.6771601772398381,0.2703011160055735,0.06305392374467353],
[0.2549416039504132,0.08617861666084503,0.6490470667107433,0.05891829358640251],
[0.8748807571911645,0.7921459140188947,0.3082794486908528,0.04160041047302041],
[0.299359932165953,0.006849521728734986,0.8210990445822244,0.11967947251392502],
[0.3124735081221801,0.9617264515927727,0.7066000260661954,0.0314541242211814],
[0.810724997099947,0.2664856794623759,0.9759679530030061,0.12033151415512033],
[0.28908922830223394,0.12574838509249708,0.8006303855147968,0.09800777987854434],
[0.39182379176267457,0.022953769921331135,0.7016816629653594,0.045039973117593134],
[0.786834672758765,0.707786289324733,0.07974238342652606,0.09948495817220104],
[0.16155650598093207,0.701610776924536,0.13249537535005806,0.07632930980812805],
[0.9211486550064416,0.1738413096543474,0.3143402010531531,0.03310535271544497],
[0.12726300002029356,0.9150079743474648,0.8496394062924514,0.18531242397891967],
[0.2659833362836276,0.6476240405440007,0.8536422897875162,0.07189626207119457],
[0.7035319362482496,0.7384353347475063,0.32267931152247586,0.07161171006504977],
[0.30688540806896336,0.8082871030431599,0.19786219499657853,0.09282958483181522],
[0.6324461035783014,0.8791484811390282,0.7237568658502078,0.04054101228982349],
[0.30683812344068895,0.6644220423890215,0.07026068966001264,0.06499814650199601],
[0.7800926832292544,0.9291112877118272,0.7813512353908083,0.03409867500856973],
[0.22381177684412623,0.3404112522316627,0.6941037702739719,0.04634409335757201],
[0.14856778974639595,0.222904677495675,0.9657093889319213,0.1826030412934633],
[0.8172230388967884,0.6326527873235929,0.2781851168029562,0.03954633343564961],
[0.9904715496097802,0.8790289121993631,0.3075377193494391,0.03057944680392974],
[0.5770394408172878,0.9683913231247634,0.2521545636868123,0.03103157196780608],
[0.9784987843328482,0.6438600944216253,0.9495495583818595,0.06018717807812774],
[0.11510291319025834,0.8905009838531104,0.3340586579131173,0.05692573977989498],
[0.6571913531849868,0.2445078157044599,0.7457166345447038,0.03518695778496949],
[0.007855498929886351,0.2716886975580819,0.20621823449489196,0.04802718232687108],
[0.01579846040046362,0.24858773000007528,0.014600757246699847,0.1106627382043412],
[0.8772982682032744,0.7512255806568399,0.8420549429844655,0.08054289194386591],
[0.29474493003954805,0.9808139970659202,0.9846065715044943,0.09247198111595681],
[0.8114042646839608,0.7700704975369607,0.23283699309435535,0.08392384117766463],
[0.7721216125627116,0.23383429850388737,0.8565844714448602,0.14628932058415953],
[0.789302287191919,0.357327677053633,0.33353259447265704,0.035572785112290485],
[0.9935794871864354,0.16494095014452614,0.37309534694700297,0.06382794849412418],
[0.6741567317754077,0.6604841288548461,0.2382680889715757,0.05213389115546776],
[0.08687913174217954,0.6623969299475917,0.8643186488733069,0.0569510043870304],
[0.23140189306635472,0.3465271351054976,0.2039513507227717,0.046191549778670314],
[0.17549404134452684,0.2136112914318481,0.6543223514329357,0.059783716479747374],
[0.2920124254846864,0.34797325815735414,0.6934829939290433,0.055314732417033795],
[0.9902989429572937,0.012026973054073187,0.1888540745315408,0.13618107258168133],
[0.7030775441280206,0.9204795453710654,0.2460193318344871,0.05058113927333604],
[0.1959239101389849,0.08905624272440116,0.019655222271961037,0.050228459918884354],
[0.4833713646649751,0.4839613802888403,0.34417760252586127,0.030494867793860354],
[0.6526338666751175,0.17479599291955727,0.7475473507883137,0.031825263821007525],
[0.17565825111866962,0.10306926515090387,0.6332362092584134,0.05465140349516676],
[0.13227144826236947,0.05240456279210992,0.6745571013631941,0.09259574914259514],
[0.7646321023402901,0.6773929463427796,0.9870713555913394,0.09287348891399955],
[0.08209610804340184,0.6367112902265837,0.7249411539384792,0.03401220282544135],
[0.05483124554513685,0.6467064826290003,0.7994349209186933,0.0396574924537492],
[0.18573466458475574,0.05035310857347097,0.7562647233636597,0.1670317434307867],
[0.7539784749554546,0.8085798241704594,0.11462937378254734,0.1609587858451362],
[0.3101561028118215,0.7850939813887131,0.9185953831307089,0.07360278533812978],
[0.10966527905230605,0.9324927183400221,0.28337564947679295,0.09033046422671853],
[0.35080904799708157,0.8131805698381097,0.09270346022285547,0.035092628894045776],
[0.7000158777679731,0.32031945876443635,0.9575759421091177,0.06030807382568864],
[0.2665116312808057,0.7499893353488758,0.30167034583990826,0.08959231164986764],
[0.687527421420977,0.918562563901948,0.34784567489514306,0.02976883766910167],
[0.07896473175220309,0.016878261719827536,0.03351314352427126,0.12044949248856068],
[0.651909286324725,0.025997823094085826,0.2832917014697701,0.035420313253543355],
[0.8486054128603009,0.7295088654099215,0.9238560251218219,0.11511377472090234],
[0.6766554415023734,0.03716951249724321,0.7088180363063684,0.0584887749339194],
[0.36811691243210976,0.16813184537229764,0.07443876844994335,0.04979798183948469],
[0.28024514122217903,0.08915980182831695,0.9629934469230487,0.09485807209934347],
[0.895030731846462,0.8878030659176471,0.6545775988373219,0.030488966551524138],
[0.5855333978147369,0.3840725847668377,0.13036270747754597,0.030441535156423817],
[0.30077825067296626,0.6820271817098071,0.6831902522587788,0.07858606578724764],
[0.025547529893208742,0.8364302663982928,0.3514686432823584,0.04623471283092954],
[0.8776549468096984,0.08215531043890056,0.3070788013756963,0.0363769106165796],
[0.7742815920249548,0.2842468584699013,0.648747903458625,0.04384448613018243],
[0.1920527971340602,0.6995792593816239,0.599219967086294,0.045597858510778404],
[0.04629299318061775,0.7124093651636718,0.7053573881621988,0.0957403639819425],
[0.015516976650772674,0.48018619440624555,0.10294642563799095,0.03268412689953534],
[0.049046132499898865,0.8101284106997672,0.26200533517250546,0.13314781078788093],
[0.11637381297005978,0.7138386807173619,0.8107390806660969,0.10322863634899601],
[0.012730496954902804,0.6738056644360089,0.9577536904058247,0.0711713770416503],
[0.8508875399589557,0.7509262333254335,0.737630123546656,0.044413122617485486],
[0.2333191432017151,0.528919847526184,0.6656224964509717,0.029563101079069252],
[0.9842387444131976,0.30503692652628067,0.9277798860713926,0.08039564176533626],
[0.17202488661101212,0.3341195646118339,0.6845803269358987,0.049211847204352004],
[0.09505376646706465,0.69899047901532,0.003136347387486471,0.08835494664236002],
[0.7201170060255363,0.7391339418438325,0.8359250790470343,0.030933980854853445],
[0.7020774059789666,0.76806061910358,0.9942288898879469,0.116031884204986],
[0.35178368175243746,0.26982525948870284,0.6461792875956187,0.030287845293844498],
[0.003419755244056799,0.04357457211030036,0.1440113256577621,0.10352766798050722],
[0.8909194768788194,0.7369433608997269,0.3127852979490927,0.07769647672985527],
[0.2925829003636975,0.7138864736299787,0.903139985248784,0.08722964877576156],
[0.7608730746766275,0.6342118548506858,0.28331619262104346,0.03344149166895203],
[0.07324402535888663,0.009345919859172769,0.33720787648839157,0.06278510618276728],
[0.35343721036890197,0.098824085810712,0.34462546154402984,0.051020227164476],
[0.9500062833472132,0.6438470305036803,0.036207698668645816,0.05238052943280092],
[0.07272165865179525,0.22728301272787144,0.39621773261557924,0.030079268609367014],
[0.2991714492586738,0.0312712386374876,0.18248379699252426,0.03001439466512599],
[0.14103651314527754,0.7189952652096845,0.9410459854303457,0.10364888451323945],
[0.6357537384175337,0.2958087597377247,0.7770603582755916,0.03045041059266672],
[0.021123394598422718,0.7484882602031233,0.8351441329211293,0.12528662666360396],
[0.32756442495192417,0.2840109370288746,0.7003077707565561,0.04906370814678889],
[0.6317448054862076,0.01004542594539204,0.8369191037124815,0.04384765887830735],
[0.9027733963020546,0.7273865508034234,0.6308704800649801,0.042336652877802035],
[0.38127036602675635,0.6416285424984405,0.9978657901417571,0.037779811174941995],
[0.9762343206546388,0.2709177875024602,0.6302649292045277,0.04722909821323306],
[0.8648254917090327,0.5384484207963615,0.6459263906052652,0.030325384828987362],
[0.20532470135170422,0.8862400406638836,0.6040148192433231,0.03442283453150475],
[0.310660640519284,0.19258010512526857,0.0014240371373319682,0.04985304304160016],
[0.799349762071104,0.6465184832774907,0.7907915616425182,0.03712103161886903],
[0.8736882113879267,0.6621547849775045,0.0038270419180573834,0.046140356844232726],
[0.6706991008164217,0.6298710581140368,0.15933468032535902,0.04089217703593199],
[0.6797825707426918,0.9713126810071174,0.8057722812881465,0.04735878938733761],
[0.9430381873970962,0.7317519418530577,0.01700399652908602,0.13454306415972486],
[0.3368348713568454,0.36513202071495854,0.26863466368385935,0.04053420001513346],
[0.360073356443276,0.3266110550792064,0.6580182363398986,0.03904162512788661],
[0.6412670821864331,0.0710184752036278,0.04410902415136042,0.037198707926942555],
[0.6219402461286917,0.7586540312317319,0.9097506207896282,0.03974478935557147],
[0.2544364902623907,0.6109521036118526,0.03490180735864179,0.048644872578372376],
[0.33710601534076845,0.019514670685856772,0.6530763934117102,0.04277323001953643],
[0.9634885276826664,0.6430856524264172,0.6405852862627909,0.04604883678654819],
[0.7281649124677034,0.10482777407157862,0.3307457831466225,0.028949691074733205],
[0.7698397227984843,0.9834537590289025,0.13397912263513057,0.15162225284027825],
[0.8950614174889234,0.6408131628643304,0.26915278613958815,0.046240055473099194],
[0.8396875378321386,0.01261791406112489,0.20527187297789318,0.03131242956434066],
[0.7575197259829491,0.35904750014257103,0.6538505036967946,0.0456823223556441],
[0.8191144009032969,0.6494173716731176,0.18008277358953217,0.035884189300176096],
[0.7675014069775985,0.9165765842244343,0.9195916665444274,0.06027686630905193],
[0.29282533753422013,0.8940777227704996,0.9459356762523246,0.08010857813594138],
[0.9793275614175997,0.6406218133352439,0.8732795666999918,0.04151962457991592],
[0.21481134888434272,0.6578982218316298,0.05428748417315066,0.060630264717001024],
[0.523178296799164,0.05888890724097928,0.4733589850839538,0.028980057378423386],
[0.7313844380129988,0.22460260296692847,0.11553615548054186,0.029192027058961005],
[0.3069493593454906,0.5218040705002566,0.0190366686161495,0.03374672531116971],
[0.31047543794736365,0.7411915084665216,0.11874052766295806,0.09255661992475939],
[0.6530696156870439,0.823618910792109,0.6898662012840128,0.042504762990917676],
[0.22425787296935862,0.5384365306863991,0.3494623365132391,0.029923834156233488],
[0.9625903468218877,0.6651671284436381,0.6873334586040367,0.058958808253664736],
[0.18584363679597093,0.7459151007622183,0.7240580237382691,0.10164949467319356],
[0.35362786027520754,0.37156389545679325,0.3878246645149771,0.03070536172910924],
[0.3349277380273348,0.0011841323939900672,0.08508444563233541,0.0758635644175985],
[0.9148603130059684,0.021525720903546208,0.040303066701912194,0.09332909443086726],
[0.019286522722905652,0.9968495321621348,0.3517804676680517,0.06804594510590126],
[0.9690699283355347,0.1458782646523903,0.9975101853383499,0.24816329798609998],
[0.02145234018310005,0.1452211692509815,0.2991230534276955,0.05813824104419469],
[0.32619219805366195,0.8261968603053493,0.8191017744534653,0.06565414459275942],
[0.0006933337822467855,0.6572056891423581,0.632127921466769,0.03768710120059111],
[0.7635479170058636,0.36050002723299446,0.23746430528012985,0.03353935248947246],
[0.3152788820238809,0.0797046995731513,0.055703604469620305,0.04657614900989008],
[0.7164035446905912,0.6259723925348992,0.27818667733713554,0.03665924018738525],
[0.6440544133991177,0.6419388129456579,0.7532639977936846,0.035547820954883076],
[0.9495289507193622,0.11780040881652232,0.2909539854419474,0.04622900314840719],
[0.37559080029696623,0.6635215852495474,0.6383063511260058,0.03070418573023602],
[0.743479052035612,0.6779810826969741,0.38371132400451247,0.03063344714266568],
[0.711598800814921,0.809829102588771,0.8432480610141613,0.06112677675107805],
[0.15949767401028925,0.3545746879345183,0.7688000270439896,0.03767525659521307],
[0.015451258495094988,0.04480899224495116,0.6244487007051838,0.03220476234060994],
[0.10276698345899604,0.6270726697760015,0.9778319592744934,0.033620085193433714],
[0.35270376863887043,0.750483606669994,0.7810115974494436,0.06990276236382192],
[0.20645826248963828,0.25744674460438466,0.01381520040406381,0.03896286009721405],
[0.7685384258223193,0.7869365386449712,0.8142432707385118,0.06582323300939646],
[0.276103169387224,0.06035560938975992,0.12039064262407351,0.03643002964611255],
[0.6721087307748213,0.16369264577378595,0.6164827498407071,0.03915060481887977],
[0.9167385938680016,0.728493937303884,0.21878879079632496,0.11272828359701292],
[0.40274598777877013,0.0855794522784904,0.8865486887954392,0.04137479444875417],
[0.6260232084419238,0.3182659313072348,0.7030429947590943,0.035451893209621756],
[0.33182162164931883,0.7205444928015843,0.030659854393299657,0.0720851611001313],
[0.3876280871252381,0.20270714359870456,0.7865098256454128,0.03258889194019034],
[0.544066786717203,0.969826193727298,0.008132633240520493,0.0376760502197608],
[0.3683744711336199,0.03337335579691858,0.0028898904933309932,0.05459375895607841],
[0.11818362463092746,0.34720588741380354,0.6647967736586682,0.04127436664874628],
[0.24597738315317774,0.3030591574719934,0.7736280114194668,0.08674814476789161],
[0.9283115695783098,0.23400671041247745,0.0029867718397056375,0.06729901209235653],
[0.3232971589925895,0.21665871814909932,0.6643542464767259,0.04748219139988979],
[0.20531984761504762,0.6465120915526145,0.6670807261682203,0.03206355730006135],
[0.250589350543715,0.06549233082478001,0.038034386290970223,0.04732571901333494],
[0.36515633963809857,0.9873135621693425,0.10495238881762359,0.043499602054885435],
[0.3308283447022716,0.6689756530286557,0.32236695316298336,0.06572092866548487],
[0.37198941261498353,0.9719016807239917,0.35565902554447093,0.029821580809346958],
[0.3433212386223954,0.22019862864689388,0.9157588483730611,0.031892836640192976],
[0.354765873852701,0.35176394243748965,0.7045941981205723,0.0383568911064728],
[0.788967089882682,0.9741222923121837,0.691985744368301,0.0377525585514406],
[0.9984049366259099,0.23317955796401346,0.3438045811688186,0.07248958989310361],
[0.979440479327157,0.4803584842437747,0.8287192912282321,0.031654113041554535],
[0.34024127276212124,0.9659949199338135,0.6265680196381493,0.03704841249085423],
[0.6081483463963525,0.8525472244433647,0.9256896604278041,0.03819400915232688],
[0.07126365909245236,0.32881517549061645,0.8007629540701184,0.067980290415589],
[0.3877034117345368,0.935741491482289,0.6370265377417588,0.03339751001791054],
[0.7142533057622636,0.36373659061167873,0.6072227731750772,0.030952107026399354],
[0.2830336149409697,0.10432359555024173,0.35745941197699427,0.03301017834523657],
[0.30714910901708126,0.010731385753256939,0.004138406706155284,0.11219968509796951],
[0.664280768969916,0.33775146163484804,0.6252046525414676,0.03489895588205658],
[0.011432028514912318,0.33260048610113624,0.3772582725733573,0.03196396146341226],
[0.8117724591980431,0.7394028495887168,0.7924619381852627,0.04378515236294173],
[0.11210750670359404,0.04593271074419858,0.9263191055744203,0.2696145550103095],
[0.9948355808655361,0.2638315818924626,0.2019932459407765,0.054176413857486054],
[0.3021519599671618,0.3436120491545974,0.3245650215756338,0.037364329515086774],
[0.005337541381578381,0.7966809566399431,0.6210895365538901,0.0410091996087719],
[0.08339500103127662,0.6681121236813417,0.31358604790813804,0.045928574968606105],
[0.09585007827154768,0.02800390189499713,0.23831162766286507,0.03858977595878283],
[0.3486430281561609,0.9704652593765553,0.7888721537341036,0.04158600552971869],
[0.3584171701105151,0.6504327514900172,0.9654078257417253,0.042320899355442206],
[0.7111611490345627,0.7988961757313015,0.7664179974132892,0.033996594786341615],
[0.7693848766624016,0.92076131978526,0.9970561496800953,0.12276366365362401],
[0.40732147692163645,0.3130087175943208,0.20112433140373998,0.029889020135566935],
[0.34866325534019826,0.46287053626564567,0.9974629001321348,0.03560448414109182],
[0.15286602228391144,0.9865496952645305,0.3432372019511909,0.06540533519205213],
[0.9716053494700657,0.9482868889179717,0.3305442769037623,0.039369190642574],
[0.3262112781887162,0.30143607791486826,0.0781425036990736,0.03845618322144168],
[0.7502336007134358,0.9578432209468665,0.810205895440137,0.06094275828685084],
[0.5939821308051282,0.3580248444880223,0.9309048163293564,0.03845853838250699],
[0.03017353608080464,0.07235391516614387,0.6669707569874676,0.051362414906305685],
[0.8679955453354967,0.3536440527302812,0.07102180904007982,0.0523351757213105],
[0.996395598736311,0.24481071031679003,0.5383857993206841,0.04318428159885613],
[0.7537697244833126,0.23283123321366683,0.21776875871401213,0.04827063677730469],
[0.976353341979493,0.3679065724161452,0.26872059112967006,0.03475434955624967],
[0.7057642833224342,0.04913691548194321,0.7727068967482317,0.10160103863404663],
[0.294059691844627,0.07220523307736537,0.35841186550149484,0.037650102420604466],
[0.7884849014283936,0.6380560521078663,0.22009814022158436,0.029465397562352592],
[0.14085463618742378,0.3005876069354372,0.6539001272058665,0.05706315422036073],
[0.9758213148925365,0.2880391124060353,0.3016029894196004,0.07122256535595123],
[0.6143764236477838,0.8178086502342845,0.8824101433613551,0.035701908244557344],
[0.35887389241174306,0.649099726635776,0.012315497184179347,0.036212829690809294],
[0.737876962064389,0.6469813142942922,0.7889933423470111,0.0354637362318136],
[0.8350369443404776,0.6155786459263497,0.8731976669729774,0.03350770199322988],
[0.41869699708991015,0.07216826560780965,0.21612970650635754,0.040854058332234065],
[0.07459575006151498,0.2689923752402237,0.3559279382081747,0.05269326026742142],
[0.36349365001766143,0.6674076060602999,0.26243927595756056,0.04435607248030137],
[0.7346379809151562,0.8697813264875555,0.6989911521545276,0.05127815586357338],
[0.06299440359017472,0.08684887098115868,0.2933137212737549,0.03607446807772564],
[0.2078448608066733,0.07014516128185533,0.08176387187829681,0.029649315851000654],
[0.8583804831563493,0.5836733448840062,0.09884264409480148,0.030365711827204357],
[0.21450596568173497,0.3349037557674627,0.1566847520271507,0.03801552429539553],
[0.35455478998111645,0.9635006817425963,0.17228377643423654,0.04234783705858176],
[0.8086786133247909,0.34326238487342775,0.6844710021560771,0.061300537020879946],
[0.9429345252951439,0.9798963449130665,0.7573306355562187,0.0350072669378809],
[0.6743292734649798,0.8038575102702381,0.3019902056381705,0.036446626289387364],
[0.5432380266090996,0.48689344751386443,0.003656008020870405,0.03175950971230883],
[0.6459147157781678,0.22146100942986868,0.7066481190903442,0.040702200808967685],
[0.31807276333996826,0.6464370324932549,0.003176680626287065,0.048820388306489264],
[0.9462888142386295,0.7561600871395774,0.6394726839730734,0.038640579156987355],
[0.9424172357504833,0.8016012410714298,0.9103269772593621,0.03303201434840609],
[0.7772034380629744,0.8406615015421977,0.8906645232876381,0.07746152981599086],
[0.6327329996921641,0.025000038771864075,0.6413887909680526,0.03181706643913922],
[0.6703819018120013,0.6665664340192965,0.8074705773602743,0.04905587371366502],
[0.7500133334282069,0.3689418326426629,0.9479934924885529,0.03551001829792511],
[0.7576917616006634,0.23753946327106423,0.6586082440853676,0.030159547904893905],
[0.6828536300551975,0.6473702874667429,0.0506503839286262,0.04356698823651058],
[0.004955282557041696,0.3519884143439478,0.13074222465513907,0.038887046490962356],
[0.7819038494298656,0.1976077033059973,0.6674155709287946,0.05036876841915041],
[0.1573981436468771,0.36478911235230316,0.02481067694691652,0.04242958295640429],
[0.800397795665385,0.327042748269049,0.002501254690336241,0.04380057219699538],
[0.3012854463572838,0.994112503258239,0.6996070405620589,0.06526086406838918],
[0.3372270062805467,0.17582416880700769,0.7110618928540494,0.055520841574437825],
[0.023764405424863577,0.3010247474872796,0.12894823584769177,0.03778764019652884],
[0.6577310094072386,0.9853346717278405,0.7456903252927626,0.07065616277634701],
[0.9690805177066365,0.18422794771041529,0.023373405479571785,0.09283512549732162],
[0.26538445655281495,0.6552531059308758,0.7531355503989171,0.04448397543552044],
[0.9845710662307025,0.16775388578217554,0.2544833680269938,0.03921013863762223],
[0.22660724206860283,0.9745581701368937,0.36963109376449566,0.036208644047406556],
[0.4017621344014721,0.02353120683789034,0.9102023871222736,0.030168953600570904],
[0.9131169210909157,0.31395734374735196,0.6762579406209944,0.06513211592382873],
[0.7964735299260002,0.6545405851214542,0.3111620561140471,0.03867893433817018],
[0.9960373419688193,0.4139726224881377,0.4974526610832428,0.03509240294080188],
[0.8384117551792228,0.6776952023602126,0.48591390314022564,0.029946652168989653],
[0.7097217328826142,0.9836421314908604,0.6589263467345381,0.041118408160270355],
[0.3913971252964026,0.783538435370767,0.6418877808075989,0.0324572781553613],
[0.8243668353389082,0.7697721513823781,0.6848913259375722,0.030488942823595808],
[0.75242857656725,0.3773300251572079,0.9025895777515294,0.030277263313945237],
[0.6429242373393779,0.4064523177125884,0.15743082060030011,0.034922960109499905],
[0.5124905531370022,0.5039616848237785,0.27822200721406554,0.02981683088330713],
[0.040416281036342316,0.10840241495312286,0.24158745801088943,0.05903651384730723],
[0.6617375322111007,0.9517028751223248,0.6617684890428338,0.029176174929873053],
[0.2113973288189006,0.7873879452047696,0.9967566629164593,0.1745750450477478],
[0.7175078147225632,0.824394100693844,0.35717045026576233,0.03899466253043577],
[0.6224315296267194,0.8038936341739878,0.3164272379158145,0.035123216953640145],
[0.7381666355855382,0.9565079865873828,0.37354214088173787,0.02946197189893044],
[0.09895339591055352,0.28382833088271087,0.27338447791087084,0.030658117772616754],
[0.6867194993446408,0.01918062111360086,0.055790656353176815,0.046444202914090994],
[0.8392432010547646,0.6923090599559336,0.5169348116000573,0.031871679715182274],
[0.6762438540907232,0.9930471780673397,0.34953487540810435,0.04373963132806836],
[0.8236729657018531,0.8821622556636298,0.2701091175190252,0.055355571646781475],
[0.7043044516642276,0.6529907061948063,0.31725535603267696,0.04151719030153738],
[0.071122981227983,0.9602391625315235,0.6571045648291371,0.04576823944732538],
[0.8932164899604771,0.6836303573461443,0.6035459900059779,0.04120168653135197],
[0.6217077290723503,0.6983722107810075,0.13245458176527503,0.034909937978594534],
[0.3696011189799564,0.05876696321451669,0.2065416198163984,0.04380985710007539],
[0.6336025568188562,0.34154628999682135,0.31923325269116376,0.03491220633510026],
[0.38205537716118476,0.9343815313367005,0.20110091781494066,0.03529302069539456],
[0.8037479813921835,0.7580774317288086,0.3912697326692256,0.031721926087812935],
[0.75476082783049,0.9990203113155519,0.40110636326522253,0.041432919924614224],
[0.8870290583429821,0.08355555955593397,0.260820298978064,0.03731789148297337],
[0.80232267663206,0.24203968728579395,0.16915611010514642,0.0355818668753995],
[0.17114483577053252,0.00790157679505299,0.25463169663514307,0.047552530652725265],
[0.6622177335094499,0.9928501782103056,0.02305958128959229,0.08461435915938897],
[0.016773313580456417,0.6500869909907921,0.34137305364579806,0.03228467929534151],
[0.31660381546365945,0.9706700212301018,0.40599900378232245,0.029428604746955418],
[0.36946802573460524,0.286806092649352,0.13516925350842135,0.02883365197560487],
[0.7321621215695187,0.9911469472914959,0.7316889804142508,0.1031665542626474],
[0.9925437613589262,0.6464589133306836,0.7588646087491933,0.04084967748522985],
[0.38479889296360925,0.08342582775391605,0.689633252470051,0.035849999042518794],
[0.8934641537579471,0.7065986389097508,0.6728219931335339,0.07319370906484315],
[0.45462373195826233,0.40154235101204516,0.43098925186421355,0.029718046479111457],
[0.36972345032942777,0.27845073890068406,0.8022347197574655,0.029842353255408058],
[0.913503351750359,0.7859651819639825,0.7594450603850086,0.030514223794099474],
[0.38792792761089734,0.3894429857320397,0.9700430972967972,0.033914317511692056],
[0.13399286937894683,0.609403373260394,0.025917263480962682,0.03410871218607355],
[0.003442197439736727,0.7569373017412716,0.9955750621019736,0.15604688462238844],
[0.6543365421107524,0.06548913122881339,0.007909634650726027,0.04364862811890379],
[0.11238438563777498,0.6749446197109371,0.6055011297764133,0.03468108939813531],
[0.23975184766211377,0.2742200989649982,0.39254303399719626,0.03991511425683585],
[0.9459170316243903,0.7006299706834473,0.7521074447813372,0.08293540162497262],
[0.31931681063729944,0.9766281671377843,0.8611547698568266,0.044775993067997365],
[0.9571202811232014,0.280230592795762,0.10954505972367923,0.03702535811933722],
[0.32558178270274973,0.7936565899292699,0.6770488083007763,0.05184804571846612],
[0.7137746382259814,0.9858873550855592,0.2944130676027146,0.08931238234451983],
[0.9896389853655349,0.32505386192209507,0.1308088586745927,0.06303468688532324],
[0.243296001305638,0.3405367397464387,0.328702405957505,0.03941792035988092],
[0.5105089601206055,0.7583328673857052,0.41431512625733413,0.031699765081449914],
[0.37112108637011343,0.14959894515856287,0.8974501614162924,0.03230990207865084],
[0.5903467115265978,0.21212826676533525,0.1900765140303533,0.02971215742603589],
[0.347301704939613,0.2698388193672898,0.023454360996744028,0.05805594343485645],
[0.20461306862571527,0.625078815795626,0.2000531041836603,0.055254073892162796],
[0.3778645550694003,0.8614616966012107,0.9073670712451105,0.03116505725295466],
[0.7653048641014104,0.0033844709930450634,0.30489349802489607,0.03855019089291032],
[0.2810108000353879,0.6152019589783183,0.2258726351663053,0.03483082810519759],
[0.8783320687041138,0.345552924788199,0.848665535709607,0.057425570960754076],
[0.6918537223263743,0.0008637421010699864,0.1003054033202897,0.06687000074295085],
[0.7644004957956168,0.8654499055793844,0.7492800035484483,0.056537297325158865],
[0.4057455485053403,0.32313665313004314,0.8206976512227334,0.033310825963378775],
[0.6244306250048511,0.09369447823026478,0.6639728102888086,0.043823235460119216],
[0.6615775025953565,0.19027661749173186,0.9973780141764987,0.0656619837372997],
[0.9594638591865325,0.6363077433418172,0.2724453342893606,0.03649195801610381],
[0.36573063651931803,0.8465014592705983,0.7669426714888242,0.05226318611279048],
[0.1385533044807763,0.2640549925794319,0.017179925335816915,0.037999074383161004],
[0.27054420623734843,0.3307611438148933,0.0024833266908146356,0.05669217246696898],
[0.20650291982661173,0.010074233547501588,0.28879141444663103,0.03267311387678171],
[0.2649032606644487,0.22196656655088476,0.6978187996172267,0.0768015119932545],
[0.6390013376882772,0.6758218954916273,0.9498711971636677,0.048314236776329865],
[0.8603149809616814,0.8759823429115215,0.006078471782730799,0.24643109425396126],
[0.8301722601266985,0.6938509646662533,0.29042001866674194,0.08387417883168582],
[0.360295315032393,0.7211228878188174,0.717165506474299,0.05390992742146184],
[0.027486790711739872,0.21447382107421098,0.35490498523107594,0.04973714572827007],
[0.9844149282904745,0.3157607559654808,0.3707757603251418,0.06131502403539054],
[0.6429590227443249,0.6488924846695503,0.12058970802947522,0.03516629225893695],
[0.9743220898014884,0.766888667070173,0.9546695427740473,0.08364098313290572],
[0.772506762467034,0.8615445280871601,0.35838905054472003,0.03331936797865139],
[0.9909892349180572,0.3579100586927657,0.6122373584649645,0.03589820042541516],
[0.13061311739368653,0.6585276590009177,0.6532561389421407,0.03961036708730894],
[0.8100203949063074,0.6413749734206537,0.7454471374946039,0.03538524790214465],
[0.3650494450564995,0.7178248639180344,0.25124757240118367,0.036930082530001095],
[0.9234411611283144,0.1719373013907285,0.36138708120104857,0.049109815505415814],
[0.3700962017467123,0.7696473356699266,0.2664828391731985,0.041095417704197536],
[0.6346464700182587,0.9279644780202124,0.9838296938252248,0.03320222787654047],
[0.6504572248020348,0.17034466209526133,0.6491568844130816,0.04358927210444521],
[0.407483111143113,0.9901333334984422,0.3005029666632659,0.04386605260390838],
[0.3296112862963284,0.3524736845052311,0.6411808210294495,0.04820693236541145],
[0.6307791433127731,0.7567182572067183,0.21129543467733547,0.03996357806759026],
[0.8260331120748331,0.21768400581609337,0.18286144884910427,0.043780071517818105],
[0.3738092852768726,0.43014343778862085,0.984224348277408,0.02973617756304192],
[0.23230968415097342,0.9660130160269368,0.3246575666841841,0.03731108563088372],
[0.6564896651040945,0.8423367046652208,0.8634779095590475,0.04674895937494498],
[0.7228739063692481,0.11471293352215661,0.6402844812511762,0.03316964504981664],
[0.0676175722300183,0.34254824787045124,0.2417448161498288,0.040366650743844025],
[0.6803168224780805,0.35475151313766107,0.7621822884441266,0.06334001592863586],
[0.6515346448030765,0.38908569771417234,0.9174250301124512,0.0329519783954522],
[0.8178527514272852,0.25320432733129095,0.006536052916901736,0.029658770645220316],
[0.6990771667303547,0.061388198733394184,0.6502811324723456,0.030850416720917172],
[0.334657432798917,0.021983425853701388,0.3637840041598247,0.03757303478802627],
[0.3498931811480771,0.42872283258941224,0.09009694736577045,0.03283967308754983],
[0.08568534025584129,0.11903110938689854,0.12321657083472348,0.043748658775046405],
[0.38228615667173027,0.9784566782406765,0.2013141952208669,0.05083635134806259],
[0.817590607760703,0.38398210454458215,0.7372390847669134,0.031246350650892554],
[0.3419061335798316,0.9651636502913561,0.364581025236146,0.03257173588469854],
[0.24226670863344124,0.3656706749507458,0.3678542722760142,0.03217379855505346],
[0.6750154045006291,0.8416356410224021,0.3416140999774465,0.03342523466271334],
[0.0006990521130290084,0.3195566526196314,0.7184283929281716,0.08962843828436992],
[0.8123031664785271,0.6581082828884876,0.8349563081500444,0.07382001047697323],
[0.6484158444496735,0.9737579913174885,0.9665389244073561,0.037282648877548695],
[0.18689211934114958,0.3280678547043021,0.34710056211088125,0.03950328683215228],
[0.3473224223396505,0.17662300095001482,0.3023787148106514,0.03202700986826565],
[0.21019390216141332,0.3907618360666344,0.201903354701077,0.029396508212364857],
[0.7728105035939935,0.09829358425770574,0.35903438333397997,0.02965013074047048],
[0.7297086037694751,0.3311927098053501,0.011333703948625429,0.03348852516718761],
[0.7988296833959251,0.6671619691999796,0.20380066009893405,0.05091758805598951],
[0.6534558311188188,0.6954886237349708,0.1895777470415838,0.05399502275049101],
[0.9972458037554862,0.8514285515957623,0.6908878756923957,0.030491014126032653],
[0.5639176118735765,0.367750744179538,0.9869485981475538,0.03283684552464734],
[0.3848496933787907,0.053935243553901224,0.5034761534913093,0.029213288889591918],
[0.3174485910707774,0.62237277671554,0.7880566030776256,0.030570373900766355],
[0.8634395155841899,0.19000555885144432,0.14818187689942397,0.039351157911208516],
[0.07227116471925465,0.3714128982544569,0.18103332590612264,0.03209066613405614],
[0.9860047528957523,0.1179467058855811,0.09289241288518302,0.10110530111866003],
[0.6665720211329109,0.3546494601612973,0.1283762418022092,0.03259553839692166],
[0.8635455277302565,0.357770741980141,0.7820610431979995,0.057506257884940286],
[0.36269366098903355,0.7826812230375433,0.7181551817603965,0.06513192951597482],
[0.987130902308009,0.8365047476993261,0.27908535749681196,0.05549494433062651],
[0.9661259193464686,0.10691436593945436,0.33534375854442333,0.07359963615940565],
[0.21111613580347588,0.008924730697110084,0.1752531436092719,0.049552214805967866],
[0.7604289510372397,0.855226310008158,0.8150185123564924,0.06524593763636832],
[0.9420862576060538,0.04595627002444591,0.6521816500894182,0.03865202689503117],
[0.8007852830140916,0.03790938669807142,0.04989136062072186,0.02928491755853844],
[0.6719131309483284,0.652503033559047,0.9997040731453357,0.054815855034247414],
[0.6507421536574136,0.6939586321122827,0.02500933237619407,0.039734891253346276],
[0.21540398411403527,0.8062777699048348,0.6302386362742299,0.03537109418601745],
[0.8284237099595747,0.03559500226116563,0.006836389264050613,0.06100104353227607],
[0.3001017084001043,0.3655183612951738,0.8386044432133446,0.03963517490594889],
[0.9253988762588145,0.36810381665084935,0.30701338277777035,0.03584337538495375],
[0.17996492503587502,0.5860105287105702,0.9903232097934915,0.03207759380826818],
[0.8279136632871924,0.6930906716466224,0.577853167606276,0.031151916464722644],
[0.08719682117003058,0.36673757272123086,0.7128600621782556,0.033007787342726046],
[0.9742159992481116,0.6180103896434614,0.22992191347204316,0.031740625716557794],
[0.6473587239031728,0.6413777401935284,0.509228326401435,0.030923969663758814],
[0.8153293739780358,0.7825461733263105,0.7387072311915838,0.029205858148494038],
[0.8311010732094908,0.9786531643095056,0.8414425006740789,0.031635748555009134],
[0.6493792191198821,0.17133831861486526,0.7079717405359169,0.034086379181850486],
[0.2830801379006339,0.8553663761610046,0.7527401008083495,0.056368314909140564],
[0.17811328199251952,0.36000833572329227,0.2391546664922204,0.02968039716596453],
[0.3439237528471313,0.12810375472237667,0.04377564065063677,0.057147263921996656],
[0.3222284006746744,0.9946853681217324,0.21734414070922603,0.055303393695658044],
[0.6832496829353057,0.3679927109345058,0.5862424029568758,0.03205667123641257],
[0.2294780876424466,0.39330574819455977,0.8670149818570286,0.03369431146168335],
[0.878140982708556,0.6425476032406673,0.7735943769314245,0.04864817677500317],
[0.35378891939360213,0.9537029729168433,0.3067078629771073,0.03622474122737145],
[0.7409682969230923,0.8650424578970893,0.2716951133620201,0.05184545659967126],
[0.9539103419940901,0.2675137408320454,0.39776729033340485,0.02886539725926933],
[0.6620180391269613,0.8493628516762437,0.7967786410674734,0.03784096202936366],
[0.9902076643703285,0.2682852940042403,0.056858502569408165,0.09660463297855243],
[0.6784848923856192,0.6350934783969531,0.8753067114328806,0.03606716234125481],
[0.35073520182303686,0.2832184143072076,0.17146131849953994,0.03370263006778571],
[0.5927939012085784,0.8188188982243585,0.9887916049506131,0.03907001065856341],
[0.6285574045832546,0.9243522554437421,0.320964525726382,0.03389824730267565],
[0.6556944705931039,0.2459813996556145,0.019234540671246747,0.03680914678527266],
[0.41406225892892434,0.8215186359967186,0.20685045508630584,0.03917354406389093],
[0.1355043324626013,0.00036175808055605163,0.1492299123920795,0.06567271419991955],
[0.06394413514889863,0.3434154791352474,0.16247333974129252,0.03254544221050517],
[0.5927678228199773,0.9051357467743016,0.2844181773081661,0.03646828219351544],
[0.8690870518826571,0.618682158158371,0.0934156987508844,0.042967526923165904],
[0.022021906012437475,0.23037397098208867,0.23285986951210846,0.03527226559402253],
[0.1329033304082029,0.7701941343909059,0.6134690358510646,0.03794156580146652],
[0.6614111214274325,0.9664579663473655,0.8743410919719279,0.02891191742679137],
[0.022716150421635106,0.3223598940315845,0.2805466011593446,0.060536454141470984],
[0.6510883204289725,0.18620457588713168,0.7824503893812101,0.04336539863576131],
[0.3630933369749392,0.38649035540946264,0.08244444997163891,0.03434049245461857],
[0.19135297149966812,0.011318982052426874,0.3338706347436661,0.04895959365165479],
[0.6795071161730656,0.14969927584870346,0.7698605014910462,0.05576309404665906],
[0.8891538092655804,0.6717061987377179,0.8202802086223151,0.06461042282403334],
[0.9770609102611438,0.2153216210990362,0.6124502687277844,0.0457764980025372],
[0.6970234055793219,0.6926374270752728,0.898594647505654,0.09243870504671697],
[0.6596653943660783,0.24348022413283432,0.9502630539064789,0.05534244404499152],
[0.42303295067527846,0.5609510165240863,0.006175982484714071,0.03149525882279877],
[0.08734118311948724,0.3254633901673406,0.38930551026389815,0.03378225619818507],
[0.3604918716349712,0.2170329074739129,0.0547771252902558,0.03759303444691902],
[0.23644492567664022,0.054659714134456916,0.34917654569288725,0.03825751154162411],
[0.23482372390370565,0.8567951264287313,0.2369154213993696,0.06809959043303138],
[0.3181489482919365,0.0697159589132117,0.12698137372313356,0.02948900702841739],
[0.8613132058173861,0.11307174684768073,0.04085959322574606,0.03852081479011089],
[0.2205433662105557,0.26874156980067154,0.6512182137423691,0.053892139742919544],
[0.009328721953104968,0.38020095096990614,0.013948231423016266,0.03400029492225363],
[0.41397402248947135,0.5894829406538136,0.9948903082096012,0.031190255006593413],
[0.606754602999726,0.4403705352302417,0.9221495636954302,0.0331868969913453],
[0.25961670462636943,0.9864356978438871,0.3885448314078309,0.03784682875608699],
[0.9159330168954253,0.34387864464456974,0.13368165915765462,0.04139938425453404],
[0.23846268360936707,0.5797839210457671,0.21151083192934328,0.0315480606918001],
[0.9853591279383558,0.6888963457709725,0.8926805397922352,0.09268731997692559],
[0.9750874071089662,0.6970477779180329,0.31220720245113764,0.0673581900648435],
[0.48049489052800953,0.6940735123295984,0.016021719949458335,0.02904765177985289],
[0.04435129834363172,0.3862159751913383,0.21834019690405315,0.029250456477695613],
[0.753963963080784,0.02042507495435164,0.25602249939236665,0.029473588179434712],
[0.9167388857210946,0.8735902772758367,0.9902430091150324,0.09202120389617541],
[0.6912987661987179,0.396938297517347,0.3986408336888537,0.03053213933773876],
[0.31647883585003045,0.34395329377263495,0.07884083498432426,0.049889012223435454],
[0.3135699964130132,0.6444003806906048,0.9653001946867719,0.035456476917017275],
[0.6561344393218511,0.11570104097205325,0.8892093030993146,0.03925789895030248],
[0.19493208181996768,0.49167231212845564,0.18854315698678537,0.03309620211259416],
[0.7715757796453658,0.016424312142401587,0.6738161296102946,0.06624668798499783],
[0.6151118760738301,0.661831141465874,0.860346357614825,0.03448015291814465],
[0.770392252326331,0.3464772320069587,0.7395971323478333,0.034853193978634685],
[0.09000411986601331,0.34419132967441035,0.00035918525485145736,0.05156242176358144],
[0.40791669479691617,0.10214247550527145,0.24738510030875982,0.0351230761752841],
[0.6093192966224273,0.148661705187766,0.9162176004309259,0.029278844419238358],
[0.36007339690141393,0.8451024664391737,0.0024910955294014103,0.035731602143291234],
[0.37655135185707167,0.29631229644473556,0.7376038963672525,0.03943073976189638],
[0.6264756081011588,0.6477408712250394,0.07700314925511931,0.0314245016812339],
[0.24513569692286818,0.6734654666625209,0.5525571581227637,0.034008770132954634],
[0.13875226679714237,0.43375033497435944,0.7250775265830042,0.036754745357437495],
[0.2556969208300227,0.5517710604562238,0.6597861012208717,0.030841395410480386],
[0.9778638293175927,0.3285080640115907,0.22607009609815876,0.06840703306412713],
[0.2624503390643027,0.705827341076567,0.786590031340739,0.10111581584741178],
[0.7666387157276119,0.06619684020956096,0.009202536458327915,0.03995286045731699],
[0.31736478854906036,0.1499677214076779,0.6540932065458301,0.03005392464729264],
[0.19570261001358735,0.5801019818568864,0.3959033126656727,0.03275279153008227],
[0.7394805271343659,0.32257332906786307,0.7251346495983466,0.061819788838947294],
[0.6379104314298875,0.007856217109044827,0.3395887933356988,0.03845624257525316],
[0.1259876463718751,0.019448928489606665,0.2777853988262867,0.04698902015124414],
[0.7917293874107114,0.10311457070465924,0.640848650948382,0.032868124632475015],
[0.36530676003586804,0.17959325128503023,0.9263146784299099,0.03509306524063626],
[0.5997537844740911,0.9870344921056206,0.5935357105416714,0.04229184625126676],
[0.1892210403927792,0.5958946825045389,0.003484278674289687,0.04031159373120937],
[0.3243182436782578,0.34892989540965325,0.1520640124272844,0.05269482041065244],
[0.7027050905480478,0.002719186145648922,0.6445846025517715,0.029600698468214975],
[0.28559218428013766,0.9534688308562675,0.75636779964577,0.04547861132369401],
[0.07855978700587773,0.3238513951311579,0.08848075435037905,0.03135833466029329],
[0.21808366392997025,0.15722444290042048,0.0010250312979173115,0.03972508635651597],
[0.18944277975516022,0.8029892363222517,0.30274626293280416,0.04210882993300818],
[0.47140704456683824,0.4288247187931967,0.40107874640493646,0.03265407996391774],
[0.14742219858969452,0.6573136805805812,0.3676300508286461,0.039971229029126594],
[0.3746736935873285,0.30506293351147984,0.9526914250179893,0.0369235738535229],
[0.3478809198492715,0.6339491620155439,0.11775891793503646,0.032346718871072495],
[0.4020515211137422,0.028618799977806697,0.9404105818226566,0.03234548833438155],
[0.3970400438290129,0.028767389829852386,0.9729107572431674,0.036299574016510815],
[0.34963988298242166,0.06264394603484036,0.6757584960727163,0.052167678063114516],
[0.7002000511678541,0.09281906154225583,0.008170014668034686,0.0342115736651842],
[0.7654587650362744,0.32965053793806254,0.39836999762888836,0.031543926897034856],
[0.7782087151635374,0.24468649419090382,0.7055228805099875,0.07912196171529468],
[0.3870400526892084,0.8775048166333396,0.03579928690513523,0.03159343562964633],
[0.6318487006577568,0.35592754622037737,0.6557599610270844,0.034296174572611256],
[0.5998701522781504,0.779472181097284,0.7887151844652014,0.030086342951508645],
[0.216160699385468,0.2969973343803036,0.03915152119934007,0.05355234858748511],
[0.006493650184730471,0.6601104891134517,0.5126982548710619,0.03772150195189657],
[0.26544212707478576,0.9952628861143396,0.26009174598251683,0.060063838074594346],
[0.18726072855083764,0.2568091793021591,0.7025906005247661,0.09204100824735878],
[0.38058015695726766,0.3034326187360422,0.8866096807797209,0.030045080731474848],
[0.20872066088464114,0.0231254558387336,0.08918403388395435,0.05535551474181457],
[0.6205987301791809,0.5686057109574859,0.6856502293304535,0.030990752923577183],
[0.7606624286937811,0.02212398933858084,0.07049360331552934,0.03561733549678319],
[0.6025584510705512,0.963293092166115,0.8341255645382594,0.03942522013677408],
[0.37633498802379295,0.5266405771256567,0.019577187365937387,0.029307551712666892],
[0.18973874055020135,0.6168609006488489,0.36115381564405546,0.039905871521387686],
[0.9500688643739434,0.368342256005445,0.07881683189123023,0.03437709954443275],
[0.09054877789840843,0.14432354859036023,0.013885141963501657,0.04351957312255841],
[0.717923317549413,0.08687940873736044,0.36209750240062966,0.0328292146261169],
[0.17950466977129376,0.6546710362790304,0.6428339183322556,0.03860653590548604],
[0.3424425491220804,0.2544193457728847,0.36096829719297574,0.03704362008939422],
[0.7705193376608929,0.3735784963365717,0.07786103596084404,0.03258396861091642],
[0.8497881022313319,0.005138079548400287,0.171914300718223,0.03546199175147457],
[0.9311240315286833,0.21943178549018993,0.2900305218177053,0.03194117736225254],
[0.22540508621601318,0.6848977987853551,0.6497906278787267,0.0590998658804227],
[0.08731604603748944,0.3888651733894357,0.22327136420787674,0.044421314026735624],
[0.0014933441636469924,0.4090159261923221,0.9356137425566803,0.03154218063783047],
[0.43149818729415523,0.0023416166328529275,0.2802857687316783,0.03463610549298055],
[0.6505845219506506,0.09996440387527938,0.8419760784123654,0.03234643431624584],
[0.9925172969660432,0.32217522570719304,0.7545348581817611,0.06528547811127278],
[0.12590450351913463,0.3594499270185626,0.7300914451076254,0.055451198526932054],
[0.6534617348444673,0.8753794957184652,0.9827634036331334,0.0770398654011405],
[0.7413335224138423,0.16797406060068465,0.20864024840231998,0.053841329518699195],
[0.9661423429459041,0.9439831101750964,0.7510153633366384,0.028969407488079454],
[0.1692446033084456,0.548344917634674,0.17692586268652888,0.029202672360532485],
[0.6061094771857679,0.8219877054875377,0.7367746756046446,0.0313855038318028],
[0.005427174632594345,0.5366406854018687,0.894692179660894,0.035694215371468725],
[0.8677631569010568,0.016283506386960078,0.6787215429543484,0.07621689141204521],
[0.27342093199477924,0.6336928857244564,0.26459408106802784,0.04353202327169068],
[0.2913731799145305,0.35504775649458675,0.25095650832973526,0.035867773629186674],
[0.13213458164114555,0.05965038225627417,0.3398045834944634,0.030773690840325024],
[0.4996590729484216,0.05533613406528681,0.4928444325940249,0.0343654141600595],
[0.3216016368988661,0.8037583938461083,0.36772778966289377,0.03919701758950269],
[0.6094004161444135,0.00031953307821763755,0.9755481985825892,0.033509521381325826],
[0.9944408397979718,0.16587345471480397,0.4518800221875041,0.03784834190593859],
[0.9901072793756595,0.9850774448068885,0.408234678724564,0.03219747692360553],
[0.28141174867093066,0.6203670426046783,0.18916268432355454,0.03037791494402608],
[0.47348587387258034,0.5359537684817222,0.25931371686801585,0.03312227086214143],
[0.598128557684452,0.9522896384017097,0.6271060760718989,0.03152515809603033],
[0.6618384040243909,0.3498023504394766,0.8930674586368903,0.05272187933241699],
[0.18445854656868743,0.17713899433796487,0.010665057745241957,0.03623264060035785],
[0.7026940498950532,0.1099786277643966,0.6828859019990668,0.07511170777709966],
[0.9857307949607111,0.3313259260720547,0.5814550163373038,0.03771945455476509],
[0.4124781402871509,0.06586893069940103,0.8210411702684111,0.03387499082202652],
[0.04248020435797151,0.011506892819438841,0.6173016003168665,0.06742439022988206],
[0.8642222746722514,0.02938121312116626,0.3689030362573086,0.05084567978082081],
[0.37764089656225786,0.6860780437470667,0.8254486690337718,0.0329013509579377],
[0.2532948297209393,0.35550803755706506,0.051133224040634695,0.0344319282157109],
[0.4841175005449406,0.7715626838193543,0.4002367879856058,0.03003976441384003],
[0.3874039495146976,0.23148258921270415,0.7151080354758321,0.031691728062827475],
[0.9832062750160754,0.787357209263043,0.8511612777684195,0.028898309350293618],
[0.7412687037133815,0.6134736923620209,0.2497560802972032,0.039028164724373086],
[0.7121917658370056,0.21543468665531396,0.17477996021849163,0.053552657037355574],
[0.37611939575690956,0.9073655343142465,0.02493388365955662,0.02931736461826616],
[0.7684344397613317,0.0023079607487636045,0.47437520707987624,0.028988668435513176],
[0.2521893296693646,0.19227386665054713,0.38068812803351015,0.032111939600118544],
[0.6554209234341386,0.6789449361431822,0.2884901534676678,0.04414441628179106],
[0.02235109447235395,0.0741196702373893,0.3052018299706024,0.06725151865652132],
[0.9085818628776099,0.6277294744792205,0.996593543245206,0.04433505390267257],
[0.8530216533378455,0.7866522584157235,0.7685792633801879,0.03342472155841096],
[0.5742179642297687,0.018789933802283665,0.4024799037990513,0.03402357556708873],
[0.9056432054535601,0.34918053525079107,0.24966688695678474,0.040886221465155186],
[0.12253860167585895,0.3477632674079981,0.07062064151351777,0.03545589367854302],
[0.4778898729114631,0.41607764964614524,0.9942974887967262,0.02966422933542321],
[0.5242313960870273,0.22637381529269696,0.8961470329753333,0.03002042481460082],
[0.7406276768628172,0.971200622460881,0.627107509316596,0.03032903449394242],
[0.3534648146091104,0.3230793813691719,0.8189399979839144,0.06133039307326959],
[0.3277547233541247,0.9924302958075407,0.3029443158271712,0.06444388471622467],
[0.34465512691882694,0.961732154787786,0.9014284499476936,0.03844387166232575],
[0.8858941348435762,0.8087740895918856,0.3858058313909989,0.032592599434222186],
[0.7211389204061308,0.9760659793128971,0.891332964808516,0.04873929686805479],
[0.20453069628413534,0.3547333418549322,0.25933256690478745,0.02950858825934468],
[0.528759494715112,0.7449458851666563,0.45059810666807243,0.03499506093998329],
[0.9112863994826255,0.9980476401232257,0.8183062489507715,0.031465259340790114],
[0.3691089136203306,0.11416950985805085,0.8727950532484794,0.055208823077336926],
[0.41103889977622676,0.030873511847588908,0.7668899596183972,0.03281283585773901],
[0.8474293101249208,0.00742177550950418,0.7767068860830809,0.1625101122822699],
[0.9952459564063593,0.9548146437020192,0.9055525444768061,0.03453762948239702],
[0.8841311524819012,0.649269086338515,0.35208913492132254,0.03231477792104268],
[0.6611834134199852,0.6780553741754695,0.4868696440602249,0.031362156120824616],
[0.6186706699366525,0.9739562016585698,0.8785070141125149,0.037028781118135755],
[0.9808295760239301,0.36177587874521766,0.6769014198211427,0.04933178698415613],
[0.644262285863535,0.16403628977995832,0.9213043908550153,0.04955489637220969],
[0.11077314328961407,0.7202326474225819,0.3406589305615553,0.04741561234279646],
[0.36623377094550036,0.8803618231306061,0.20341761706677208,0.03758869002431498],
[0.31815282856931604,0.17830196709898016,0.2525958480642422,0.02954948736746424],
[0.8972060704465658,0.6096622824852193,0.1316382399820959,0.03122896130411766],
[0.05232279639083037,0.1750098448693116,0.09883785245551624,0.04384178445959038],
[0.9514806007708139,0.3024998574415868,0.422504395293377,0.0326567612247865],
[0.25656788173860134,0.15797325716803468,0.3619262821827216,0.03968304524137659],
[0.12127163823798959,0.3625379355463979,0.24197345374153645,0.039288121259859664],
[0.06439445905500363,0.2795092103229633,0.6194979002088636,0.030182140319403264],
[0.08163040006165367,0.0453464619526055,0.27822376685493755,0.056129547595541666],
[0.34846141243395123,0.2050818896630282,0.23552920584454762,0.029744622140356357],
[0.00704336479757961,0.7053576606049577,0.33959318665631455,0.05354230305542878],
[0.26588356975089544,0.7982995188310558,0.6462871073971735,0.03437383232356619],
[0.5370699823607106,0.2574169403284686,0.5284064178606585,0.032649002845348475],
[0.9094151083465898,0.3825730553667609,0.9169922562298687,0.034717244004262356],
[0.9673869301253522,0.3194146282053495,0.6263442554318562,0.04176336546405263],
[0.03386081013211473,0.32554407924217754,0.18046224820537915,0.029352684432091658],
[0.838054847822689,0.6615195168544624,0.732529963684109,0.05095550281257941],
[0.26118615013524826,0.644007999951752,0.1449829000781293,0.042062899525540536],
[0.35775827038566355,0.18757091304997098,0.8402476829824657,0.06061333199246797],
[0.0190242440052536,0.37142644925587454,0.2381519582668561,0.04433996640391836],
[0.3511701898824965,0.04233984213245767,0.4666525583503741,0.02916985982905876],
[0.920742004745488,0.6307928190974845,0.9354370494830431,0.036668048533245505],
[0.39543998945699643,0.7233844921611013,0.1676633161752108,0.029773651431818614],
[0.2644391712967644,0.03347921044770308,0.16482626619438123,0.03970103608908284],
[0.3515910387357478,0.8401624741671648,0.8899565609018486,0.04609368576952034],
[0.22782328851385447,0.6075004553207114,0.3189930709624388,0.04501154925136428],
[0.38723553254519716,0.7535019900816762,0.9590882491000953,0.030507681589048957],
[0.8480618452827978,0.35714718299073356,0.38608951142132264,0.03553479671011841],
[0.010797882753704302,0.59637283154837,0.9876511443504571,0.03423868790269446],
[0.3099413608040045,0.9111198877543563,0.3158742032736105,0.03772405570566497],
[0.8016087031158171,0.29976418521137027,0.3930965372734925,0.03294597877419212],
[0.0014995586652116755,0.684251846194501,0.595812538880533,0.03152330418497829],
[0.9775545890222135,0.336126058494843,0.4545858504308129,0.03284156370585508],
[0.796119206384839,0.5439245435348498,0.7629294591082515,0.03117391928026962],
[0.17194696637190476,0.9104845252842987,0.6254931329364515,0.035355041391363064],
[0.3909336236607206,0.06164607419434154,0.9986267846259188,0.028864074947929398],
[0.977699485649708,0.10693767209241067,0.6239818234431612,0.036666347791436384],
[0.6708405028543066,0.8150408223309489,0.7492564749222975,0.04333104258851183],
[0.6968720876211347,0.2320385034545034,0.22390387644659981,0.030275731127180676],
[0.35547272798413443,0.3296359138293282,0.028218559223458395,0.043712213558260236],
[0.3380093229122101,0.20280799300117625,0.9879078324424594,0.05114297139454178],
[0.05327567827390234,0.3419780625227149,0.3386894130231217,0.04473817651025721],
[0.9071504535864526,0.18542544335681233,0.15162936501287483,0.03761018140148676],
[0.7715234380237492,0.8074186530843687,0.7515172773320283,0.03159763506212685],
[0.006571967074514129,0.6316643635802528,0.6641734269937248,0.04242949304648667],
[0.6355381773988298,0.7283749980645803,0.8131497077562317,0.03133908658505467],
[0.3451392851113191,0.8034955793987656,0.31015781395885333,0.03313879341311895],
[0.6766203277289355,0.4581502924202111,0.006033331712061218,0.02893185318003213],
[0.8755231354912487,0.5956857446952546,0.9806909162820284,0.029108260719367306],
[0.3692788106886705,0.8575306055287581,0.08747780126323279,0.03859617739357513],
[0.9976787014306008,0.6579478099763223,0.3641061552989413,0.047721016817288665],
[0.43644640408880964,0.0361672443425084,0.20271112985192707,0.03131242494457417],
[0.7967298470451655,0.6467376445516241,0.6191140653729211,0.03662355865251787],
[0.24892056974490484,0.7683152047669929,0.6373111383402413,0.03253411235543698],
[0.6585116461031069,0.20804453904599662,0.6195923810710391,0.044240061108325145],
[0.5012767063296478,0.9982139007619248,0.8658295205542165,0.028830146800128673],
[0.775695846151067,0.20332362570715345,0.18181936794331355,0.06812593503946446],
[0.33860321201854615,0.3244013388582684,0.31852713837892166,0.05477719911317002],
[0.22047412617726714,0.38811768150883985,0.10527472682799288,0.040964671677462004],
[0.27578669838926106,0.1549426559475784,0.6516083138922198,0.03892411702014748],
[0.37324089856851883,0.25141485609670733,0.1821316994030172,0.039754430684371185],
[0.8651713370269157,0.042743833511070806,0.23994804812681503,0.034208336117009304],
[0.4142478091234796,0.007214351807711572,0.21028654736978003,0.04279218182945722],
[0.26546172094724085,0.015311096171538141,0.20213921302540827,0.030006004375482155],
[0.3493700747402423,0.30957311675414967,0.19932674408215045,0.029832241891608706],
[0.672355321533442,0.2828442086779883,0.014694530660209315,0.04419595721223369],
[0.8616554315824911,0.35767996172604777,0.6489619994985755,0.04356381236678072],
[0.7273695636372567,0.6956771594862684,0.24598959329364978,0.09197150537618931],
[0.30467049515770506,0.9334081012680672,0.7947810356746194,0.050159887643682684],
[0.0195058327321459,0.5122367647978276,0.113561690682769,0.030200018181864262],
[0.6466124472344615,0.9258999735314656,0.9179585681850639,0.04120223855078536],
[0.6763074572606232,0.2850355810759281,0.3893225933694502,0.029712952382919433],
[0.5204592263681433,0.8066959519798982,0.4566529454538233,0.03762391323549603],
[0.09316718548248215,0.3735605631908169,0.3447650170783647,0.033482984998717324],
[0.024213999949359022,0.7747833381269223,0.390921584826075,0.05083399697836429],
[0.7603995830409693,0.45924656977363487,0.3528953831736513,0.03320998385923053],
[0.8545971605908954,0.845228433885269,0.8304936007775894,0.03302187221817453],
[0.370782786357965,0.6900720724383279,0.8646741235460942,0.03031332943534948],
[0.15807582414953092,0.8657626631512421,0.6223873700256077,0.03221404775723731],
[0.048493167074629584,0.3436023576968854,0.12199505662548782,0.04147185271084241],
[0.17756949135087385,0.3920407608793034,0.17724600381123634,0.030053067113954425],
[0.768057205775791,0.051950731536896444,0.3443595469807006,0.032584380295816166],
[0.21059732314753965,0.37548962447135037,0.3175430053307624,0.03147708946090692],
[0.014354689687772204,0.2709385255474629,0.6239373328218606,0.045843222721116385],
[0.8783181513747851,0.32092771350327665,0.3637662600874093,0.04691108485835598],
[0.6172599622080058,0.9699185556173757,0.17326701234293806,0.03055264949060458],
[0.7952429455598613,0.29113377406420937,0.10165108016882018,0.03424632597307916],
[0.30253798420651745,0.6421119832457232,0.21857413015771954,0.04661863614424453],
[0.4207042399846874,0.5545111231631444,0.05028715766164393,0.04638162318172367],
[0.16684548991135684,0.6213726771036574,0.8442371447765823,0.03787859493792207],
[0.3412681824489625,0.33542459478218256,0.3879304522332261,0.03484511960276925],
[0.3520115578202716,0.7152977114619681,0.6157962206428672,0.039656727039893626],
[0.28372982793703294,0.014906552671769435,0.35146356092539766,0.03863607284167891],
[0.4074157879227168,0.906104337542167,0.010386762142867823,0.03320736046426166],
[0.23678190014704636,0.35136754567626316,0.26191526346304383,0.034389401921626324],
[0.7346021044823277,0.662864689462498,0.0028181690541509985,0.0403562194406011],
[0.45613351977999383,0.9396830865935468,0.005127942129739993,0.0415575254016553],
[0.8751319803951779,0.6406029852124635,0.632907539085623,0.0342178258717099],
[0.07163061152393646,0.3550278097110845,0.6526282065969621,0.031233806595470544],
[0.6096276052311295,0.32525894921964993,0.46964697958203416,0.033922612059973704],
[0.4135981970245415,0.08030567079881823,0.3969458714179278,0.034542079687228576],
[0.40284560816393167,0.841653467058263,0.1454841040768331,0.03308810136804839],
[0.37763001103210236,0.017134594457545504,0.408349841621904,0.040268258579430206],
[0.7436585067986892,0.06866275996849147,0.6276217968465485,0.030985679191126707],
[0.6319423974777413,0.13419757185983372,0.8087437701488219,0.02976912287314979],
[0.9874185701418979,0.6859301706646883,0.6377669362633697,0.04003195042999617],
[0.5288159166531827,0.4697716787317674,0.312151364429441,0.033414291711037984],
[0.7958207328380515,0.954059425028255,0.8623282404406037,0.035093357291068626],
[0.7599776130980512,0.05824109182380377,0.5902650544453737,0.031414356997670506],
[0.09878273899877466,0.20311083126927143,0.599436862636416,0.029355124331764397],
[0.11646620212812242,0.3181848545717826,0.3177713021902504,0.02962598809806833],
[0.6974301164450893,0.4214031468391758,0.37862497243864823,0.03487684519089262],
[0.7842016979705372,0.6816173958417232,0.38031470888893304,0.03912213618419191],
[0.6222298321260731,0.16958109583645353,0.006130642668164543,0.03489118133566426],
[0.6437726906726392,0.8445890055366948,0.6213102637970281,0.03187087700734831],
[0.6072742487043626,0.28044776752064715,0.5205711002931593,0.028898230754145923],
[0.6924608934048282,0.6311521366529946,0.4663459449723665,0.029148864892111506],
[0.9093738001450408,0.1891325899971542,0.0959308289960975,0.04446451546281268],
[0.9814306397534107,0.015174286887965738,0.6615884820307794,0.056752552207881675],
[0.37501664320740125,0.33293896642883747,0.756156232715684,0.03954477521668636],
[0.7718842742375613,0.3604322680308373,0.7811513506047078,0.03384942716692308],
[0.16670069900764206,0.6344286327941977,0.7263386607462997,0.049652646558593326],
[0.2774476742874602,0.9682373595391098,0.6077266657642881,0.03765217773287698],
[0.39137266345700716,0.11714821884993198,0.2776314994161717,0.030746083118055448],
[0.3478285216813861,0.1335220674489005,0.6684675947950979,0.03759412084010522],
[0.6454131059125493,0.9456881620745013,0.2289710708439211,0.05800367392239384],
[0.9332492060221655,0.3420035105516882,0.09403356241826655,0.04861874076181865],
[0.6467340017698074,0.6988949767000139,0.3472548475631443,0.03979026731487565],
[0.8234684708424743,0.3213659686429091,0.062313656593456224,0.040890838161079114],
[0.2178188158565859,0.9516311922016226,0.28936990073472846,0.03280410297375651],
[0.1893101453357633,0.3644940935551566,0.06571414081026006,0.03186106731110337],
[0.12776416636866417,0.03619123247976819,0.3595400889553133,0.0406297178909377],
[0.17351707123803262,0.824976119534135,0.6506561107080769,0.04909638637756825],
[0.3024577903881026,0.8716514976560013,0.29843545595863497,0.03889298734620302],
[0.6449789155280709,0.7524976037778918,0.2710665845647082,0.03205967898997079],
[0.27068540231576743,0.6421194030658559,0.5861278691278459,0.03467687413982263],
[0.7493810307074351,0.7955969755267823,0.3703869900340978,0.03801822083171657],
[0.20531845244123048,0.36972551177148416,0.8135109917586044,0.03300373889401716],
[0.9904973361673427,0.30805699751629856,0.43861684910845145,0.044840687783387505],
[0.776767791417558,0.19874552204653073,0.2520045593436713,0.0353018835784931],
[0.5794011887086158,0.9986023452501598,0.2376042900687323,0.041598628243043674],
[0.26927498823779084,0.15177966957655453,0.005516513127608369,0.046337027067274834],
[0.34953825013078743,0.6416572687262108,0.8204079898303558,0.04366173770322695],
[0.451947379827656,0.5256240489365622,0.8936505795148056,0.03331261034295033],
[0.8542039660955312,0.800296932039867,0.7128176888770036,0.02964297446387132],
[0.9807661048008398,0.5917651255780851,0.0876581493419587,0.03256264798553116],
[0.7842102217364931,0.9895262455347872,0.8555182352488179,0.06700218038422578],
[0.6560624817861307,0.09330465527904919,0.3386836058318,0.03533339163295806],
[0.4374672079304024,0.4299574593630595,0.4242643875270813,0.03569687573722496],
[0.7744384771004056,0.7344308599891399,0.3526687403057116,0.06674440960692551],
[0.46440268074555,0.2140172197694905,0.9431579845355726,0.02998564718429094],
[0.25205974239707296,0.6497843043168575,0.21467266883145175,0.07250552433729748],
[0.6495418889266165,0.3556665807484597,0.6858581289915814,0.0327986828212931],
[0.013136566877609557,0.9641429165039395,0.27874474269787675,0.1255947044978115],
[0.3144508394698665,0.6879925823475282,0.24432377892946955,0.06862753320035475],
[0.48881771917630523,0.5409960398742655,0.6809705564705556,0.0315274350382967],
[0.2003699638601596,0.7981336062753015,0.24742379617562593,0.08632581353313845],
[0.46260199242846467,0.47779403700711187,0.14877095370463966,0.028921964108788223],
[0.37727495265859423,0.8814909116490014,0.4468235227417773,0.03273888434864145],
[0.7775105190108701,0.3863085838156475,0.9894791373589269,0.0317662074146973],
[0.938742232504942,0.3172304288538156,0.8169007275183717,0.06183298092882609],
[0.005062602986717568,0.019862295039932754,0.2685095434423529,0.11571952018146334],
[0.5175182707987469,0.5066140960641351,0.3158024533886563,0.030383777681841043],
[0.9623883296428337,0.38634939233805055,0.4606858758015565,0.02915561309110873],
[0.1683940298444061,0.6238221182513429,0.779430403260243,0.03798897403674315],
[0.6833758770052412,0.18465186237995312,0.7051254966581655,0.06697042539162754],
[0.6878609686472367,0.10973080764478715,0.3623047582868668,0.034664586702974655],
[0.8267372739909681,0.7404597156389993,0.669280144821295,0.036622743093198316],
[0.2787325139601661,0.3295505297584984,0.8634684176794529,0.0734245766264996],
[0.05250296129713217,0.0024027582164481975,0.5027674502396037,0.03428057519730616],
[0.5955102393648797,0.5913586301410967,0.7078031162515999,0.030683074629599738],
[0.2808095252938635,0.9961437908504206,0.7806615998770758,0.08672226296789073],
[0.8612618272616047,0.10803954124327853,0.3923335708293374,0.039795337764117304],
[0.4592611990720158,0.019933090279670163,0.2224723957400916,0.03695389161306966],
[0.9613473391417792,0.3986995003663213,0.4249262845873987,0.03070020266205753],
[0.43903755373505704,0.07587336718348514,0.8491179807082927,0.03161554813320701],
[0.40363839325619033,0.7391469684350109,0.014513811791121323,0.03501969647191749],
[0.8237607933726213,0.017298380807804437,0.09420129474865957,0.037914083527067106],
[0.23126956684568223,0.3897474675223852,0.15402383410568687,0.03316759660073727],
[0.9290110217390655,0.25754961512163166,0.35279060340919577,0.04227396359553697],
[0.2812305000583173,0.2546763480528431,0.37714083981753466,0.032514595993815655],
[0.7722876246530556,0.35326392389081496,0.3657743536580309,0.03506313117740346],
[0.99931972054203,0.04626407630590035,0.6038830605953047,0.03171765152901129],
[0.871634614475079,0.6381415158111386,0.14557143620895197,0.04276788313285596],
[0.6986583617595552,0.8998532140626162,0.7670644856249499,0.04850955443271648],
[0.07227666346263573,0.11724174446210123,0.1764508891606864,0.028874517128122494],
[0.1618173893522744,0.09691506196727495,0.08946508534565223,0.03457196943578774],
[0.37021850342376394,0.23225614267670835,0.6528058805596729,0.030711994652125867],
[0.7124047863719316,0.8241859761254962,0.6398726791154125,0.03247115015872215],
[0.754999610945636,0.13130277511074673,0.01414940609480586,0.02919308079158301],
[0.652375079955675,0.3304394124622152,0.8179776609356084,0.03703227775544641],
[0.27350456831209935,0.3641132356587139,0.12291007555739997,0.03630979896588774]
