username = nchw73
detector set
algorithm code = VD
dimension = 3
self-radius = 0.0287
number of detectors = 848 (from an intended number of 1056)
training time = 4755.5

det_rate: 81.75, far: 5.65
c0: 0.9999, c1: 0.9999
[0.36887849295790287,0.7220890909442641,0.05576984643130478,0.03245257668163591],
[0.05517454783903197,0.2385318466092471,0.9645548977744416,0.16650062627866893],
[0.3575425759400398,0.6793198367310954,0.35318580238215347,0.035485017071068256],
[0.8570778127288822,0.2110068869738454,0.8343240646888846,0.1726017899691639],
[0.3464141568812211,0.03673594922899348,0.16998803958861453,0.0437323134206699],
[0.9366158410933312,0.09594030790420416,0.22652806290728345,0.050136209372645374],
[0.1505816822843502,0.37194663483040036,0.2241834718334077,0.04043367052063203],
[0.020116669601453863,0.013904373389744928,0.6571107131904316,0.07624367460703323],
[0.3311018393383348,0.13667014243320685,0.721622158789106,0.06414089988808082],
[0.20809334776045363,0.9871820730858609,0.7070465256589017,0.10231113638807596],
[0.0778617882430459,0.8016876061049998,0.6849485438971625,0.06764389502483684],
[0.8767191796561215,0.03378592537490932,0.13308432495927658,0.035856307812796404],
[0.9759827357777837,0.8560421042563306,0.28655594716016386,0.04365263551662994],
[0.8967604986346301,0.8891606878535666,0.020429900355339647,0.2582957384426944],
[0.22211091690925533,0.07296432705838285,0.027661628331186905,0.049568875393511944],
[0.18366507399100018,0.6990842831108027,0.04159459666955323,0.10252244573182889],
[0.15875808235083466,0.7142834644025249,0.22797083439686316,0.09940422800932183],
[0.08682292451016616,0.22200775447719345,0.7292550620205341,0.12893160564126618],
[0.17349580941502107,0.8955533621505586,0.6708812618162143,0.0494237874212681],
[0.19874868083258412,0.9392730006529052,0.9197195052542513,0.1406226250683323],
[0.12308767642691876,0.6380268351370539,0.7124984026906606,0.03286451206168618],
[0.9834661500253169,0.2207723675814569,0.10136149083213675,0.07801856667695407],
[0.3030595168633493,0.6086873589842033,0.8797945437466692,0.050878092890407],
[0.02407059883614804,0.9645364809459229,0.2619792707226307,0.13653041617183034],
[0.9819054405643279,0.7273731534660685,0.32454743379676243,0.06157448308635627],
[0.8511424059132343,0.8684501344148046,0.945618986747017,0.05167741202973347],
[0.8684748602986702,0.15414057053221242,0.3910551577858895,0.030305991420811463],
[0.1942873926416202,0.32082684735563427,0.8383847271849271,0.06345438396139436],
[0.041807230021622455,0.7267460032223406,0.8680867457907273,0.1033975150042798],
[0.32677276155002466,0.07111501595600567,0.8420899356250745,0.10289638834638237],
[0.25040522934267606,0.31561238398712665,0.028973316793053816,0.06117313109159442],
[0.7398558340798055,0.9531771077150976,0.3369579768467176,0.05408796934029152],
[0.2813916536927831,0.6778895161539005,0.14598539581184422,0.0734407939939454],
[0.9823954311375372,0.17350327266629328,0.6514731799263609,0.07886973330298626],
[0.6182767522784296,0.8641673234759816,0.8957260492981913,0.03457037306673169],
[0.2867503733662905,0.747051717490429,0.3359704956741545,0.0597840413048243],
[0.6348011623093328,0.9276273033968563,0.21083861836268236,0.037173265044583154],
[0.3549853192212411,0.8201037551009086,0.07471643237835679,0.03077181375989332],
[0.2881442800506211,0.051474553265485,0.14095191914517657,0.03499426627039863],
[0.26494676328576294,0.9486020597837095,0.03127518090464343,0.11583244244855642],
[0.023671517879356063,0.8282445347224897,0.32715420023822406,0.07091699958790164],
[0.9422193777136566,0.9804904586421025,0.7778937146646404,0.029131022957837416],
[0.3539876390217267,0.971211901038003,0.7793085996466513,0.03453626031023667],
[0.6385544917611706,0.7534421615640499,0.0903909717657918,0.038856326484880466],
[0.7433120794336827,0.15097790032448466,0.17017581231619883,0.032937102330957535],
[0.9858405332411316,0.6984562711416052,0.25338178765548325,0.09374423121269662],
[0.12096096029780146,0.935347527720782,0.6874420799501134,0.0827071298684667],
[0.6909081046580153,0.6666552713536451,0.19355465450910492,0.05472243602775162],
[0.7486557433726571,0.020010178432481318,0.8553922661976746,0.13709688048062776],
[0.7466489333230076,0.735808058414653,0.2885813115904181,0.08718964725156877],
[0.974205175851636,0.3787338547788397,0.07988319712693615,0.04194805035942946],
[0.900160217489935,0.6735205385734656,0.7849048094797364,0.0839218426569615],
[0.28936512562028505,0.3399625410496817,0.6864380494400755,0.06242597621214112],
[0.27966887677658137,0.09605746672543958,0.6117582917588158,0.02912481178049849],
[0.2146063292248458,0.7510972336449191,0.8087881660667557,0.14056493195144462],
[0.97864192881387,0.054213083850114585,0.8016593299304317,0.1928423139612869],
[0.23376662788803004,0.3667293733846392,0.7748860994844781,0.03674868420583094],
[0.7540208603331346,0.7147501622915667,0.9071200246552449,0.10814305328098711],
[0.6566581915717584,0.7386881851884449,0.16497312567904965,0.06546554128328314],
[0.3499354055420323,0.9895198668948391,0.912916071219098,0.06694711576311214],
[0.2145018303585421,0.9873132184158657,0.1769130700561906,0.10887598337557847],
[0.28711295256868374,0.12271238037050158,0.03077111957951084,0.041886683403342936],
[0.33560515624348397,0.8360938373081704,0.8134888308480279,0.058399444636948725],
[0.310707378374242,0.804042799828433,0.09667350409971032,0.07276473821143284],
[0.78468781784004,0.13245782566147235,0.9874093653740126,0.18480118217117558],
[0.9524642986515107,0.8832363986541603,0.9716919345094763,0.06920099642899746],
[0.8477638834722396,0.7517173780210629,0.757715683980509,0.05006407481968894],
[0.6212588421316785,0.842585556391182,0.9263703799357424,0.04776632815306556],
[0.6981821679392198,0.293883082485475,0.6357012528221078,0.041503761243652654],
[0.6683384909623433,0.38527983798581955,0.1254836784367528,0.03167269957155536],
[0.7453952947021634,0.8433304838751889,0.7662346455082228,0.06782898060452036],
[0.045446867103347555,0.8312700707307606,0.802650203757565,0.1816550589282898],
[0.8957140900133793,0.7760722766951503,0.8441339501784478,0.0526819587282501],
[0.30269727712135974,0.9490133346184517,0.6988023028814109,0.030631586003059205],
[0.13151653326820623,0.7934083806076204,0.08762631115528074,0.1677483394352314],
[0.36487197799312565,0.7273913444143768,0.7992051903183749,0.052494063075041716],
[0.6653220835447596,0.03823105585691544,0.7138594586011213,0.04796693399709964],
[0.24783042192438753,0.5224327887412528,0.3667514009849955,0.029342868806115006],
[0.9452863652713203,0.7106634467075299,0.9396472215999194,0.11392283036384682],
[0.8759543605565467,0.6528346354253912,0.6952540326438255,0.03184028694787734],
[0.21290106317232638,0.18039225327229702,0.6001467195198855,0.02948467781677105],
[0.6663559525775848,0.22763092208742508,0.8423080912981796,0.054375830662543964],
[0.6761786930389025,0.8472281272719889,0.6775018000899813,0.05388729360897415],
[0.8197521634623766,0.7253787151429593,0.23617069975147054,0.10765268201015499],
[0.3529086530270411,0.30460316107290764,0.9970856905041227,0.06341656735407493],
[0.7653218921972266,0.9691217560790628,0.7472094361183682,0.06633510234175964],
[0.09462602606835036,0.14961518715641742,0.12454910812314424,0.031803582046594475],
[0.3739845313606528,0.3108009530322622,0.3266989212826431,0.04272822045395362],
[0.6776336403935728,0.8204158296880457,0.34597833778494014,0.03730610627888706],
[0.040175976085095266,0.11468337764149494,0.8421350678904787,0.22134351504842126],
[0.9688612314827095,0.06352301545867656,0.27931569320285254,0.09183532095129689],
[0.6804275748676257,0.8224810772825869,0.22228772232075655,0.05049256452600903],
[0.41919698739483113,0.5464471508228624,0.3731447842664858,0.029164008776320933],
[0.11328987268989044,0.8568898314073901,0.248232919091655,0.0998328596663019],
[0.2698965978602038,0.2647747840947212,0.8791563089718861,0.10711847252017098],
[0.33638664212910663,0.1305758936065594,0.9769228147786336,0.04208432103708025],
[0.3624435505263105,0.7822959653057949,0.2831936737435222,0.035546126019134885],
[0.3256766437612306,0.8044499283155938,0.2010517724041032,0.09376906444906105],
[0.665567589736848,0.8211502258101612,0.1448777807417867,0.07285954108326596],
[0.35997969540948527,0.0053337060069760245,0.31226891956573677,0.06453970581391238],
[0.003430963936571496,0.19610642259588484,0.043458528083563985,0.10041980358183192],
[0.8977135576374692,0.29638364763799485,0.4010987313094716,0.03277528692804492],
[0.3412004069550387,0.962191280788092,0.27661471465807563,0.03222657958235897],
[0.2397892127924921,0.7616858130345383,0.646122731287755,0.04588654845225447],
[0.6943096536149901,0.618269279989459,0.044056248096496886,0.0303777543623252],
[0.3563955612848023,0.7045311214626147,0.9586499981531131,0.03935689648785276],
[0.22131924974884853,0.5886676696171863,0.36710579285261524,0.04192648726574347],
[0.8191159220833991,0.8551052229698114,0.793459649695303,0.03623644718596471],
[0.3090359425422906,0.6373337081203883,0.8008328994588896,0.04937815310661972],
[0.2447598331412838,0.031735277996621125,0.6840597459215008,0.09510366192994249],
[0.01567067594959648,0.6997122694850458,0.34642349262555283,0.0436726344649251],
[0.7104786952100441,0.9969124103216176,0.8520424603420234,0.06252140517591502],
[0.23995424440165436,0.1480193620817183,0.9993521751429546,0.14232962627553786],
[0.05133904858912053,0.10326040879797138,0.12815098506680966,0.05721480426203614],
[0.6727275823333361,0.810513927811315,0.931507663082244,0.08465277087191474],
[0.7115463953164612,0.3527000252890835,0.8029326772594153,0.057079910692797664],
[0.979040201182866,0.6636181151522055,0.15143271868271502,0.042166569794800615],
[0.153870133570017,0.673161530064579,0.9112775966591984,0.05979258853469077],
[0.27976044903454567,0.3548982980202836,0.9628334986891293,0.03208834552960402],
[0.14829472057637982,0.11638196658997035,0.015799327906258265,0.04250996034314841],
[0.9644405838962344,0.35130678006587934,0.0010782885098747919,0.04616156905101344],
[0.7674610085927295,0.9571285249342203,0.2681371429117295,0.043214731769634654],
[0.6843844031566126,0.981586312906333,0.19885182541599733,0.09728356555719853],
[0.9509582322726852,0.004561506783457681,0.015632657908093872,0.13943532732956],
[0.33055134735320546,0.2906259748406048,0.076836506299509,0.033656323138335054],
[0.13471364137327468,0.9963921177696595,0.3955477682985029,0.03335263357381878],
[0.904274539650167,0.286054579366235,0.35381738974917953,0.04428970105117039],
[0.35321541383584776,0.33702593963789274,0.9399819133229124,0.052136273123128754],
[0.22783922079620433,0.6054590753067743,0.22892439377103158,0.033896723024028186],
[0.18828318838120162,0.3505579286808719,0.6971876450435797,0.03125783783392805],
[0.11701500537990761,0.05081497243630029,0.375077590007459,0.04306516284730143],
[0.09339319553359049,0.04533358673408272,0.11759166449653446,0.06319951248754013],
[0.9394964752318635,0.9251683086152857,0.4524301105078068,0.03067102463256632],
[0.2743497943269626,0.6389419183736245,0.6637737219997192,0.038443293882382504],
[0.07937042714962461,0.6904124775363978,0.6583999196830189,0.06313427901191078],
[0.0785824227860723,0.3174743801707147,0.3410894366120911,0.06820974947967351],
[0.5224017610458784,0.0006839495146419017,0.1884290750161952,0.02878166786951406],
[0.7970910876066903,0.6619167918724167,0.8220104938434192,0.054949520748653474],
[0.1645589749817431,0.6487542564423876,0.3056488131513224,0.0504642030726713],
[0.6450885031204231,0.6358748564061789,0.30652049735956344,0.033214005729148705],
[0.3713735494960393,0.03093475813027846,0.4259163598494161,0.03768540165210582],
[0.08971714201940362,0.6445208352053604,0.967656867860332,0.03680960159694262],
[0.6819091390295546,0.6929362257679319,0.08510572261346538,0.07454914939029218],
[0.5390413240907619,0.9624388233377464,0.022764762063059774,0.03438897490064101],
[0.7796373129668646,0.3027058586423804,0.39157378495190187,0.030851186236347274],
[0.013185278856065574,0.6365734211654809,0.10594751862362728,0.03948410428491435],
[0.7460743589687389,0.30791177803231007,0.6406444094219813,0.05810139519059876],
[0.3826005069395274,0.9656182135809437,0.2313985093133556,0.03956713326402009],
[0.7384798762306518,0.024433715442679804,0.10830129080360684,0.030185096853336684],
[0.34990700609361014,0.7141623989673145,0.17747627364742158,0.051992070667377016],
[0.8911638832728538,0.9876866565227636,0.3183079350048502,0.036150314539102196],
[0.7615806632389263,0.8493818532704606,0.2723369238710108,0.055850159886257425],
[0.7254291309144556,0.9723210096390315,0.9094578366430307,0.05528979881118111],
[0.3903944680355347,0.14451050788847597,0.10014999873996655,0.030537187830445556],
[0.3024620136987679,0.6716624108389505,0.615608561202672,0.03565125629114198],
[0.8027697782862893,0.22168628607525231,0.19076047892395487,0.049376714666489505],
[0.28926888940977635,0.9859856780129049,0.271418512753822,0.04497266683793229],
[0.7964913836389153,0.9663882398489092,0.8507315660525738,0.04180920019582392],
[0.04644179524874803,0.1482712857063344,0.32734318971688225,0.04453145867851904],
[0.23130491255800956,0.7693162574757365,0.9709571093871878,0.15381454683177437],
[0.11960450651629317,0.4473161783543944,0.7235818146925742,0.034828492280027296],
[0.11319725432611616,0.32022730267903754,0.026324461332743354,0.07108535546251374],
[0.746772470078428,0.9748776432130739,0.40156954734517836,0.03756493458322363],
[0.14456123544021215,0.34741426823893784,0.6640139758194851,0.034281126160300546],
[0.8151128685619663,0.7150429957649351,0.9998958229358152,0.13526437095386404],
[0.3934154444947633,0.7960251169140706,0.7007066500909749,0.03935363820396631],
[0.7188849293356315,0.07517127920405442,0.639009107815704,0.030860915272861205],
[0.9944105096164769,0.4435737302610512,0.4538564396143454,0.029479370229995094],
[0.6401620566074954,0.8928607531534415,0.9283119282113996,0.05358987573936097],
[0.9904288387346055,0.32774448559437275,0.9865823375528093,0.07646456154853899],
[0.922734181313495,0.3476685418068546,0.19855653586593747,0.03132079593923137],
[0.6953088436872389,0.2582045377771345,0.6699443069908892,0.06986445266599062],
[0.3675936488676287,0.8585771649762277,0.12029298344441008,0.03140887695100164],
[0.9800817268078628,0.17595235195148373,0.41043969233058686,0.033457261482100806],
[0.18409162540054358,0.0015438836336283401,0.2735544221527114,0.04801151864138353],
[0.16292500191678716,0.15227360968683912,0.6207870456486257,0.03093609855203561],
[0.2157044747924456,0.3649431663773822,0.15164578715280275,0.049525719952969005],
[0.3738089807173943,0.7359884337018555,0.1078232574430169,0.03920809001305296],
[0.0014535009092431217,0.7218749192309609,0.18458625991889233,0.13273307272858323],
[0.0237133280060694,0.27197188707077047,0.40981051544359015,0.029517867241907515],
[0.6243489951237358,0.7357688421851641,0.788444176240855,0.03457146620261985],
[0.6104394718488958,0.3786006556750853,0.15660560717457683,0.039358179624802175],
[0.045074528081472276,0.30857729867055406,0.0914690036615855,0.03662793117721788],
[0.6734495154218032,0.41459579901896326,0.37930520405399815,0.030326260355039405],
[0.7570926850105412,0.18855540935689863,0.20121385468759,0.0693495784483011],
[0.7854554482881504,0.8962471817772574,0.8313478921390898,0.03981173472402576],
[0.9517332265550597,0.28171465368694437,0.210066340215612,0.03418373276624266],
[0.3841294353703726,0.3066957409161022,0.8029158594998259,0.03741588096342456],
[0.10559910229883074,0.5293021382234666,0.420494175522664,0.037611516540938195],
[0.010527771479097447,0.6581708858679255,0.6308417879547981,0.03388958090627592],
[0.7335663461764195,0.30185366700874494,0.7353990532745414,0.08183856997715569],
[0.7469154879376614,0.33340061756326544,0.9336832815792245,0.06915219736408547],
[0.057032864813538975,0.35330872808644154,0.6600893516145575,0.03612434474496719],
[0.3431355923416626,0.9337567010486236,0.1315422308709553,0.035504291128069895],
[0.7638965538057821,0.9338503358936888,0.9348540138925562,0.07139484326645662],
[0.31409258269218565,0.3616001365214502,0.04092618876751697,0.04440413669041089],
[0.2993817207701899,0.6842818854994726,0.04588023547527775,0.09272387384770396],
[0.20828479806134526,0.014156508857536942,0.1514861932376792,0.05225578589356317],
[0.18801600417790443,0.3082822362138611,0.04809155718950642,0.046461779660418034],
[0.711812817799009,0.23003831049741408,0.2733532835724176,0.03198123178233625],
[0.8173126615037706,0.9914325550061313,0.8937760362736314,0.04438175258251398],
[0.8560920310826978,0.1032159755099763,0.3823771619769708,0.03056210410761513],
[0.3192832110842839,0.8389150768512904,0.35487465574578003,0.04121677485327509],
[0.9299659115580333,0.20185192068872693,0.0005711717456858834,0.06453920333608751],
[0.7103113730915392,0.04944924161808206,0.12802116037566103,0.02905441926052722],
[0.3593206292972747,0.3071082251079795,0.7722457715044989,0.05084887846156021],
[0.7157842403763355,0.07248950286847433,0.7021693707631952,0.08360200234000138],
[0.941734795483087,0.3225575023482212,0.35609736880148224,0.04517601226091614],
[0.9788528140783667,0.19628818513990487,0.3205319031764682,0.08398338271417459],
[0.9092743273474374,0.961362342699979,0.9273972688001696,0.034661543889033544],
[0.4870997537743911,0.21054985032643903,0.9433986521475457,0.029899769759719055],
[0.24231544207365174,0.19132708115352315,0.6498995477980809,0.041490681567482854],
[0.9078100476629509,0.30058955765282047,0.0042932736011499495,0.06778907660709517],
[0.18921709298710498,0.5777294911661963,0.18890738764451587,0.033361545770514436],
[0.7057523432157878,0.9163961119446483,0.7583714292417427,0.05901178066645969],
[0.19078149130171307,0.642234352446119,0.7211592052721378,0.042007810404328494],
[0.6800511421892376,0.29911501707063215,0.8274601480150483,0.06341551577251271],
[0.7899317956613475,0.22613164419049203,0.6743897309431268,0.05193811529032641],
[0.681307916403642,0.8054064118732327,0.7462885659873166,0.03091816373796522],
[0.1329504992868804,0.08449338342578672,0.611587696083758,0.035067161128755284],
[0.2588620660423202,0.6101550441449773,0.9200555111019343,0.03378929668648126],
[0.9038635478107391,0.30958964718838655,0.6953581234061543,0.08189022227510374],
[0.672109290904154,0.6428065022375844,0.7940661814979579,0.04188595030854836],
[0.03821718198773982,0.7708090079769072,0.985388517828803,0.15950137124937447],
[0.24763629745416094,0.24832991278335148,0.7484815543890013,0.132257833272354],
[0.6407271824134633,0.1463923837567327,0.3423155526270866,0.032180405529351794],
[0.28416415151536834,0.898816426638349,0.8026724432310338,0.060777843362651046],
[0.27550096937887236,0.9988179346184627,0.7835850594723907,0.09287742272365468],
[0.2092887231952345,0.3662683080564558,0.24879250789371454,0.04281728987420681],
[0.3329670874390973,0.6984471300879974,0.7432715302873526,0.07135248123208722],
[0.2140571004431815,0.05546065491852736,0.3766700350636064,0.02909462981190492],
[0.8447778664846756,0.6029057745051039,0.862160044260832,0.03139017203101796],
[0.29008571580213593,0.8908089972575997,0.15464692335943309,0.07200948457428301],
[0.2810200276487461,0.6459991552739746,0.22705860053004345,0.05860199580533919],
[0.25274370403065793,0.3211085636896601,0.258376342616088,0.02943480478608831],
[0.37080960776280836,0.10834798336110452,0.1361167012289346,0.04006052296792305],
[0.27348957326167256,0.19268321468894856,0.0008384282437847723,0.04042239250657349],
[0.15776145925159402,0.08977567018532051,0.6518197822811134,0.06704483350145858],
[0.5277386756583238,0.9017655748173847,0.763355662132647,0.03482169771868286],
[0.8517529892243014,0.1249272898541911,0.6494825973718746,0.042750100909483335],
[0.4059526125828842,0.997732647481814,0.1871733376897975,0.04591856608143306],
[0.1677307021820752,0.7362038751510135,0.3432765038699833,0.030865820405691694],
[0.8007048215559183,0.7451885192091171,0.6496798069970916,0.03179896345779781],
[0.34952246412212107,0.9563711965759706,0.6454865797072498,0.030561092701389642],
[0.6392862531589869,0.21098786053553698,0.7588125222406631,0.03397966987465957],
[0.6313040758443553,0.043387149699456784,0.7819030120404894,0.03776311815732715],
[0.7793085976693069,0.3602809858889231,0.6580324286887967,0.038728125868395094],
[0.7939833305652387,0.0026971995791749137,0.7223870728869605,0.10820999103614176],
[0.8587938442884427,0.20702750824837712,0.6438808848716293,0.0454604841076966],
[0.29542692016655536,0.35355866478597553,0.14905874475900838,0.04166396939839204],
[0.7560665612639353,0.6832511013056395,0.3625116284926059,0.047620057091243034],
[0.32247392655605944,0.4007434313698357,0.17503884140578818,0.03231167926621839],
[0.2073382872956171,0.08550361270220597,0.38289000030109155,0.03496747415873866],
[0.3262982363874133,0.13854961902867924,0.3036387110429293,0.037623431657206594],
[0.698359782076241,0.8932051041762346,0.9943734408167327,0.10283787706488573],
[0.826840405874483,0.8173650901682459,0.7343732167514487,0.03137028053070577],
[0.9666928867791915,0.1468672342718209,0.051142429015776925,0.09831907795598083],
[0.12642786672379425,0.5997288997755037,0.01442825969683792,0.038221197954120836],
[0.2463309765046413,0.9995151499716537,0.3975862767242293,0.03344806037623475],
[0.03031448471309628,0.07392836390073942,0.29648479509552306,0.06926070364118336],
[0.7115525632759322,0.39072664555080105,0.029698942245077298,0.029625151942863404],
[0.7631164944430121,0.9003270853079198,0.3382588107041463,0.03838549395618676],
[0.6177229239779422,0.4695409098952358,0.11237829124545706,0.03169301318703316],
[0.9826287949880487,0.2960758746731026,0.3671821364488518,0.0720267884219],
[0.016952492596992275,0.6991265011458029,0.6365361345056266,0.0368900916252181],
[0.6823618014177021,0.15892868326258136,0.8110734867913858,0.07187039476179433],
[0.9988111557525358,0.3655637665090584,0.47710748971738337,0.04134711061579642],
[0.7653511771078219,0.17704065678718583,0.13329693059613923,0.03691691757776756],
[0.6521369552538965,0.04852139658641208,0.04366952483629105,0.03981753403127465],
[0.32408913229955416,0.6861219271826013,0.3275801066941154,0.057628379585185976],
[0.11975933285306373,0.3518797619897899,0.8519707114493236,0.036893132573608406],
[0.08916688881470292,0.3073675230438365,0.2664222908688113,0.035225487473550796],
[0.29713444051750393,0.7929766663534956,0.6592023891804033,0.03711002525429202],
[0.9931289068309034,0.961813609835194,0.7428765063885399,0.05097641914836594],
[0.2895736305548424,0.5977523865387426,0.6837743010983361,0.029798136664786114],
[0.3647538714495092,0.00446805377001136,0.020262477932811218,0.05298642972964655],
[0.6334617325578118,0.04351877752424116,0.645759760545504,0.04186837040028721],
[0.6382844550426927,0.3532717262984515,0.3067508363397087,0.031964437967072545],
[0.2319059410712362,0.6774809739314869,0.28632614806559653,0.08954559480501814],
[0.9915431972590376,0.3576366556417804,0.28239215479865487,0.048540719619675696],
[0.09844184722315485,0.17139658766829813,0.34744413468555513,0.03331189783038986],
[0.4700634111586032,0.5021577669415888,0.12652039804122772,0.0344319098929647],
[0.3225723407285217,0.999564532336362,0.13201409619948623,0.07777280512299044],
[0.2807108792037616,0.987171268474132,0.3187411898215561,0.07271080852735577],
[0.3637153638919658,0.014771055409939837,0.7295818632718315,0.06727405993313978],
[0.18200217804687158,0.03709395489883205,0.052852310220017795,0.07388198779667234],
[0.3475262307262078,0.6958321903951408,0.6732362746107426,0.03990925409827492],
[0.24064208151536726,0.38489751015444196,0.9995187608660532,0.036723416017920965],
[0.1842046936709082,0.7826487517409765,0.3411629280512428,0.03889162323301752],
[0.9730658138138693,0.18774563606278494,0.9795620935168478,0.20664583375946935],
[0.9114793764008926,0.6247714068268672,0.049177307881134835,0.03853460826178251],
[0.6257687266890107,0.9248952605613019,0.2861178996372612,0.040416769597601154],
[0.7162790056322256,0.024619632897923904,0.3252171150221804,0.030131864927969532],
[0.02561041440636147,0.03230445662740278,0.20336003381532253,0.07491290375109898],
[0.028734607397264633,0.36537387505333596,0.7106833041076611,0.04560276769751617],
[0.6529530959948452,0.7248385831279806,0.012339617243873113,0.03519007501730276],
[0.3698227193737448,0.6843625239797845,0.24414447160918273,0.030683081667810228],
[0.14480272527897475,0.6347350329253794,0.8564722428157612,0.03235313781647932],
[0.29773044538310134,0.056002600759927024,0.292949263948999,0.048696996847488405],
[0.81482432085769,0.896648992233417,0.9723028695207677,0.08758429327010113],
[0.7668784667390468,0.659664145022425,0.04112792698968071,0.041496918401144375],
[0.3788457074919914,0.24343694405376348,0.001305651885104675,0.04079805199544488],
[0.9847639648300652,0.7710344724290427,0.8349623330515114,0.050165099978926986],
[0.3795947562564026,0.8482248510768686,0.736361523646776,0.03326844863157925],
[0.7195826434944579,0.8250987418180306,0.3112803027371497,0.04656927135864661],
[0.13931093071130518,0.6772601759653574,0.6190879837548986,0.03742953270133581],
[0.6238471839043808,0.0968289881884794,0.8144529650726545,0.02921252830032783],
[0.3484224537860847,0.5171005199777139,0.029713065059635113,0.02945716059332004],
[0.8591119085089115,0.003353183670963933,0.2610626952221534,0.06660304495467999],
[0.321381222966586,0.7114642138974228,0.25005434731080245,0.07554744331265843],
[0.8770766714090558,0.05816942559592242,0.3099143899389808,0.053501982712920296],
[0.6911725895810331,0.9938730205716008,0.7237234036294233,0.09857599421346297],
[0.9873024042528277,0.32102260882339284,0.6569873564336597,0.07038333150833516],
[0.7002137557164786,0.1026380532178588,0.002643979174337341,0.04070633863593008],
[0.3750944015886569,0.12252001176716343,0.039970628598593794,0.04803187891247568],
[0.6860396096285615,0.3488696827048521,0.6475570104972105,0.029491312537011472],
[0.9590302709223121,0.328989954478649,0.1921378712290378,0.05197499114942916],
[0.2089936502285219,0.8028674234316806,0.2363000100175443,0.09139556200982243],
[0.7658981960022876,0.6509254488562175,0.16418806066904812,0.04628811007710264],
[0.8368402084850152,0.639806903745763,0.0998525254283803,0.0480113824987934],
[0.6703942198160785,0.6838269150165285,0.34316952744254114,0.04478971873390586],
[0.3330700455994784,0.7944123745513241,0.3282295770217083,0.04129964581262002],
[0.7937198128516089,0.6177556579995752,0.13186390718247298,0.030875437261434897],
[0.06757080499785495,0.38565784094607425,0.38736253588191505,0.033429331293154355],
[0.8402443957895637,0.6542562731279892,0.6511415353871923,0.05064171187895246],
[0.3926407395595628,0.8807228912302137,0.03163802260942339,0.0307375277386113],
[0.01915609693867404,0.7765251683227989,0.3980062212757487,0.051424064126164626],
[0.9976873309606509,0.9593852942404838,0.30263781239623755,0.0776322989298354],
[0.594792460562098,0.9843601086591589,0.7636201583600103,0.03309596106180611],
[0.041959192460837125,0.9869568414850804,0.0928271430400186,0.2745544903405826],
[0.0018374769902459454,0.9518532565386514,0.9697912562989983,0.3414328800247338],
[0.6989423098610086,0.8013378221174584,0.37499948488080836,0.03456294110803307],
[0.0944244879388646,0.761253260029922,0.6257435862379511,0.030120928564273775],
[0.17192826731596367,0.021661839439183095,0.6033501535306804,0.030078009909832077],
[0.6314200521810521,0.727111992808429,0.9316950664686505,0.04581409928588635],
[0.034064208178848254,0.014963191299175782,0.5387439087321093,0.029153882079970255],
[0.6452496256317487,0.35198851973309575,0.6894130473705935,0.03751319227620066],
[0.12063745095485179,0.4902196729260453,0.42723725160980286,0.03160701146797208],
[0.6487087538533821,0.3425322772376036,0.962237976197937,0.057413990167218196],
[0.48798321454883364,0.09587306925110384,0.16272047636891618,0.02945416378656544],
[0.9874290998888812,0.44343390168518637,0.5906844725595423,0.030781316030952726],
[0.8791147440554249,0.7364131487194531,0.6991866372100808,0.05683648756352283],
[0.7706581702425681,0.21706982334241964,0.13739891103586221,0.03539111933445602],
[0.0530206363485628,0.6338812717762943,0.8124738188584987,0.04050964374203832],
[0.31759373639254374,0.01794258935072035,0.12889048692345229,0.06935129582699462],
[0.7099515358086826,0.02190222182909074,0.0751812208581838,0.041831545405101284],
[0.7225973929772107,0.7865143004859728,0.19002086005418273,0.10900366992794203],
[0.9640205614794973,0.3457871372817345,0.1284699547099455,0.04085683662531919],
[0.13074634089282233,0.10118307601229748,0.13525667976445377,0.037889197949211306],
[0.08858443414039796,0.042461769829127305,0.6059831331069904,0.03722328585391302],
[0.36129160089915446,0.8329492761571228,0.020062884831447914,0.03239201979008163],
[0.3154963657789104,0.8272797884641405,0.3030566080935919,0.06617939304365776],
[0.3766198293816798,0.7687396237240974,0.6609495308307619,0.04285317321657102],
[0.9728610325442911,0.7617404493661025,0.7754115121023883,0.045662931563086664],
[0.12515376486508012,0.3755154441118157,0.7449355464444842,0.040777746698023434],
[0.34360365023395123,0.23390216969188804,0.0787212143312308,0.0306670898899367],
[0.2033839401657923,0.006027143939848156,0.34608956622940046,0.043240215154879524],
[0.11689702935980839,0.5086689908417703,0.004115076897616365,0.030677396035102566],
[0.3931223824072557,0.5316384617967507,0.03811962185454576,0.034306262511800314],
[0.35493154195640375,0.443408318730366,0.9912358228121251,0.031121189090111554],
[0.581119700840802,0.9900131315439231,0.028288477800159084,0.0459115950095247],
[0.6978122153154764,0.2321318298971431,0.20127129699074298,0.03608790274574013],
[0.7164221474759189,0.040235281991637395,0.3731226343575206,0.032265200509138225],
[0.9948733877821634,0.3494022518274823,0.7774600491281797,0.0354696819264696],
[0.00508545775190572,0.5162803896559549,0.7686530616164781,0.03547245705126331],
[0.6908936151569439,0.1020263351370746,0.368367048150017,0.02892808055219338],
[0.09205732710714698,0.2265629073355464,0.38630169121065683,0.028918650725023264],
[0.8782020821620089,0.6769771091221612,0.3159841677558848,0.06120969548850816],
[0.3265202578715145,0.1762812972044946,0.6664254332975393,0.045877516951847],
[0.307990722530892,0.06309906644819918,0.0703010519376629,0.0463176488832146],
[0.9369105736211065,0.9783257532820862,0.7138441523082908,0.03226600357201148],
[0.10086044672257288,0.6292076882453154,0.06154209870103733,0.028981102806253437],
[0.30209750900862986,0.03853561698787544,0.3497603929812807,0.03649567829816196],
[0.8978763677188116,0.7974310500435394,0.28309221331630685,0.051565099947832344],
[0.6236196712378459,0.6200630120348322,0.8239765838256333,0.030740207199392845],
[0.6541033936192028,0.8213608130078227,0.7865572683798285,0.04733091872597904],
[0.7209589797104327,0.3858611991426454,0.37518907911141297,0.033447441988654875],
[0.9646058786385057,0.606571594238875,0.9972059442425361,0.04101097855026985],
[0.1297348156665833,0.00286595545796664,0.32434094870167074,0.06585803410735473],
[0.7663407937637848,0.9234954780661965,0.6560191348918771,0.03393371992741474],
[0.05541414129150157,0.6453212222228638,0.3491854041380368,0.0367448356063524],
[0.2215631968990751,0.9091651720642366,0.6264919673309003,0.046424928263989224],
[0.8226077600533332,0.16923857929339303,0.6546040901669666,0.03162950558602508],
[0.7334187860386429,0.19098624567727995,0.1081267744272435,0.03358988659276074],
[0.9328535547771639,0.6888702958259149,0.6988230235987093,0.06971430343547996],
[0.24021334922202442,0.2521833772597575,0.6083884564968471,0.030143429853372924],
[0.8726261797328997,0.3063480073629353,0.24479638799605385,0.02925464768725283],
[0.9024829042256669,0.7409727425099956,0.6333118543693164,0.03999924028115098],
[0.7839640613287877,0.7275423140926487,0.3693374394509983,0.05781618327962641],
[0.2528406486308665,0.6510971012872101,0.5689737610331476,0.04417272092772091],
[0.08196727238899904,0.5245633106385814,0.012721146077303014,0.03390254920184452],
[0.16202071955491437,0.18551683270993835,0.004631345807850851,0.045560156811430344],
[0.5558051733379503,0.9298929356943039,0.7956700321580372,0.03701496383790365],
[0.8212693365851905,0.8176575067719919,0.9048495425441706,0.0649877147692781],
[0.4306935514010034,0.014563527699694157,0.6586253275391392,0.033906650720142],
[0.1101518636233948,0.3558264560780775,0.2735044459077861,0.033162004356931396],
[0.10268499714262669,0.7092069063278965,0.32666890844407337,0.06402503539917015],
[0.024892293951153666,0.12424563736505245,0.20476029706394916,0.03799465610432966],
[0.6593904097051347,0.6147721794402824,0.14203616260985663,0.029787250997309344],
[0.1910629730081782,0.9885587879970238,0.3543862163162904,0.04478929110534499],
[0.35876425353682917,0.9476033466336128,0.191541775053216,0.044953956348091365],
[0.33054477954746087,0.2535224907116439,0.6342500735430213,0.04559182806582296],
[0.4142263449407455,0.9146027054997001,0.0016200751320738505,0.03732870612824252],
[0.8835395973253508,0.07062503400175857,0.3669725021093617,0.05039323810947262],
[0.6624161327613969,0.9714641586105804,0.31225529551327513,0.04341718116657797],
[0.3759534906900841,0.048448208106906976,0.21019264052513142,0.04312487500679078],
[0.6622548683910723,0.19368948233531613,0.547964378814761,0.029391684735270773],
[0.15827969219223448,0.9004696794117921,0.6218853901287813,0.041187698655056754],
[0.7850791416848516,0.040957818036451044,0.0036715843488490663,0.05993452074596223],
[0.9958363522813729,0.37007186658720304,0.20361203300091713,0.03531951599712162],
[0.23828936785175248,0.6335885867432461,0.5212853514751852,0.030829576711168784],
[0.8888102253109582,0.3275679707127447,0.2974361779139979,0.0490753805105523],
[0.35557084906212844,0.37938223343204036,0.08323232493043942,0.0397232963186807],
[0.028667538392888936,0.041253639640209894,0.05330538940630136,0.12174428155896211],
[0.32447858885951364,0.39842386995431334,0.14009393966911476,0.02871012138581831],
[0.965023694087405,0.3132816084915645,0.06763738995847368,0.07912954183703691],
[0.9987480597039275,0.6507651627925906,0.06652007951388017,0.07741057583147316],
[0.09610881107788227,0.6239031771192296,0.7262909219698211,0.034818151372478665],
[0.01010526144773416,0.228388301987817,0.2493241326826363,0.04001253083837947],
[0.8007636918141735,0.9103261055633415,0.26643683501294213,0.04180032098594717],
[0.23446950581241777,0.2935085853203757,0.1953390474414871,0.029171219088270677],
[0.8866316770623806,0.12681868330575374,0.3537693387588047,0.03478203673492826],
[0.05156775976611094,0.3662322622323819,0.2280890176456042,0.048403375171538254],
[0.9933405194190952,0.2031316311965673,0.1965154872148387,0.048222498508125294],
[0.9970478819019609,0.14603278868481073,0.4124071667840399,0.05108017341649865],
[0.948700618125539,0.9943888602148625,0.9673274624557665,0.07939557543463728],
[0.6790458867327841,0.1829589717332577,0.6923296901516797,0.06565561989336476],
[0.7305295099574497,0.8329916657193356,0.6580377556023324,0.04360946698192279],
[0.1622148571500046,0.6837345654977827,0.6492234507639546,0.05802834456203124],
[0.09542668114934483,0.3345488593004412,0.8232944064704322,0.051849623800182446],
[0.9988290136606818,0.262894952561991,0.24435264150293712,0.05681563655619401],
[0.3729504479388195,0.15004892533874992,0.35650597412224727,0.029742364422464914],
[0.2409373185042576,0.5866694237223169,0.017154914155391943,0.031015245782691093],
[0.39019565793245425,0.39003947428293273,0.9768058438896783,0.03272951035707279],
[0.3634234270084452,0.2647354806859328,0.3474009998742096,0.03049478269803835],
[0.8563914646721739,0.009204886789868416,0.1897893225564633,0.041094680888879714],
[0.7338049467921058,0.09203253614060325,0.34734329756592874,0.04278822405803305],
[0.734753800450642,0.9024986698489686,0.25421468328270047,0.05907295630207596],
[0.06201490126992226,0.20272785396623905,0.3564252373701099,0.05242299758468551],
[0.3210904015690086,0.9892129646154101,0.3886467017471783,0.03979035318796917],
[0.3432687309218849,0.35064389132111673,0.11907861619647664,0.037406348242604734],
[0.9731257204097805,0.9433016521456743,0.41033109908690135,0.04034023124283459],
[0.3179158635594388,0.6278158754206675,0.32538479477560023,0.04594087306908211],
[0.8274365759168769,0.12966217095591004,0.03676703702448525,0.031242560000828343],
[0.4096030786628263,0.5776186706965242,0.08495890688936136,0.030322911975567624],
[0.5951323536234349,0.007595865354587339,0.16635600376378745,0.03289287991010115],
[0.6808053651184297,0.644833238896993,0.7520172084673329,0.031888255142586516],
[0.6805053099558415,0.34005956660649783,0.38803117334183634,0.032899335754401876],
[0.6402923484111733,0.6589882586617267,0.870051624639232,0.0517318186141415],
[0.36289836813735055,0.17431712430413204,0.2691477779282433,0.03787076307338583],
[0.617501299632287,0.12633944607958192,0.6851615246524451,0.039991849507913874],
[0.0323077719174274,0.5103865907891697,0.11314650041369612,0.029361542237555858],
[0.33768740194169256,0.17897772813311708,0.09697115489329255,0.0300885234191992],
[0.5639839683067799,0.9702695485414959,0.24550311876930808,0.030434589594928996],
[0.35399224386715755,0.7771092751452837,0.0148208137262974,0.04542208747593951],
[0.9848322291164338,0.7340912706831112,0.6621549293316386,0.05562486538426965],
[0.3613036342741254,0.60556343654879,0.1301006729138251,0.03218186580803782],
[0.033943404855748094,0.15165918310046822,0.25733314255918915,0.03945772399339412],
[0.7408305664061755,0.1604369161446464,0.7090412436951217,0.0897994541620195],
[0.007754049919267647,0.6032863889647512,0.6984591550391005,0.03275708093359769],
[0.012473442841309357,0.3077103046708035,0.2743772087379551,0.07718135474202675],
[0.9197047867246997,0.968794962244713,0.29866468178400973,0.05332908131196937],
[0.24883603781310382,0.6055294361073361,0.8549873789151918,0.03520335522391381],
[0.9448740238617535,0.9085420840779571,0.4862862743681883,0.03310825027696626],
[0.4024044080238942,0.9848375138759685,0.29529189816426626,0.041068137471378635],
[0.6503792979806093,0.3619603623453166,0.6282737885633151,0.029819141590185203],
[0.7816600638843475,0.8328164350308037,0.8462914082631039,0.07844524185640238],
[0.7987852031229048,0.6622291823891853,0.36692817841912084,0.030361888669057775],
[0.6106724349252549,0.774966691094953,0.7026721613013303,0.030359963531882656],
[0.8895535725451139,0.6369719639578899,0.14287036935326047,0.0513075818686574],
[0.4001833918755796,0.5616482632899312,0.9078007910278182,0.030246428520949855],
[0.759446931764052,0.07117561425975727,0.6288848598426313,0.03658861844753303],
[0.23216843490318018,0.5807206256858539,0.8236039055213905,0.03817651444512843],
[0.3436988563497735,0.08237468347511401,0.3503097535351287,0.05728044396138701],
[0.5377910744168447,0.607545133452867,0.0013954732867730302,0.03109462350094194],
[0.10123501431435977,0.06184069311352991,0.28424089795203433,0.030435970241933914],
[0.4022772354810239,0.007192818300444492,0.2382628294367064,0.07177646228020519],
[0.6828311591604936,0.6454450128133552,0.9646991432067706,0.04325096897286965],
[0.9994165329462215,0.30009065179351524,0.14807547585915648,0.07067314916899343],
[0.8727167243352932,0.7060064596166332,0.6232930851656946,0.04680588290133916],
[0.029621926028504775,0.31535867182268806,0.1544796570798438,0.03932018513384511],
[0.5838952911698074,0.0013581396852186955,0.8361717274197172,0.03531415724245855],
[0.32897562313115114,0.003917970527829384,0.19647208446796283,0.0635180310588899],
[0.9921976510204792,0.28863352156278654,0.7571702211497111,0.0962176202161213],
[0.745407114238391,0.9211347466926274,0.4177987398895169,0.03118898570123974],
[0.10274131687953825,0.37467193528081566,0.22244459782963666,0.04570478285558764],
[0.28074679443608763,0.34745681579491916,0.3036626887948969,0.03152358232443617],
[0.3231733431537366,0.23347801545314784,0.37677365723224365,0.03730616769385085],
[0.3722688549706934,0.3697478158640477,0.9984147676871016,0.041910999636482885],
[0.3562804276004168,0.7818457346484435,0.8363789564308115,0.040955687947634184],
[0.820505794310085,0.6844528782445005,0.49046364119654484,0.029498676895603763],
[0.922743288285525,0.13995975485094758,0.14817997163169272,0.04281356960019665],
[0.7645108596938496,0.853200520162328,0.34894350941407415,0.030942164417659745],
[0.05496689955271239,0.14791535569574843,0.3821289688010492,0.033895988038330896],
[0.6676122182635242,0.1994602555789261,0.1937698003462318,0.03726800871260706],
[0.12904795140870273,0.09726903317346947,0.3843704016997207,0.028771165300810097],
[0.3674184305553784,0.2029637369564894,0.05359928648829071,0.034190013145559126],
[0.9924823883251516,0.07993093664534145,0.14888756223641286,0.10792697680728716],
[0.3203970568150766,0.0956053263936597,0.6593124508448116,0.0453583438065122],
[0.8638119626861459,0.5731044631120106,0.9895766358053116,0.03358933201470131],
[0.9826332023097581,0.06094405924885793,0.3703705645822677,0.035757490776722745],
[0.876192231264389,0.34440675031964885,0.3597854468025795,0.04444141681328731],
[0.7372648624562901,0.7813318453252405,0.8053385403534096,0.03638720869508334],
[0.9306898467955327,0.3637067119026931,0.7630226528227407,0.039434152122951954],
[0.4705036585952599,0.5201248948501866,0.8755795689381971,0.029936530518183648],
[0.1346795982018143,0.3256787922051829,0.6207603735226379,0.03142822485648297],
[0.5696096455871601,0.0034349139223774916,0.45876106699884633,0.03353294897047876],
[0.36648900084671865,0.33397282732737144,0.6424675026169002,0.04148363411211958],
[0.392137492915129,0.997287055246095,0.7104959774493876,0.03119364067224571],
[0.642820668498723,0.28373941176743567,0.7472836637825989,0.029613793769516627],
[0.5657804913950236,0.8399678486205153,0.4604007565202657,0.034145251055882106],
[0.7724163588417691,0.9305877032437807,0.8131553242469348,0.055022651438485046],
[0.8083255478498979,0.31475403591570983,0.06376070475400086,0.03487817103424731],
[0.0506483692199875,0.021278199642612572,0.3481739120544587,0.0502252787950766],
[0.23373928162630975,0.3981689364349662,0.8665206950216683,0.030181080417398625],
[0.3582897917689458,0.8527323619899304,0.4625828558897923,0.028912714721622917],
[0.3303442273175008,0.7774392737967775,0.7060270609691195,0.06760733951762103],
[0.35051047765451837,0.9986496610513335,0.5983115123038278,0.03103651788378484],
[0.9914361411259033,0.8594682659958751,0.7293143939340101,0.034450896348990415],
[0.3686016223431754,0.3237036035878271,0.2002059470872234,0.04775550598195176],
[0.44440656687679847,0.7962521836132136,0.9986818193112638,0.030360538753309126],
[0.02348270973911537,0.30863971622397945,0.4012483873817875,0.03155603686085798],
[0.8402934431268246,0.7331482959262969,0.8321465913454333,0.08425388908415947],
[0.5614734313488041,0.16343548312580902,0.15391074958979023,0.030308323364873647],
[0.635630942420106,0.860715353958679,0.08527363925435327,0.04396400940474268],
[0.32015303228931136,0.8366651623612815,0.028605628557010765,0.07385676115503242],
[0.45718858046955,0.9832038330953633,0.9179876960603011,0.029824994669767523],
[0.19762340602076967,0.7449216985955565,0.6632671092521417,0.07222517205813597],
[0.5769532110111757,0.7905084194369533,0.7418016985302975,0.032685624584281106],
[0.6197114623832939,0.82576091371697,0.30237077245125155,0.03152547065841109],
[0.1285588780889816,0.625080731195622,0.9868111116432693,0.04172703857443308],
[0.21047429214832725,0.36164994160537944,0.9653940976610135,0.03896822450989909],
[0.0371819083456113,0.6641057406038295,0.697565333232602,0.06282949204562828],
[0.865252444003795,0.37029739677484985,0.6320579389901027,0.04368690083722283],
[0.6003444408298996,0.40091177113419885,0.9316750222951694,0.03587079010395544],
[0.905675480490475,0.16997096994397654,0.3795945922850321,0.033042346606494064],
[0.9101822687086156,0.34192055975780244,0.12677388507303355,0.04209819509078756],
[0.21546930003238107,0.3821572525023581,0.8336325722245337,0.03211752540939203],
[0.6386337481549775,0.9337427882338512,0.042009238665370874,0.04667019613859984],
[0.24293112420763796,0.3380695254707399,0.9963942892259774,0.07015467262620827],
[0.7744997344733786,0.761230533119941,0.41798711600810623,0.029556268574468362],
[0.007625973543776254,0.6552691246552734,0.3120811893101697,0.03362971267179815],
[0.6451562801437197,0.8847917050702115,0.22688593175222393,0.03540245103962586],
[0.6454304537924554,0.9669402226041492,0.8087212109431704,0.03360737104193792],
[0.5327488025678532,0.9893184775084678,0.3872881610801573,0.03148305680933873],
[0.8364914404361703,0.32357747398323744,0.037816940994742976,0.04383645771636423],
[0.0002285445480023629,0.31810112566899984,0.7316435119957462,0.0825888229799335],
[0.3231457638631484,0.07130797059319582,0.02662369296895295,0.07674306349645942],
[0.09065532955000188,0.0023945426515685764,0.16966767770289992,0.05755808767121798],
[0.8012013506315135,0.6424597047739167,0.0038963947409975663,0.03873614505710324],
[0.04529967958032877,0.3431682339515766,0.0058671937557852605,0.04357853534397704],
[0.8771810080136669,0.1911759638972128,0.14795525722608927,0.0340791371061185],
[0.005367846814527066,0.6474967348950963,0.3667275688362802,0.029005694450371402],
[0.36437850314794606,0.07446121383533555,0.10246096144142769,0.043036307695614395],
[0.8306300801707086,0.5378226015512207,0.6692065509588682,0.03315372332902926],
[0.6914735050266344,0.9179138816377522,0.33376682838495886,0.04320767017370472],
[0.9437591471540783,0.24326520790964778,0.6383151032471165,0.03787914928685132],
[0.5146390257701966,0.49458549512272354,0.30497011462941503,0.04120063892721955],
[0.674413939378667,0.5389770512641968,0.1969195820590386,0.03029217932824332],
[0.0032879568519245117,0.8352784842889002,0.41429663473966716,0.031031761235371495],
[0.20170008329202016,0.2835146322871276,0.008835112278865909,0.06055240654711298],
[0.6171506611027362,0.6364062922755531,0.77867960986231,0.03127295420929091],
[0.10924803382321213,0.8120063147896946,0.34557120575520106,0.03517804516137649],
[0.6057213957523724,0.8321876405370786,0.7477962488427842,0.031898142546103125],
[0.9966767132976928,0.6500310405286278,0.40040344199755795,0.031883589931720746],
[0.6185398371507704,0.10893899018523001,0.7224340338585556,0.029903990716236426],
[0.9960394996005545,0.5817248448973609,0.9710736325382562,0.03611709626890737],
[0.5026141804784424,0.9781534606637229,0.018459971515702556,0.034647024184137704],
[0.16825495523489853,0.054481049628508416,0.3488061692205675,0.03791780528470172],
[0.10099111944239159,0.3352118655633388,0.6678031367406424,0.04600709107201979],
[0.1419611052386982,0.3795281952980859,0.064124326994071,0.03329974668350566],
[0.6526490936868182,0.6503743654657267,0.49936098859128786,0.03196061821510199],
[0.3055862321575601,0.020423954866960137,0.9693056327107792,0.10479625636413414],
[0.6604312527529879,0.7011298561453251,0.9917396129721919,0.06950970968833084],
[0.746856803471594,0.049928385287890675,0.35937150563939346,0.032681779308304945],
[0.8532393214892272,0.21241151729830332,0.13235995533155387,0.035248629746706936],
[0.7446589164030789,0.001306435090071112,0.46323946010953776,0.032661553343019],
[0.6033805399170077,0.5894269400625922,0.7071905611004906,0.03812492252435587],
[0.10354908354902725,0.004447131073208044,0.5957787447661401,0.04845242425827358],
[0.3796697961994099,0.07802247463498235,0.6778186825122392,0.03272697726559137],
[0.9566509796303857,0.6335619741836305,0.6097829475188383,0.03104499837681381],
[0.2555309208255061,0.0077227834696427244,0.08508394831705157,0.08256766035130582],
[0.13145987906046142,0.9070402242667343,0.35539189051199327,0.041959160464475426],
[0.6541824950732777,0.778399612326443,0.055648454977817785,0.056972836265783464],
[0.494771287543872,0.5238377153417046,0.6466860705381633,0.03125909429631488],
[0.49920443738081033,0.2380858454706396,0.9190309222063119,0.04099051688515208],
[0.9576627095460808,0.27400625925439237,0.43526648728687367,0.03212518192121051],
[0.9951641254230628,0.9752406842348524,0.42283922378860284,0.03788264555493043],
[0.34872807278218565,0.32724842645130836,0.387544315636159,0.03414820738133284],
[0.08460856163317265,0.6713754564602445,0.5828705017821086,0.030213629353181486],
[0.4479077400231948,0.5331889636623591,0.8966197302472778,0.028735025661737527],
[0.0003796912772587868,0.4452725577120399,0.12064330726126637,0.03404585056520516],
[0.6454563575374247,0.1692072714274634,0.583304753066867,0.03173256260574933],
[0.33921827986346376,0.7041826308614761,0.6144411022484115,0.03631773426495255],
[0.09562622379559993,0.25826529936493847,0.07108480062080114,0.03138338244082957],
[0.66178053829963,0.7844226193160156,0.33214192515943897,0.05650914261390133],
[0.8596775934341178,0.02299373106212732,0.37989815109947156,0.0445562729078187],
[0.39400078791408233,0.1269373398294097,0.2954822493330671,0.028826147107575594],
[0.8676696916031238,0.25722255113386405,0.6405894475410145,0.039892052617437126],
[0.8315758475827207,0.34206468618890384,0.97754124392012,0.044324760449907075],
[0.10055219209736788,0.6443984433716913,0.7965222328448464,0.03322744485229229],
[0.6687907846494684,0.06751081266334003,0.34537842163930044,0.035741776230357514],
[0.704215400220503,0.3538054194860045,0.33605544442514623,0.03541560663531805],
[0.2894726980808925,0.8668958069694389,0.7353856052716862,0.040544152466465255],
[0.3954260316629922,0.23048158238291883,0.7194465563212644,0.03402526990359521],
[0.41315113198045816,0.7809959143889765,0.7913264841258852,0.03764985833045509],
[0.09279827924842476,0.37224443399560037,0.30214962302988735,0.03033790247896163],
[0.3227157601695626,0.9982274728058428,0.6188514921690808,0.05821590676630145],
[0.8176134396853529,0.10663329412860656,0.6759062679554463,0.06792828294990563],
[0.38003972409082987,0.274377135572046,0.9416827047881147,0.030170931418787923],
[0.8255439634107063,0.023993038683449264,0.323231756997971,0.04086426949411298],
[0.3632916706115559,0.30575186983251357,0.7128864640850288,0.031190241024994948],
[0.9358570350272885,0.29820750934706075,0.2985959626970781,0.04272243137837921],
[0.03078033177920836,0.30275866519859584,0.6337688748385997,0.0395890147641836],
[0.11561725962742431,0.24214676133627344,0.009785645056627157,0.03819778478319505],
[0.05191008435064426,0.10035625368754708,0.2265372937227973,0.04625121564287228],
[0.07188476114417808,0.06714719442711603,0.3665386652586744,0.029351000977045207],
[0.790316013378371,0.3587808580909828,0.71844809500907,0.03549306380714988],
[0.3850102285270911,0.10676231204017561,0.22065229044271717,0.03608170842462892],
[0.37183036608542774,0.6811593424980426,0.832072838658272,0.030274661154617317],
[0.0938292886695421,0.1003932369109436,0.6176417999864005,0.030951361615147877],
[0.2731017028546263,0.6457934511839287,0.6185956920005539,0.033213193549933684],
[0.28608212952348155,0.9080845979840962,0.3076421072329648,0.034251943975907376],
[0.14407719135341213,0.33970992983398596,0.7624417020551753,0.054532965137942827],
[0.32029433370074756,0.9109033171500779,0.3135028173461585,0.03653312673382601],
[0.7838338965820539,0.1781660183145104,0.003146053912898239,0.032029541482748516],
[0.16947083006633545,0.1124117219181332,0.5134769701257422,0.029602941734869655],
[0.9471611905085218,0.37460607549116254,0.31153632719909385,0.04800365241940305],
[0.25735364788328796,0.6607406456633904,0.5086071167810756,0.03180147884727469],
[0.7836305833500871,0.3589128329247513,0.9921070457782933,0.057402186979907885],
[0.9329997466899501,0.11423087570209789,0.620549376250402,0.031901415068480474],
[0.015210400425222925,0.3169429326873082,0.04301007274989099,0.06538078638032618],
[0.38348454004161014,0.2153114164610802,0.806456828011536,0.03061008444694899],
[0.3629405662305212,0.35130854700865355,0.01067316136158658,0.038378420652129194],
[0.006964298915328682,0.19523575396072512,0.2947526025770486,0.040417959208868204],
[0.20925335068043371,0.3546744495790317,0.3305857863680247,0.03974747271274777],
[0.43287530197579904,0.7768245079129859,0.23190220980566023,0.03607584414611187],
[0.31828706891088543,0.4047372993825943,0.09805055359149917,0.02873126606965819],
[0.32829139387521966,0.30736733074513545,0.011163344637077133,0.0796316341847621],
[0.33463257002778557,0.6583764373410087,0.6500731511402513,0.0456356298446437],
[0.6561642436645128,0.3819552674650528,0.3570445399704367,0.04373694863852533],
[0.007308725315947506,0.6390184400116243,0.8103269565095577,0.03981422089916313],
[0.8129493420899384,0.34420972048352705,0.6452787547332097,0.030186114488508626],
[0.6320328682498748,0.6475234596371693,0.812185424730948,0.03931039763497311],
[0.4141482767989074,0.004655700038745492,0.5215861631249312,0.02989215238778085],
[0.6997286357274896,0.4689674856169458,0.0041279528226625395,0.031273145715239065],
[0.8217521028672331,0.3764426212645652,0.6814772419386753,0.031247307701288033],
[0.37100494766464986,0.2660548112114052,0.08812908216176196,0.031801192623438404],
[0.15693263397041834,0.39086915475608286,0.0007230820650381276,0.03895393940358374],
[0.6964151767651323,0.7875522039808156,0.8264719301620449,0.030757791546184226],
[0.9740803882156578,0.6559186277829421,0.6501497453777662,0.0594187596619294],
[0.6028828835849855,0.8234076196934796,0.5782193901455569,0.028869708820771934],
[0.35332219022754086,0.20328071056965447,0.3551570185023428,0.029909765987606144],
[0.33230249635363396,0.3809073001686393,0.23449443869287256,0.031138366740303968],
[0.6369313414866287,0.7808157493135363,0.8192193333506143,0.036715438871205056],
[0.33374731617227016,0.28725622481390245,0.1725287812633245,0.029334323461821566],
[0.9283965875557231,0.771265232081412,0.6561054610449392,0.02976124589683633],
[0.9479229383888698,0.8133322430666922,0.29522469189611233,0.041089250740230746],
[0.12011829364508253,0.5106180239618572,0.375167810924806,0.029544169666631297],
[0.37135097206203926,0.2801402868699344,0.1628674263678045,0.035167339401484116],
[0.29272973247922385,0.7069378233197076,0.6722624124068122,0.07057217825231042],
[0.31671217899855686,0.34886810248540423,0.8134980023563106,0.04376806568024989],
[0.8838841535216161,0.3790860000864269,0.868075378429179,0.039250592615008545],
[0.47552802888483225,0.18770544410761392,0.3778405694375684,0.028838818759008466],
[0.678609115731249,0.3732803328634575,0.8738525534137996,0.04845919647425784],
[0.28505409664342685,0.5848815140929713,0.3622379433940943,0.03269566935542402],
[0.21768862293330293,0.35358201647365983,0.9188147904304212,0.043271205980313004],
[0.6399591783953872,0.715938509796829,0.8385957408278554,0.029632612998225723],
[0.9890944342565283,0.9076191395532264,0.7356693417715426,0.030063293976646744],
[0.8465793281603883,0.7238406763625391,0.359876338090385,0.03464920969070222],
[0.40976378114672896,0.06892002060081648,0.2887382682560049,0.041182653881533776],
[0.24523765465469738,0.3467176637958649,0.27993248780352753,0.031228185794590278],
[0.2990083615910071,0.13236859713969806,0.34817010883868615,0.030683394119557814],
[0.37499921666955616,0.08387541213178651,0.2648000211539159,0.04962546989538802],
[0.6192269885412856,0.4027581229953663,0.3300211301343564,0.02892099681977681],
[0.7928248262509549,0.648947967268022,0.6272364629030984,0.032484519167214315],
[0.6601208275592132,0.9917693876351765,0.9759657465011382,0.05733560730606384],
[0.9847358513435758,0.6763269025898216,0.3590368015163754,0.03852472243710067],
[0.023700577393165223,0.25290907189669365,0.38393488491757455,0.04666347261593247],
[0.826077651948442,0.7178214998379406,0.6104653435694564,0.03194152537188327],
[0.6191123522079813,0.9936480465652615,0.8245050734494859,0.0525955474561495],
[0.8219702565568764,0.6304222599412128,0.15044916891928495,0.03193661468036996],
[0.509330781319453,0.28914761053511473,0.5688156426660481,0.03381851524186165],
[0.45551806154422625,0.059011140242135274,0.6976935036114904,0.029818372951996918],
[0.6428180981594205,0.9945750774714156,0.028831250605038328,0.06901456795642996],
[0.11151926610043827,0.5600635520719196,0.011433763692009435,0.03737035236998447],
[0.7819580736334081,0.9961309824680595,0.232608083728868,0.06264412260691114],
[0.31027104429567864,0.3251316118921731,0.3690773147895521,0.03788482985848644],
[0.1323546694798432,0.43739929421486434,0.6104210152324722,0.02974326606449067],
[0.7403959955991278,0.12325467001809898,0.0067158097973183395,0.04285389510076418],
[0.665362814264053,0.01903259619172404,0.08700064938333629,0.05329232589580517],
[0.7829449289039225,0.9431479329770828,0.6883020357866287,0.04225176538885987],
[0.3572437193260535,0.33142480854777423,0.8312912164714428,0.058652191528169015],
[0.354059583932156,0.20270048752475556,0.010883635805918668,0.03470304232443627],
[0.8464838945769353,0.9868307538205854,0.9714115585610384,0.07934078324739671],
[0.4463947793050502,0.8071309900231018,0.19680548325681446,0.0339906861938027],
[0.39881891958959137,0.6132930687305355,0.9800730410521553,0.029541009679743487],
[0.9758923906857204,0.38557462848691537,0.4342017243991596,0.038418267246057625],
[0.6861220294683883,0.6392130335801175,0.006079109564004592,0.0406243505128982],
[0.30940763423791295,0.40156211556238997,0.22187687725110206,0.0386883895079336],
[0.6246174039413335,0.6406980931869352,0.07809968420885116,0.03321272473477063],
[0.10051382650597407,0.4760789113787923,0.4061339361098302,0.030831505760487623],
[0.903328768824073,0.8374011861870301,0.9940286627149588,0.09705684789077693],
[0.6596174787604304,0.2553130109073797,0.7709105029319835,0.04367950117671811],
[0.3025427964190154,0.36003641070838466,0.19465020540716682,0.031149146087943166],
[0.632254033189384,0.8318022056820057,0.8427656911253257,0.04231996119327884],
[0.8596042662613408,0.7749241258344989,0.32426747598047145,0.037826863063627744],
[0.6995096089272916,0.02792880307637957,0.0016228311597026313,0.06560625261230396],
[0.8086253136858612,0.6460279748023351,0.3281279314483173,0.034396250701047695],
[0.6866727499704492,0.4330307912442335,0.14073283057377373,0.029618323944680804],
[0.3526852357114657,0.7232652009652063,0.8869188465029453,0.03632257738277549],
[0.8871993788400273,0.29465112125642956,0.07008163753238017,0.0318117520816945],
[0.1102047425064766,0.513255682979676,0.4571538554113389,0.03562078362789339],
[0.8614558842991543,0.34528646864824697,0.10300647440648991,0.030817180075101615],
[0.7501163444744084,0.8779252871778362,0.6683373412017384,0.034063952354712934],
[0.2373056829560275,0.6872724593091432,0.5951252300713051,0.054200225155914286],
[0.35450051468582877,0.3335954170609359,0.2918544699770075,0.05866621934111059],
[0.14371881017723753,0.5227332382330804,0.3927560887765049,0.03018467942354008],
[0.6473871129402898,0.8978759878088197,0.15381346691258713,0.04232616413550021],
[0.2717337354795274,0.29656060252067784,0.33709636014575173,0.03170476620900704],
[0.259503122554431,0.17731865437206673,0.3724747159000028,0.03266879128668418],
[0.3473038946058312,0.2667775149041761,0.203278571542429,0.033357014219545705],
[0.6181150609461183,0.23515036469276684,0.019782921439110757,0.029818806546777692],
[0.6659260346933852,0.38386342329286927,0.9196553230980337,0.031907934897430934],
[0.20957318913223788,0.6268959478029635,0.17845706506297387,0.048050687427372285],
[0.8210591029342829,0.2628254717349767,0.3494570464580392,0.03408568404081547],
[0.7186253351241305,0.2426050622340421,0.16602816961229938,0.03943349074665757],
[0.6836935872506607,0.26800589245099415,0.8975390511637079,0.07411640307027115],
[0.008265366271335117,0.6345725142211173,0.05970168816997201,0.03372384370737408],
[0.7237854505746003,0.33181059805585345,0.014270576928127277,0.03552545002377164],
[0.9169300761213045,0.1180183212836331,0.37064177411323507,0.05546093540959188],
[0.22637518314888105,0.0032543808406103603,0.7978040154036826,0.1861925891856954],
[0.31751513513945306,0.3670825580057786,0.6352351512671067,0.03778273823722908],
[0.22375016862318065,0.362351004630701,0.07151865248736322,0.030820307049149658],
[0.22177834490867088,0.1767002207413112,0.0036243505486915906,0.036620984405136434],
[0.19611314088184095,0.6009316382427243,0.8239062445394201,0.029705262530921758],
[0.5209755392903007,0.6832512515150317,0.008844767834483513,0.040046264175821036],
[0.2494887381214479,0.35488363429184344,0.10333404365711918,0.029239881571519657],
[0.7050526668077839,0.6325922136609707,0.23769690621780082,0.03958112847954205],
[0.8032351003651379,0.6467763351202452,0.7667386779899096,0.03326179154137594],
[0.7462281200685684,0.011674773460836008,0.3321509646081663,0.05438043653174379],
[0.6416948146696692,0.9458084448617191,0.577986996856469,0.029417165131897845],
[0.6149627496968788,0.09674596436406024,0.03380284419847002,0.03129201053012469],
[0.20136672882904305,0.20385570305481548,0.6261485459366923,0.051687834056774296],
[0.1242669445711918,0.04430481662200325,0.2686873344484082,0.029318157054303493],
[0.9869684913148605,0.7179781485236348,0.8131659884619131,0.09887278917495015],
[0.3274958485738173,0.3666728995459394,0.7548381009229911,0.04241202771681374],
[0.9834159372555762,0.28392578901870635,0.5716486821085563,0.038976083233713016],
[0.89762881201718,0.7964095671011054,0.37940362423352647,0.029230553278355418],
[0.9385395537130129,0.6227495357929099,0.002372580165396876,0.03735229795744949],
[0.47273074759973166,0.6432821587944912,0.01449618184836643,0.03098616289240663],
[0.20273849613152717,0.29504159498813765,0.35504628534701876,0.03826122558293678],
[0.2863230909927341,0.2275638312494881,0.3814906140140477,0.02898579332156558],
[0.5084139654244796,0.6535278752036903,0.32004395346139136,0.037343094165470075],
[0.34067861760272455,0.9281217654102756,0.7938502572004028,0.03823266301850248],
[0.8340736439642475,0.2810717415657935,0.12945659106029928,0.03700055262509652],
[0.1971969966309528,0.11715730173705152,0.00918683525454167,0.04295096232817866],
[0.353183293036584,0.31133606850868234,0.153642563383659,0.03914548367677838],
[0.7765113081004524,0.6196760117071016,0.24513642420125203,0.02976708592413675],
[0.6359603274272477,0.02227142129274784,0.1427303109732989,0.037363146864471716],
[0.15204790807830193,0.6250914727457637,0.350175998351671,0.03608518217159666],
[0.9965226864378534,0.48526529425383436,0.7217842457977433,0.03230131429074816],
[0.36106520595797,0.6379832818199516,0.7771154982656282,0.03216352426834827],
[0.6339674479985453,0.6831634642224795,0.3019483258854052,0.03196029588060931],
[0.34909495160703274,0.382696372562061,0.19459498074977521,0.03620364250983277],
[0.09428364625351426,0.6502155781465354,0.26972178349711895,0.04101253909519263],
[0.055691285066311824,0.3388122630686785,0.13120318973080125,0.03242559554321528],
[0.3618981607026104,0.991465185209743,0.31580243979605904,0.06116193992522298],
[0.8608281639081001,0.5200807831858264,0.6623011082864358,0.03259743331405926],
[0.8854330207227364,0.5212865544199841,0.41522082642398495,0.029205805107956933],
[0.3848042250170468,0.6637529597355825,0.8092829691688939,0.029470403508965282],
[0.8211286174170063,0.2686210867837453,0.00209257325344947,0.03410998631308923],
[0.9897141291861824,0.9962953432034126,0.8859562628078947,0.041879929311066114],
[0.9441424814354182,0.019825795471195784,0.3657353489601638,0.03402352075268937],
[0.6455425368641735,0.43317253999952643,0.1277948498587509,0.03272041035638015],
[0.635070903386355,0.008148866269342858,0.2196110507295106,0.03137401104337967],
[0.6621131953275766,0.37218181302636544,0.5687772919151696,0.030454704391773033],
[0.3188853204578407,0.4396933036884604,0.23939799889360336,0.03311922349592969],
[0.8143292162332058,0.31775007929398114,0.3586816949876678,0.04104870851692334],
[0.40566164709429975,0.41786439055106483,0.9646963370687789,0.031212744088210845],
[0.6182465284300102,0.7576951304812858,0.21837402035763753,0.03283628398995901],
[0.4228986101877358,0.8355642614423607,0.1618854168200723,0.033433571580481394],
[0.3647171075834228,0.6545740503726447,0.20441253315081565,0.040777886447666375],
[0.48778006494740966,0.9903348459108429,0.9719543710363113,0.029260675123715784],
[0.635371275577095,0.18620349056865193,0.6379976651637126,0.03299966582687598],
[0.27290672503426827,0.33814763848105156,0.3406088102691338,0.04100965717823794],
[0.7447554752506169,0.6870017437151933,0.12852807923666276,0.0756815430716409],
[0.9877538894914865,0.2451774912028013,0.44895767908648554,0.034951531665083815],
[0.9796639139999892,0.3862417941390631,0.6246598286244868,0.033624353355856035],
[0.6995231564838933,0.6072399649101033,0.9855573121134332,0.030127685420563797],
[0.6553812810848352,0.3592895692482181,0.7533985024129594,0.059136567492429515],
[0.7969467443661484,0.6550780392055559,0.7280882837965534,0.04528668271689949],
[0.8460255329712517,0.0656073268941243,0.6287938672299934,0.031059528398779738],
[0.8984779429274894,0.7672125216651952,0.7475173402964216,0.04470229286851159],
[0.205802744570595,0.8149938880504943,0.6299262111156431,0.0371137954441927],
[0.624661623224347,0.39006553161645896,0.9925090815482401,0.03262642355820282],
[0.3652135832718678,0.2242752361607927,0.3269029477690223,0.030959303056400527],
[0.8541957593667068,0.5901530079194582,0.09997460767888544,0.030478150332515972],
[0.00042108630464987584,0.019423986774176782,0.36881065828255266,0.03870381512253124],
[0.05845711608806592,0.7426711814260449,0.39045970729243373,0.02893631038095956],
[0.23467577345856028,0.27784117623370064,0.38279065197762585,0.045853868664312306],
[0.16125836076624978,0.3761571872684053,0.9406653330181913,0.04431840084936395],
[0.3216931261991105,0.10208739479423479,0.28046571207666393,0.03262602069224896],
[0.6188436889677089,0.6369629663544828,0.6335213077978799,0.030325334039819882],
[0.9005333001132536,0.14815033323448445,0.6337076206490587,0.04160761690125689],
[0.725436862903252,0.03819201082999091,0.17448477455735711,0.0304538050801809],
[0.41302609464868134,0.8143550699151285,0.7382717078926572,0.03182047716802541],
[0.3556066319260487,0.14432097069000382,0.09518938612694239,0.037865983687156185],
[0.6658905499436272,0.7697366391809265,0.8434125677381827,0.036999313493656524],
[0.3966915152313577,0.507828237452145,0.004749721541418839,0.03357771618287686],
[0.6618210674403819,0.08574880922988914,0.02040010550797733,0.035124010783074186],
[0.9995885357378674,0.7984461716060064,0.3057207955035003,0.0484757972592688],
[0.8671287376025535,0.13564285624127992,0.047403619602892966,0.03926215465014997],
[0.7603628745634157,0.8261902836902552,0.9303186013712732,0.09292195209410667],
[0.01760146358406678,0.4062805989794549,0.8933122785236992,0.029765333264207595],
[0.8637907517500278,0.35245465746073323,0.06408758896815281,0.052811639151276374],
[0.24825024379681038,0.10914977137036053,0.3572425949305357,0.029220903704003317],
[0.24294412741864324,0.5845018808235425,0.32811498771934333,0.036777904457680755],
[0.5418747294678339,0.9497591184513524,0.84709506035659,0.02887152427593259],
[0.33786535718748667,0.16366494334636372,0.027666895974060357,0.04560800270021047],
[0.2277601122184415,0.6625426090540049,0.6524919051496035,0.03860447211173125],
[0.6482827976582732,0.20833106860793293,0.002849742552215373,0.04127971316947643],
[0.18028115385264687,0.031550078524981595,0.1964064003381406,0.03713700229391234],
[0.5048887796994133,0.0237196856933225,0.20346060769394525,0.031792895847592664],
[0.25993759728123533,0.14606526879783333,0.6376300893401204,0.040220584058096615],
[0.03284546310341652,0.35356062500359897,0.10356951874452369,0.04837883990237914],
[0.004376965341141736,0.8070865810815205,0.591628292547973,0.03210997671199338],
[0.3596325897963254,0.1729828797286609,0.8406868042758734,0.0578833448818028],
[0.2814759932594032,0.5266237548153803,0.007600865686734903,0.02981082892489546],
[0.5779231040211915,0.9024431549245453,0.28322940111687145,0.0354521147600379],
[0.09979682115980126,0.26925305322633,0.2812623572854419,0.034760046192456776],
[0.3410680959233545,0.6390283062311543,0.9283513451890179,0.03670010107252325],
[0.8123864006777524,0.793808574017512,0.6565464429962171,0.030991368535852225],
[0.3395409349653541,0.8808167897247595,0.9534370839155576,0.036127660963308716],
[0.17447674018332293,0.9456405297679025,0.3801616582096643,0.030456121544016394],
[0.6153678890497495,0.13425978464675814,0.03140805881252795,0.032881741652041274],
[0.8419500686197267,0.6548790060639936,0.7217935520117716,0.043056428975822944],
[0.11085411144066215,0.35041628643464917,0.1827478374863204,0.028819765660262783],
[0.6475499010310627,0.926568589152249,0.3464565628448689,0.041861657121399984],
[0.8343579309740627,0.39486014234405786,0.7193258314219346,0.03715975853805975],
[0.8614737894054546,0.38733277598119,0.6732912815297234,0.030432189538347695],
[0.788273866167377,0.824651537745878,0.6494911556556544,0.03643402556657083],
[0.8481660321106251,0.8048518967177447,0.7149468951140935,0.029376804670865394],
[0.018971307496448375,0.7549320952594369,0.32736955773180854,0.08536011281116433],
[0.275385904160662,0.38290345279437454,0.0870336981922164,0.03987070447059557],
[0.3485587534150939,0.28235880744025343,0.3703564776074135,0.040632691449098854],
[0.0925205913292696,0.47381919762787184,0.43615685180666464,0.028969370267773627],
[0.9118165065068274,0.7687131538998071,0.38990222691850696,0.029423477559765435]
