username = nchw73
detector set
algorithm code = VD
dimension = 3
self-radius = 0.017
number of detectors = 1000 (from an intended number of 1000)
training time = 6.7
[0.4099672607856697,0.9015048544590469,0.5932813924179439,0.01924839325423186],
[0.029412503957603864,0.580625335846921,0.0949509128939594,0.02077784634646642],
[0.8249038017815038,0.625978956219397,0.09413503354754826,0.04127003743338919],
[0.8112072668597868,0.24217363797091362,0.16001633119003555,0.05198331919320605],
[0.9986406463742113,0.969748813513889,0.8335807142575121,0.051240492275615196],
[0.9596372327264515,0.005997966126402465,0.892873938819811,0.2934237040238035],
[0.061783995041713946,0.6952819135661937,0.4322374251012936,0.02028374396331746],
[0.386107730575479,0.20710823267705059,0.5722949229679072,0.03519970166382039],
[0.7300518471030458,0.24224151460248722,0.3502563599477011,0.01986322081193502],
[0.8944564552427806,0.00030535648747942457,0.4035185306703364,0.042290270052015126],
[0.22386584981120228,0.8146501979293203,0.703351042259433,0.033583954113767724],
[0.009784377047924342,0.2539467038080856,0.4312608910457125,0.029555032124111688],
[0.6994126833248627,0.445464392930375,0.542818625533622,0.023444020140396912],
[0.6318955425087063,0.7125918610109498,0.611320607744094,0.02077291754935822],
[0.5037542683630057,0.8401758908467916,0.49114447242273485,0.028383221243336143],
[0.007735328007832276,0.85336079311672,0.6218013024366634,0.03677756433472223],
[0.17253034764172903,0.6657407826878663,0.198703201925699,0.06716567541931945],
[0.1515693033465576,0.24879268579217095,0.9154363553618069,0.1584672832081761],
[0.19744731934310078,0.7595379190982944,0.6293942381338693,0.04708234286170429],
[0.218743081121613,0.5386680895532617,0.7490049658531227,0.024435078102791448],
[0.996373770233201,0.7832949728180204,0.7839844412777399,0.056349376582030625],
[0.36735949115146327,0.31928607866588965,0.6549474090213299,0.04214801578897656],
[0.0707148169683105,0.7086915465236964,0.8273255197194438,0.11222261321481343],
[0.7965337918016426,0.8517770807793351,0.3257738970007128,0.018931089889377806],
[0.24989206174903267,0.28061324193252857,0.5703648376820435,0.02646669395369293],
[0.7209181428306471,0.12297239005353244,0.36670698522333145,0.0405628148643773],
[0.8260530459357004,0.7029210428840509,0.5213505295702022,0.03940629448850795],
[0.6721909553103622,0.6419328740305648,0.20918703719947596,0.0570710972170593],
[0.3494468672986438,0.23106958545126643,0.3442710865481806,0.045584713260846496],
[0.36262210221036995,0.9078570219947442,0.7658713987650917,0.027370102652796664],
[0.6295412559678251,0.7016878291614111,0.19558633780577517,0.04107513317829311],
[0.9910891985367688,0.13762961604265644,0.5293486410274593,0.02084748018070711],
[0.644432631717309,0.4450373114413194,0.1570695053253507,0.019901209902112776],
[0.9554133517862353,0.8030159985200283,0.012527169845778174,0.21647941895148726],
[0.6829915653924644,0.3383671324510398,0.8911801227145795,0.07973217766926553],
[0.6760763085271718,0.28975293544483816,0.47154752321919147,0.030170176991062926],
[0.9708093048279928,0.22618243344166522,0.05558995932366395,0.10418739867625995],
[0.44358471417207446,0.5030904943801984,0.4777853532612879,0.02324106129398215],
[0.026656564487890222,0.665087611772176,0.2507941900684133,0.0715288092793147],
[0.9695882746883351,0.05445406795219854,0.255826412720509,0.11136311496423014],
[0.13627544924898027,0.7192966996836503,0.6617486200578786,0.0778451867598648],
[0.3644852835259219,0.08709319366847723,0.9366368653357322,0.031841509307654794],
[0.5754771525214918,0.7228881344153784,0.5380686251568514,0.032712995286449095],
[0.7655395284213312,0.7402418574254686,0.15258993205240656,0.14064769724873438],
[0.3193468555313109,0.7883924979595206,0.9011951142895911,0.08145384718490353],
[0.376773168182191,0.08160721710560015,0.7103088896378434,0.03628911823950226],
[0.1713184482549488,0.12280997554912476,0.043342605929825084,0.03706512617103958],
[0.23226601968840244,0.6902027108364239,0.647750071429429,0.07640226987034408],
[0.6154076057832472,0.09197218189726064,0.36705944314218875,0.029829381715176163],
[0.43520715751653594,0.29609172334698464,0.2035168296945491,0.021347900976356346],
[0.8655790277658921,0.901700337094463,0.2606952699506193,0.046958039254894376],
[0.1056321639645742,0.8958752698067742,0.31530821016081534,0.08233506441463101],
[0.3467530480734051,0.30021992356927774,0.5441098716382673,0.021311612879788888],
[0.17346553897900474,0.6101115006346676,0.3317658534251713,0.03649523577675318],
[0.16506658892993864,0.10752288808158517,0.10372260890044771,0.036154514425093764],
[0.21368086147711918,0.8118718717218667,0.9543766830719448,0.17421732691124842],
[0.6847756219666838,0.950433929427462,0.7848312847789973,0.054951179080702836],
[0.6290172794152157,0.3342146738111412,0.009264958002606294,0.022055938918360773],
[0.48584056611189974,0.4410215533370856,0.9475817022221746,0.027341923324204882],
[0.7877970531781163,0.9044939951781088,0.6290216318480394,0.021600185572973336],
[0.9070240835680509,0.18632964660299955,0.39664321494132027,0.0302492154009086],
[0.41105586625569523,0.9838059428322009,0.6552168836992468,0.02661826016856652],
[0.8080391682693243,0.30385077507549774,0.918840786055377,0.08712087750388903],
[0.1531143818581816,0.7002067530636386,0.10808612207094193,0.08466785000075856],
[0.510714021713867,0.3156037547943038,0.3400628865298092,0.02953770011401853],
[0.22481404083272383,0.9855474765040242,0.3526486534970237,0.06322638375598685],
[0.2054347086488505,0.5692779095432992,0.8434297539475614,0.028261065505101504],
[0.253245959787023,0.019467456253184245,0.3232262640837763,0.05751488786555957],
[0.7538417489015177,0.9999190943523958,0.81766514513759,0.10018089538205138],
[0.14695150149282366,0.4858729883924702,0.1873925100770102,0.02078170648921141],
[0.9054212809877862,0.39885242540778165,0.008643435055772475,0.026190149092032405],
[0.20491947715496128,0.8388437143850265,0.16220680010325572,0.14024395011682472],
[0.8221438066606921,0.0900927482226096,0.2939080590786989,0.019252521625310562],
[0.5165931932531068,0.28545806455274947,0.8077318628550447,0.023144801995582297],
[0.04715661160744333,0.9635372985031626,0.12732464314489822,0.2510793457379256],
[0.42613574653651654,0.05381979470750409,0.8876577499044116,0.03783902347507433],
[0.299514158317267,0.708921578280014,0.30235308965932717,0.09269945202652279],
[0.6004014547268797,0.5471686566080755,0.8748341797715293,0.019731382960433426],
[0.44199335953861185,0.3404107791030525,0.5649794445377422,0.023201763748595214],
[0.07324164729248939,0.0045324872611102185,0.1258743042434035,0.09670695512872794],
[0.21193670690577704,0.5242605611001597,0.06644304179464822,0.018913250739409783],
[0.9970310531554274,0.565211905502517,0.30509824077797876,0.020853713189914608],
[0.08408153124917472,0.7958693025540603,0.3577073494981149,0.052666777573380466],
[0.6675901880639212,0.22223526040909025,0.6790083500523464,0.06929548201964096],
[0.43464872575722313,0.24555738777014835,0.8705584910822682,0.017426783800027802],
[0.3132103346896863,0.3543771117045197,0.043891316272510306,0.06285363743109032],
[0.7474346436638873,0.9108127497141244,0.0375804587479327,0.1515690516319445],
[0.49273587483480885,0.25237217932973244,0.13426536203104422,0.028888749512740175],
[0.8389722269566512,0.5843009217419367,0.1152846271075797,0.02481398247018017],
[0.7826519436533087,0.9037123398473063,0.23547133657806807,0.08456669191226422],
[0.7661413352192068,0.3804007937879341,0.9264117970475085,0.042126165432615],
[0.5570450520796881,0.1869120518642009,0.22664308045401615,0.022141144245426805],
[0.21837600998200324,0.088427661568106,0.2535000852806172,0.02286006347504964],
[0.5286193693773203,0.6111224212787146,0.9147489073551094,0.032645062449932476],
[0.8607285179446729,0.305154277849092,0.695775648271633,0.0822455886980669],
[0.9297053772312469,0.27646838195230705,0.4018047392701639,0.04391654666635228],
[0.3482202607799376,0.4227364904860268,0.04988703479364198,0.019333286812263144],
[0.6203082693477547,0.29457908673983846,0.9245077106779493,0.03835766028216024],
[0.13298911908092903,0.3877741124327152,0.2934262034792412,0.01967654265945288],
[0.9308784468683368,0.4005443574905341,0.34719055490974216,0.02817735694870207],
[0.38346628289969475,0.4012397018072814,0.7807917906014364,0.01824160485545965],
[0.40723702389423677,0.17130890751843353,0.9233302343524489,0.020099304859713576],
[0.23499016621845292,0.47552879831709804,0.8871582637598912,0.030270641307482825],
[0.8640447352804637,0.8189625069858019,0.5057087458696702,0.027089982894370312],
[0.2747022331678396,0.9897040514350928,0.9248412381757143,0.1129177226425608],
[0.032185336358390826,0.2212851948037703,0.3110301434240368,0.035869786181545675],
[0.7505045951412964,0.33100060185924673,0.7596581166249994,0.06313996806010905],
[0.677659430093219,0.019024205082871615,0.633833597232183,0.03187357309742356],
[0.9803265626816936,0.8413411872810375,0.25451838501654134,0.08371171320433814],
[0.12335052785901812,0.24706965265558123,0.6690591376402283,0.08487427500273771],
[0.906801343347016,0.9484928107838184,0.6919261841235089,0.030844867230495288],
[0.38626972048509756,0.24833256684741778,0.8150081352310514,0.03097117057661291],
[0.7459395163596099,0.2662956663180086,0.6530596766947259,0.04748566136113186],
[0.8286977114043657,0.9000789152998191,0.3347647980285303,0.03149702356156444],
[0.4466128826816831,0.45110356930752094,0.8070080947632019,0.03079546657159491],
[0.27752474755092726,0.9990733934907916,0.6049492176587824,0.046183174651481085],
[0.7757751800388842,0.8675245535890578,0.7757645184530393,0.05922128997091693],
[0.3774381478363916,0.33799977330007414,0.7002214936695964,0.02972184205141748],
[0.8628088877415633,0.40438035294308194,0.5669238500965618,0.023394767994019218],
[0.3010312178807836,0.14011240510640144,0.6972431359826942,0.08805865194391828],
[0.0139112350626448,0.08654304460385676,0.7704027762495881,0.15869272335636925],
[0.19748246511811063,0.6661597070847612,0.8086581133066529,0.09517350793636967],
[0.9268490836146369,0.9093539784567664,0.4676901257019479,0.03495637242517227],
[0.7828594594821332,0.6660135637243535,0.6114972140831084,0.031086159414190705],
[0.5956780359993971,0.9785430983046478,0.1720397846420244,0.02812360124331835],
[0.4677647054298163,0.6072162987447305,0.5055221328016136,0.0343299727143742],
[0.2553633967293535,0.5915852958877735,0.8628534082859874,0.03204348275673144],
[0.14793124578250982,0.6636734695000066,0.026911643009634667,0.08951220631267269],
[0.603912114741284,0.48756945542739694,0.3400146935614873,0.020884294999177114],
[0.06458689148784824,0.36002452638502835,0.6284421221827731,0.028860180291010173],
[0.4456126503854344,0.3648273287932332,0.9294179085259658,0.021328967483233735],
[0.1302347137328429,0.6115279087179767,0.23853647766385988,0.031583759458075115],
[0.7712021492453079,0.16536647239280533,0.28233067864836614,0.0302692249619469],
[0.7571201475471536,0.6787697012237037,0.3405680860616044,0.07115594701732209],
[0.33002495212245553,0.10675495748906727,0.6071666813537937,0.022635952273202954],
[0.06805466910828539,0.3383211419326383,0.29400113862711663,0.0552862657707925],
[0.524080926868824,0.6665815630050107,0.1982518059942947,0.017905538743252583],
[0.4886657053878085,0.3128137902060525,0.4382064621642764,0.02103189223441146],
[0.391432213214994,0.724272032215346,0.7239598844965766,0.050180414418277156],
[0.23907080456267726,0.09507758381552256,0.5264123201870495,0.019123474420284642],
[0.5242379367195551,0.8833907367412946,0.7474206180857285,0.03616924024086725],
[0.6200651960871205,0.6383468181857447,0.9280816264021019,0.030273184906646808],
[0.07765326684528162,0.25953534316473437,0.06033110577503731,0.058643940143970424],
[0.36265575806512895,0.8374852579454792,0.7619365487138269,0.06532473193963331],
[0.23383413382449536,0.00986244967288985,0.5822995800436668,0.042300769038147674],
[0.036792127077005965,0.07057376518493097,0.2848606893479161,0.07979721383418133],
[0.26817005985781617,0.34674757292463954,0.6269444838053657,0.023968680313254803],
[0.16646140769497708,0.6068947488435169,0.2453067236130595,0.026363331813111533],
[0.9094103323176643,0.33971764976315766,0.034758364919035056,0.07679289614991047],
[0.6906866489819814,0.373308346728657,0.2722878472212924,0.018587824007087007],
[0.9186703445528104,0.735354286725362,0.6781603949369162,0.06750310840571759],
[0.6986782765561598,0.6198508164408372,0.9473472478847209,0.042389013600085027],
[0.5436046199428629,0.14849120283147277,0.13848977228128612,0.03995482860324553],
[0.49049196587619925,0.9353189522937126,0.06004428379480442,0.02309818837959017],
[0.546725895038437,0.9796803330152151,0.5856533163426657,0.025398382214439935],
[0.33607704590942744,0.5018702003470592,0.7821589378434537,0.023542520512711468],
[0.27214105480185735,0.626357088225291,0.18405787393428252,0.052153095063227475],
[0.6363935242905195,0.9512246620099343,0.9419727883832966,0.03236425567080057],
[0.2368462492472042,0.5679810542294038,0.3856741225824645,0.04274121629941006],
[0.5322298055444364,0.12707803277726037,0.6241301536548975,0.02322080268559295],
[0.11385752960690099,0.43400825872852045,0.5717978858072497,0.03234433790828826],
[0.6337493553549101,0.9901815687094712,0.23163417922570517,0.07511027416480215],
[0.043343738020071965,0.618621797590909,0.12254623173860957,0.040203865937115855],
[0.320800538962534,0.653983364056178,0.8480567762740455,0.07455060614344465],
[0.5494846414794679,0.6685612019905484,0.5401864342635104,0.026331254957213127],
[0.3998908612227826,0.982810178571555,0.5510632369162483,0.018333884017341644],
[0.6742993922007017,0.411544820257183,0.747699461926749,0.03301175653675809],
[0.44971524475201574,0.3849392496129087,0.4331783718693196,0.03849762710957553],
[0.7408120597315007,0.6571101070826086,0.9220184488917691,0.06916219541527846],
[0.6111835557868175,0.6308513690279627,0.8531862276239087,0.030512312237580656],
[0.9641592649818731,0.5119411562131533,0.5153951163458508,0.019860289695369036],
[0.26579395006282247,0.4206567320916902,0.13816788491435317,0.0232685737043501],
[0.9916157427069621,0.9919206701516528,0.8801645774283442,0.050811455143921644],
[0.8642981870026881,0.572581118510629,0.56483044369182,0.02112066395059252],
[0.9996238110810506,0.8025171366680129,0.444041170898154,0.039041730796470615],
[0.5835158526240156,0.15108834657991677,0.7046798730551251,0.020843946207600855],
[0.056183100165356104,0.735671051700377,0.46726221861968675,0.028885088903259658],
[0.7387299110980857,0.025519479366847286,0.07155523317306822,0.04838914497085578],
[0.7827334810730335,0.7672181026516413,0.40959934221357475,0.035420840073203334],
[0.4676087438046894,0.854721237651716,0.2711020602484757,0.020699199688042798],
[0.7054844389630684,0.29105180493392546,0.24079650543285702,0.021648165197684054],
[0.43753237995173955,0.2681924045735251,0.3044219682842415,0.030436807257965326],
[0.47057156681467904,0.7000659898415066,0.3898424657073506,0.020480659352143944],
[0.45322361940932576,0.17404625395344364,0.935500120931666,0.032306072879394895],
[0.5080417420595634,0.7094049805393451,0.4497123961845144,0.01900857283370208],
[0.0160735257509117,0.31190875955326935,0.08073383927996014,0.07704767379335185],
[0.06701493225139499,0.4233074072696421,0.9192202824588028,0.02397083962370196],
[0.630084697325685,0.6619989387616317,0.8382961424590413,0.05569776942912531],
[0.7592747208692533,0.49207615575774255,0.10374104530752593,0.0206266384578377],
[0.2518039079472726,0.21794414538382578,0.12729485450582367,0.021657216890920636],
[0.6534338792752573,0.6799461103702502,0.7464845890197163,0.025537403069321903],
[0.27041903208092943,0.18614177738066295,0.37437230848870473,0.03685176709861175],
[0.8062671964714487,0.36524334997637997,0.029488426244521415,0.05066161591686738],
[0.07796863337486948,0.7247704460758458,0.4056507974705952,0.030757547731662914],
[0.8746138933458307,0.35500441294662166,0.2262029896581007,0.03059026415725529],
[0.06965337379362047,0.10859437199982858,0.4539353408437893,0.023217296756830312],
[0.507304485403289,0.5014581825031977,0.12001399657540501,0.030006180252126084],
[0.6596495921087536,0.7961173189274413,0.9297166891077072,0.08045703729015924],
[0.846825910448325,0.7705670556255083,0.9769958139582392,0.13171101009853486],
[0.4044165856291865,0.5610821012921721,0.0876315563345883,0.0400077223525775],
[0.9213570578530479,0.39204941885741984,0.2646476751390182,0.01854119342226114],
[0.5924869751623146,0.805482101674716,0.4132833186892636,0.0218017382789593],
[0.2498845433408382,0.591529836865387,0.5867841631800165,0.02146035640560024],
[0.695900890931878,0.4822330865775166,0.05896851755629884,0.021945903125970008],
[0.296870581729636,0.546514736343274,0.8694038107924078,0.030352125182413016],
[0.8711075632619698,0.5259473063197035,0.7408832247264536,0.03327159497382489],
[0.5389505056917981,0.21329306395136116,0.6732007367832713,0.01854522356684419],
[0.3630398637925877,0.36043910139525526,0.14485131808110896,0.0303660159780458],
[0.5016325959325924,0.7928221530322248,0.1091545205688026,0.02574609950456532],
[0.7789727729806857,0.2444455527136069,0.7093628835027588,0.09478601222126054],
[0.8828383145880326,0.37853834089515725,0.7392757073311462,0.03147037071893419],
[0.7278435004065974,0.8953356524476553,0.3956972779883656,0.04377702829581828],
[0.14055590075736946,0.49800388198597223,0.3611411661538515,0.037665062449451225],
[0.005483857019874416,0.0668548403898751,0.5767801342451446,0.01858794451202437],
[0.2202343031933559,0.1462549478417252,0.626181921620867,0.06191889998659178],
[0.42876325309656527,0.006903120719137679,0.2925976582969009,0.041803152491724824],
[0.736351895549986,0.1496102311851919,0.6487465813508981,0.04350486599184758],
[0.16851692068330548,0.815370988197012,0.3020250679692279,0.05032342204367453],
[0.5077638952489338,0.531630840740113,0.24909347381542268,0.03131796935992364],
[0.6050131616938921,0.37721830306222615,0.33431695219127433,0.026823358822836166],
[0.9232856004310864,0.46420992613006906,0.7104170380671496,0.01776383178723425],
[0.9923470028218883,0.9380199898154293,0.31732135732195543,0.06968663760316202],
[0.8853816551304194,0.2997243586592402,0.5527569810879417,0.03320471952323867],
[0.3335029134648795,0.26362058307685743,0.9138373662837705,0.05651052099938801],
[0.6894138020279096,0.2683372978779821,0.07572692556020655,0.028646294508194288],
[0.6635932467201172,0.4337239116291325,0.15489079894725333,0.023845248021025042],
[0.5073331052066651,0.10143198336113812,0.002296271297662633,0.019046287902940967],
[0.2946651765859092,0.6168334335877561,0.7580413076042377,0.044921471453018384],
[0.77476010806431,0.392734489641669,0.9939950026415921,0.041039662986866884],
[0.47256543250230654,0.6087908636976189,0.11066607549674379,0.029335425685253345],
[0.6829817560147252,0.09595798558445201,0.8092176425066577,0.08512537312783208],
[0.7587317983165696,0.22893907214477116,0.23447537257856232,0.06032891659817262],
[0.22109370327683897,0.41013577095516773,0.42151959829524455,0.025713578100868363],
[0.7074418878546773,0.8438390620327697,0.8049471622771381,0.06972902217182379],
[0.13575020037998986,0.5011501135208524,0.9975147039163238,0.02774638552101074],
[0.791703097549468,0.3070969779371626,0.11035450473569441,0.03126342929235064],
[0.6861766943356391,0.037115710282939474,0.3205283758695169,0.029302790203828262],
[0.3520165262435092,0.42936474643254163,0.6298344285791349,0.02038551987974322],
[0.6929661206069497,0.2452656054523915,0.3954833048222508,0.021888555387378876],
[0.8415989574113223,0.9319957137401442,0.15888844601912921,0.13065144221909802],
[0.16436733849056429,0.07995576143576488,0.5261997996671374,0.020187375546922952],
[0.17059242421423715,0.23280149138851736,0.7518126506121795,0.1552529640096345],
[0.8860015742239556,0.2396304516750103,0.3542230077283711,0.029568319191492283],
[0.9189129615678814,0.8000036147402223,0.7683006957075689,0.02553513697271282],
[0.6964425392789481,0.9640971828229055,0.9981133578995125,0.10189361045772524],
[0.8583985163347694,0.6499757274071843,0.6492040360716426,0.05494401156276303],
[0.4156131683101343,0.9331757159630916,0.6718600563480073,0.023490961092989628],
[0.6167968768642977,0.7456002554671637,0.7812361735606358,0.04959863301797825],
[0.7249219428951101,0.31308303347343447,0.3792667412174391,0.019769768740785308],
[0.3271924686231553,0.013380993727890478,0.8589553179506324,0.09638580742116865],
[0.17970010564205152,0.9257431728412673,0.6000047328469251,0.024409278311283526],
[0.7142137329100572,0.19889400185373984,0.7963299086470395,0.11782931793365971],
[0.12260763256344809,0.4406749929348226,0.7115431847405594,0.037573251359555915],
[0.08996028121926014,0.04580649428596717,0.6007461871425506,0.04257996366943061],
[0.05351280826624771,0.8804395740250267,0.5534237547042222,0.018037287538241457],
[0.7762259548944082,0.6423347598177992,0.27482877519415005,0.055579292823463536],
[0.5572281566700505,0.6591481014718127,0.5959670774545138,0.020121805340447906],
[0.5195834992053489,0.25909752903627403,0.9554970013242667,0.02944840053386706],
[0.286396639923591,0.6448781415534894,0.5018218615315385,0.018496002496476607],
[0.4789234053183614,0.09016524047988295,0.7518075110507462,0.028010898814729478],
[0.11131824491449349,0.5866138396099697,0.410824816335137,0.028840978233749308],
[0.6159943725653736,0.43723590688180325,0.5561992162056291,0.033061057234325154],
[0.3064722868069687,0.7489362255780572,0.10971153776291931,0.10138888491999767],
[0.011901274764603231,0.2570187327938226,0.3498909102918203,0.08728180318838236],
[0.005493380269217085,0.7133355974863295,0.04618414925495162,0.11360983516294183],
[0.7870330006054206,0.02937821570960042,0.0912794529701898,0.027203898727981513],
[0.2919949688909048,0.5824292711747806,0.9278665852267258,0.024103056339619518],
[0.5655370091043697,0.719070941869495,0.3342746853872808,0.02725148707408217],
[0.9148829610094887,0.6638735909001007,0.32630292486635193,0.05476956720027984],
[0.1308459362723653,0.9333444807180548,0.6981299186118366,0.10156962020174866],
[0.9795973705584784,0.676750008241332,0.3368404202051829,0.06346619001817559],
[0.3050437119816377,0.6039711934103005,0.2837120959476316,0.027765819649676983],
[0.8321332666182244,0.035436320698568946,0.20381890576490103,0.029804560937520132],
[0.6964118177469578,0.5313350863470687,0.7926788625251141,0.022224549268024335],
[0.5677614202733228,0.3908356495962594,0.9938601849048145,0.03794456135531439],
[0.7192630356325949,0.8317598630646041,0.6612097991427548,0.052026169734951486],
[0.24199361711223466,0.09079706367483487,0.9639106322371774,0.14416076466627487],
[0.42230538513682303,0.14895614072328123,0.5735484886724879,0.017650099462659573],
[0.2497259250068845,0.418105787277282,0.4541454566934491,0.02813490872325146],
[0.2374019581368383,0.3307625039590639,0.28015947062153834,0.026193173537318842],
[0.33674529274343423,0.9452273725464649,0.01905776414414795,0.06441190983684385],
[0.47479298892708943,0.09249103616054366,0.5412671098769484,0.017012007151230704],
[0.8603651547361869,0.344178420160946,0.4541176978616114,0.020334852568190606],
[0.4051376826037978,0.7577782292872681,0.9452593385160128,0.028664853030605807],
[0.6320711536309226,0.8464741551651699,0.571202710380636,0.03143634953068776],
[0.9934078400843411,0.6797214919771652,0.2724780939526257,0.08046441748080241],
[0.2945795933630323,0.6119127816705631,0.37584056326631543,0.029266140659582003],
[0.06370790513820812,0.2378264583299713,0.2342554288213199,0.017211524275253756],
[0.6719208659260036,0.39571762217272943,0.1570117839624855,0.054446090006828526],
[0.7623812341619487,0.1015357652486929,0.6698981712934496,0.07011672767765506],
[0.29688162088296843,0.0903220635201365,0.3012984461402358,0.03159709695260373],
[0.30033388123568383,0.08806640565192869,0.6158165221756601,0.034995035030085886],
[0.05350314931249267,0.3895636371622334,0.3575985717747674,0.0361363634960271],
[0.04486780820987257,0.727198010918887,0.6491660954924463,0.05014112758033208],
[0.6867316851115985,0.33112356286529987,0.3499094369426904,0.03670131385643494],
[0.5129179532037181,0.32178927368175725,0.08276064303639452,0.01920723982942693],
[0.6609174725494372,0.36607326130018303,0.39151352956614693,0.043884499060492445],
[0.19703399283694023,0.5647892211151293,0.4594273028885616,0.02095245080224792],
[0.24845369670517692,0.7021032349614639,0.7354707285430302,0.09853328277522022],
[0.8245670495171816,0.814708532883969,0.7416464539424484,0.04482442548568728],
[0.3005189144020326,0.8446207574597245,0.36305187869901867,0.05250882646711147],
[0.37858840759987655,0.6612278448093368,0.7092482372689926,0.049405575589776415],
[0.9091467352278922,0.49929279943422566,0.4417561037283365,0.02357679041291323],
[0.8222964350248886,0.8614283872615094,0.7183901998687424,0.026468688458982488],
[0.9663532616977767,0.24058730944201367,0.6185949999780719,0.054126332915340816],
[0.40110390814984354,0.7165490092392987,0.16952081209779613,0.035511636266999574],
[0.31197316151106147,0.5004961944772468,0.8280372832367184,0.024779554219008945],
[0.28933335007848016,0.025871252100602482,0.0372794039598946,0.10400571441037088],
[0.7888853638404278,0.04957386201771663,0.4480443107772455,0.025965863272051415],
[0.06241266621602071,0.38363105766400973,0.40887761557115887,0.030482256077823122],
[0.17288675678245446,0.05410089103850002,0.2470051233483057,0.038477773024808815],
[0.8771525510788323,0.27151313939574684,0.7827306904690849,0.14082503235429888],
[0.726074835860868,0.4001994817132041,0.2608215702655938,0.01768356832594689],
[0.9888879418287739,0.4029219950512237,0.6440586363250715,0.04925250716933806],
[0.7829919971712296,0.45550156144425324,0.5675977332659381,0.020321581128040833],
[0.9359646957593494,0.9882865497294654,0.8167138445863887,0.02848509164271227],
[0.6841704017763363,0.36562024071110333,0.020901081660706478,0.03665126484695111],
[0.9481822345119256,0.14717295340668923,0.1335486788345983,0.07730353222011675],
[0.3248846908909453,0.8111101608316609,0.008536788491269931,0.07522209053587979],
[0.7641770961103421,0.1839694000988985,0.5433394697405758,0.03147362084621292],
[0.3360877645795972,0.9131123945908977,0.5160523791798759,0.022863219070223102],
[0.46069691443931626,0.997994383983185,0.40642015538624676,0.022708219240408375],
[0.445770200938705,0.5854454906757224,0.7285677345797794,0.021220830177962932],
[0.3693856674095509,0.7153625066457187,0.8560960551984979,0.039588057952077704],
[0.9511697202307907,0.31864137301656803,0.9750926512973099,0.09904705606560929],
[0.8636783791667639,0.6117564959522073,0.09329462037586733,0.05127172341944253],
[0.04140388748599677,0.9173769676438668,0.535650472735471,0.03444393120252377],
[0.5990911028934095,0.32993244313014225,0.5710044470522636,0.02466054896318453],
[0.8406108907035535,0.8955480405556062,0.5990435509891708,0.022765279925909973],
[0.7287790227142665,0.50721645057764,0.5485670956525028,0.02255515346687939],
[0.6256098765526555,0.8600056089475515,0.73430983588579,0.04618223109862356],
[0.3779277586159343,0.7486288053049391,0.6805796398919761,0.04292806092327017],
[0.5831295262749867,0.623003699711978,0.709567608420043,0.02477221709767398],
[0.8320371705837548,0.6314399915267614,0.9878185257265732,0.08137628063876685],
[0.7744826268561747,0.5101907301671929,0.3855689885282798,0.022424389190412494],
[0.29888899788432144,0.9438546702163639,0.5627146022366739,0.040663403860663715],
[0.6409802611109671,0.30834687655428783,0.04341914759427701,0.0326944864981641],
[0.40395706060506076,0.10451944598115048,0.8726823648077088,0.05582303934286731],
[0.33775395813640763,0.4053837462325318,0.7790036761658562,0.01723856149545213],
[0.13823753212259549,0.41710083908539153,0.21649424563514164,0.03651223799640508],
[0.6165991113822563,0.9406780184354491,0.543145458090431,0.03597151478824344],
[0.8378009010603581,0.988364251191838,0.7165085112639653,0.02688350783386796],
[0.6417075128904207,0.10808794289455803,0.06477611889363499,0.04336857435708473],
[0.6293593003191214,0.5288567802566653,0.6076752627714267,0.026319040500275948],
[0.1299170859292147,0.07258994727083068,0.33332263537586027,0.032912273705224655],
[0.8209076980478849,0.6030578395381094,0.7433253262890354,0.0199233531245383],
[0.8815656121724909,0.6204059037359312,0.2704239100423854,0.04421862954042779],
[0.29271142986952237,0.9671479552535687,0.31675870191197586,0.06744529421339322],
[0.023640998320370032,0.06382721734788988,0.532276883995354,0.023801219836780463],
[0.015093988037578665,0.7852370131461534,0.9340854952128393,0.1838099545415119],
[0.1294669806044646,0.5343092945501234,0.17643479174742194,0.029563844615191473],
[0.7622423141736536,0.4126665051451479,0.5898101111190251,0.03028779323584746],
[0.7892431544052558,0.12255653289494317,0.27296589761747914,0.020011902565844363],
[0.863093634543865,0.7928789258502609,0.6086960578627709,0.021186360537358645],
[0.8501403362524135,0.31358689589989885,0.25114343628414115,0.035701123601553024],
[0.7217586081009689,0.6276970469426599,0.7675921935225439,0.03845004555796996],
[0.9998716401017824,0.48895359409969885,0.8400004412557196,0.04033647975286999],
[0.7238482423280922,0.28720035658790344,0.12776255343911536,0.023959393976908154],
[0.6703728223242635,0.08637375464010677,0.3303536284336832,0.03706508984548459],
[0.457245769398104,0.43509860935339906,0.5003880881794495,0.023416504834830945],
[0.45924361319907603,0.2711665775543891,0.8933486142207745,0.039438072299287814],
[0.03831363247628827,0.3378517541575402,0.6053267735543857,0.026265538819294276],
[0.16264840156617744,0.4951981906042683,0.40442403024821405,0.024501245441404904],
[0.846731085579554,0.45074592178574535,0.542873090784721,0.02504759396922862],
[0.12086959824810073,0.15456167626096196,0.15612451707221442,0.01943047506304412],
[0.20351826381649074,0.6913055367786126,0.4283200904279477,0.01861895914863719],
[0.48759409927315134,0.19037018930524252,0.672265745075899,0.022679309546661086],
[0.01488203906719987,0.3290227829925898,0.458817073094416,0.029110496418184452],
[0.8243220933389376,0.927294272599145,0.9859752139693944,0.11169046583021443],
[0.2555118782678779,0.006147381759446624,0.39993710689586315,0.034377520233518644],
[0.8822128866325044,0.8632943347041302,0.3930321740025855,0.017947606294724375],
[0.4484797258743959,0.24976790496579848,0.8603008673082546,0.02545810605815267],
[0.19945072764611382,0.022303402421704144,0.12775234366470611,0.05477669899005404],
[0.2881562316349884,0.23839735635491255,0.37412291446938906,0.04546563944683986],
[0.8894246957320244,0.4191767864081041,0.5400526472240147,0.024020953487815917],
[0.35593564278197143,0.11835863814703984,0.03702362936261805,0.07307876296072163],
[0.003735540307215901,0.7993048091790217,0.692378484903957,0.10129727259717505],
[0.8552042605010842,0.04015336987937723,0.5730986486155729,0.017589387958327603],
[0.2934406404904968,0.5801650617689278,0.30541814392091016,0.03765466945433516],
[0.6984060882441163,0.1594533182401262,0.9401844965387496,0.10927862496691025],
[0.17240806933997455,0.7790362997348201,0.35471732208957774,0.03733912576163514],
[0.17540876184806153,0.48513082138838315,0.2071962336853731,0.03413977534503333],
[0.09605338711246247,0.3078755198655755,0.5676833693862228,0.023225481027357907],
[0.5614379114535215,0.032230350691932586,0.62667076861848,0.02626600712284638],
[0.09627816468594752,0.11535984730189797,0.06834861930407454,0.03201367915178117],
[0.12758230626092137,0.08858942755887966,0.5958218173715363,0.03110020264395566],
[0.9190437931970951,0.7370468326719548,0.3333446694362433,0.06212179027546663],
[0.673428063523654,0.07580894611641098,0.6634563101177214,0.06143634380478041],
[0.7346331790245187,0.8469338939981821,0.4788680933352992,0.022791719522056518],
[0.24866770204713717,0.9067247960236605,0.61694159436177,0.031910343445928975],
[0.003674820782413879,0.5179066817245224,0.7066566954425256,0.03268683459839721],
[0.3698836691407136,0.20868890474935609,0.4882966030641748,0.021937026297858812],
[0.5909915351713942,0.0038575356161464347,0.19601959260484292,0.025286910376128353],
[0.13185423239021898,0.3575796587706783,0.2528741009735149,0.03709712125887735],
[0.010279073364248492,0.14936600596729788,0.9675359067159228,0.2743372353340408],
[0.03764426096839302,0.6904399172821557,0.3322307979966662,0.06656970402924452],
[0.9628145756341536,0.08552717127187015,0.5049543921308155,0.021891048729135686],
[0.6828495030196521,0.062365069011402596,0.9944016113040316,0.09193268797693473],
[0.6185310885073756,0.5202400755055001,0.046423168538817006,0.032077019122203655],
[0.9357094139837844,0.9206139837656067,0.9306727999163211,0.030568651865489918],
[0.17891726952093778,0.926259248255645,0.4185122330981186,0.032019251136987066],
[0.5984329912055384,0.06456005174559276,0.7086145903145711,0.017640121438741115],
[0.4166858224607831,0.2719059382465485,0.3454924024966617,0.02531331569119319],
[0.10180488075569316,0.48224642744864143,0.4291395393052315,0.04502720189233042],
[0.888651441743628,0.9408600901506381,0.6673470805689438,0.01939469348041962],
[0.17120124466880837,0.25238696805573535,0.07378699970373359,0.027328357546998673],
[0.049885686877594204,0.6547104078267235,0.5635783153180088,0.023808432963880542],
[0.5540570472404776,0.35264174898995326,0.5607103742730797,0.020157989007062525],
[0.9442773102499393,0.7995863276831306,0.6285775325332379,0.017922575826444638],
[0.5829028967987689,0.9671437794149352,0.7778737758780765,0.036297188119426525],
[0.7357857705116597,0.11241959651354427,0.5552658964896631,0.01739129967772155],
[0.6385878461311975,0.21377923330220205,0.05405179692799711,0.034139532159192104],
[0.16388242948949816,0.31368034339178963,0.44194696408643197,0.022690494628651872],
[0.7606977116884832,0.40199304701607586,0.8212072578978757,0.027527906988606153],
[0.23344481210645895,0.013639691588229086,0.25042099942300833,0.019770632534714803],
[0.48944385633023146,0.8797219813413985,0.9578334021379399,0.019700496587519455],
[0.7135006647219838,0.5029293784649869,0.2467028878243418,0.02107325853296694],
[0.025066024305641532,0.6872938905512275,0.45556918372588673,0.023054118882088637],
[0.8022275128394015,0.2812220532022941,0.25617860787822855,0.024834929364007836],
[0.2184673531763256,0.6374252264202551,0.9215036526557101,0.03285937637425611],
[0.7585476254273041,0.08073002653779926,0.43446163696705253,0.021924591960526908],
[0.46750571351754144,0.16272204746419805,0.08717248320002713,0.023808496801857003],
[0.4013863473461847,0.4007490133968217,0.42819751189832334,0.038072722458243724],
[0.6202993016004863,0.25991103453884423,0.7188349877884008,0.01797056084887231],
[0.28197761665934795,0.9156886616851009,0.7360073426984405,0.04239896831706694],
[0.36888382978635037,0.7849956797478864,0.27592650715514855,0.04878272647413419],
[0.6141574915424639,0.6892813473261364,0.9277287579495346,0.047430217848647635],
[0.6929726585494488,0.9193885447554723,0.6476216504578083,0.027851291961248872],
[0.9855517769834135,0.4865918167496561,0.8019890669412937,0.03779346907772329],
[0.9534185977214553,0.4948621577919734,0.9178165983847105,0.024333980579462726],
[0.9780744403135329,0.7257770987038711,0.38548117712648844,0.02131546279048919],
[0.42417828819097103,0.47611366690963186,0.2796958772333068,0.02805332036695831],
[0.9553256286058112,0.9179539528372613,0.4459594652684913,0.043278453375531274],
[0.15905233484551595,0.7730193334966051,0.48369767343506687,0.035814529743978064],
[0.6251334924084498,0.9209883703244337,0.34030306488670714,0.04798751640794853],
[0.6977578533769598,0.37743137617093825,0.5083818516733676,0.024180123749315482],
[0.17731774806868827,0.1930640696027649,0.44088373319421525,0.01879449702114805],
[0.6107959415764105,0.2671744077571736,0.48476919126228235,0.021797726229891748],
[0.5444689919987289,0.25026590472967414,0.7986072483035548,0.02129341594782827],
[0.705160693554624,0.1851868017786753,0.19792589940069072,0.06340749967638629],
[0.36092026722595394,0.3629100316288548,0.207244043144991,0.046650916243165405],
[0.5199771377277791,0.30321475671524734,0.4194655345035301,0.031487004869855874],
[0.3381177084810043,0.3364253364134818,0.7456172364840694,0.07440155164235619],
[0.7438548953596694,0.03453456891230622,0.1786939429241794,0.025405935981344864],
[0.34476482696192445,0.026098312522687794,0.4320490894645279,0.03223794384121544],
[0.4484881843109352,0.8071352593400716,0.3293206327968137,0.023196283830940224],
[0.2559630108561919,0.8766967685248496,0.3244394586397358,0.017117985194805063],
[0.20907110601432166,0.6154954765500077,0.14974979785561116,0.030391255159226714],
[0.2782150584001347,0.48333798054112254,0.9054882986432108,0.030091577786796997],
[0.3579588917415134,0.5218938182102677,0.028707524879964974,0.03902343733295404],
[0.6512330556669161,0.9602746041241009,0.41267120411815295,0.023511334954102445],
[0.9326185515828933,0.5051241799719464,0.46350157834344885,0.0218244259609483],
[0.7367179597416913,0.7862986375639822,0.6314563500926953,0.03627966335411868],
[0.10101180959711764,0.792275430220034,0.7203897138241124,0.12010766135644126],
[0.46323642155616573,0.4707661787808072,0.7585802849330083,0.020214563712613175],
[0.38583249879153747,0.969266272921485,0.9073393584346671,0.051357425374574855],
[0.3248408089351825,0.04431102181993596,0.17160597158139757,0.04117116508257439],
[0.31661479232911194,0.7659984385152895,0.6310171115966114,0.023691293084296294],
[0.5188204352318581,0.386148267145743,0.40515664931435125,0.03367742649931968],
[0.060948534471926274,0.46237414510211117,0.45822701503137964,0.018742955810601522],
[0.9579246491162556,0.6736534303266718,0.6267639120964563,0.04443229214616082],
[0.8423312902272694,0.29592422397753715,0.4649746152029137,0.017698281172349686],
[0.4514177318113547,0.5512051851929957,0.439280706820517,0.022814716515461998],
[0.5842722979341406,0.4047881289766143,0.17174564930237246,0.018385578612124413],
[0.3568971245171778,0.6343282313102628,0.21866984027231828,0.04213589152398661],
[0.33570404881799876,0.9714456011857688,0.10047535248322115,0.06895315263586692],
[0.2736957905229922,0.24781077609308122,0.19456359418229208,0.017842442856212004],
[0.3301304484942241,0.3258984245137375,0.29552413046666814,0.062029386544526804],
[0.5273668433274448,0.4122819603028073,0.015410220210478776,0.017951981866732282],
[0.7217887556077562,0.24085590461132322,0.1716714033714727,0.05537908038272217],
[0.8053676150921414,0.48757302065922226,0.03531659780385099,0.02612984017597507],
[0.918459586525473,0.3866212738838414,0.29603960204434343,0.028103168747273102],
[0.8336612026340019,0.27489549894948284,0.2647284471751288,0.017615116814009027],
[0.26869231061401155,0.36668688607376787,0.24525294936126718,0.04455781990342519],
[0.9864512154778938,0.3786950586397766,0.5758230266282837,0.02186608514296596],
[0.963277078121313,0.6705557354039027,0.18703460655779836,0.060128810566630095],
[0.17357819593687962,0.6296696102897967,0.37259510520079386,0.04800045973930214],
[0.5197660144979939,0.8703285655761089,0.8184195904353206,0.03162047044787696],
[0.2418941120031739,0.1397618833618397,0.38311433920572724,0.04601397271308966],
[0.5423557176013303,0.6074043697389931,0.7577356613766284,0.03607858087185727],
[0.7510814572357059,0.055210992163502226,0.5294445450051082,0.021264848955372104],
[0.8380221490952019,0.5150125922311256,0.6078611899354003,0.04025517079948113],
[0.8739532621280462,0.3514882781265677,0.355949119834718,0.05082420256901676],
[0.6398019846919661,0.007186845665972386,0.8177993293709171,0.07403261999863879],
[0.8999377294617119,0.3157846610123959,0.4105281708623463,0.026408915562970113],
[0.5868628086458653,0.9023399826022922,0.8456876246118012,0.020382947104776096],
[0.8611400138810219,0.1318996300520583,0.08371317869739925,0.027309058764053686],
[0.4331538937352476,0.45294374488981204,0.4296049013563601,0.026965844785812355],
[0.9021897949234169,0.44163535001633913,0.48140494531677247,0.022238442456869026],
[0.9115977408669563,0.7270707115411977,0.7847306371922782,0.09354013609057771],
[0.39774790153613704,0.2696734206218542,0.286869906689872,0.02149022964806381],
[0.34999805754521685,0.8917360719621221,0.44073791914600624,0.025829519082131484],
[0.822994051990964,0.3814549572295479,0.6830780769519087,0.03999584236687635],
[0.13321473610752033,0.37186371319323364,0.6308690223471086,0.033173217029281936],
[0.8139780540179211,0.1994404987945736,0.21802608941277146,0.027593781160982538],
[0.9958956215280598,0.2635160512731941,0.7070657395570734,0.12753689886865172],
[0.33342749573411046,0.4958328783725019,0.853812227891972,0.023421147968134604],
[0.7298337477552266,0.9849335633429603,0.2529169239619895,0.09718094925344896],
[0.10531473687257098,0.6294311765620564,0.1652717127315001,0.030695777110673353],
[0.26347778731875726,0.34111288201097234,0.5290533884269292,0.020964474793532965],
[0.7932365632371153,0.48799778914330283,0.3267730198449793,0.028078846233698357],
[0.22031477855542303,0.24752225325221378,0.3825910918652091,0.03598259811052939],
[0.40910877062653805,0.7271284084211124,0.024081364415828865,0.030949974173847192],
[0.7785286668961569,0.1798906932769826,0.10191074982152448,0.02430796969374536],
[0.5907317004378635,0.22107872665790806,0.18923693596659097,0.040195121883041265],
[0.12994241825749964,0.59678209041923,0.43283257116052354,0.038721733061247585],
[0.9200079252018524,0.2740166207457785,0.23936508014857782,0.030467074130516386],
[0.381068751674815,0.773449370349971,0.7764992795807982,0.07003357964488013],
[0.921597823554304,0.949371415164434,0.2724727768980181,0.0600670158744535],
[0.8872897099772056,0.15549476073068635,0.6144551300519022,0.028995170518679385],
[0.22827342011865348,0.12483124032919946,0.5164177235979223,0.01765626062783554],
[0.49359174680916795,0.8110236314009193,0.9149129986589303,0.03475602837534354],
[0.05549205857960793,0.4110030234202755,0.8905606516891574,0.03114090795202812],
[0.7296384463269393,0.13438408144678882,0.24975432377298512,0.022035006676429117],
[0.4667659711232104,0.5051939669135577,0.669661328009382,0.02648768243571168],
[0.8942046622496873,0.08975099252034568,0.3755792562732161,0.05624679947040395],
[0.47828528878595944,0.5029996487787526,0.4963427976766057,0.020501069160865998],
[0.8666876050503044,0.04490505276752199,0.5893512309172981,0.021012405518572738],
[0.6677024421446063,0.05504191164227812,0.23486097925862504,0.017351336041002766],
[0.478783853643857,0.06115009679763772,0.9238645507623183,0.018022561440980585],
[0.22956179526405718,0.8830674762832098,0.57443974545899,0.01752846991642401],
[0.42887006829692587,0.6215931493323976,0.8140629633183655,0.020073412283027052],
[0.5715831234259328,0.8903801585722455,0.9088172793642035,0.018890665993709595],
[0.896490966476444,0.8909369867961938,0.8115927177104321,0.0193154674240662],
[0.5451464391047183,0.9945903943257082,0.3079517662087241,0.01935258344810442],
[0.99417650840001,0.8951449025185255,0.44172614772005125,0.018820922479857928],
[0.37690775501004414,0.4477226669618366,0.9217941269125898,0.02734170150789838],
[0.6159652770984052,0.6611347009198797,0.12802230985363383,0.036007966530189686],
[0.9197928294917155,0.4937798684777107,0.28712979997875987,0.017063552999412784],
[0.6214188091492917,0.704401182637115,0.0945606396263815,0.04353307071087059],
[0.9555755207615282,0.9968785389350346,0.7094077374131164,0.04937592324774942],
[0.30182898647492273,0.1874515513357008,0.8491886895616595,0.10499487443399536],
[0.010514451122911606,0.48704797575393866,0.19640964894780433,0.018099744914220922],
[0.36446652599360163,0.11245025956169996,0.21363004504023675,0.027764712694344114],
[0.09189562446395427,0.6984490452048538,0.3951372293275357,0.019961528190619852],
[0.610939463038795,0.09889013265424751,0.6281173564414193,0.022881242970895464],
[0.667705837882057,0.6650928125620594,0.05180252301299704,0.07096482146457558],
[0.964151732582086,0.6166349592241651,0.7723282920151349,0.02732827143837202],
[0.40170243467430045,0.8668802067629916,0.9088109905083658,0.03812538733244523],
[0.4369438659787258,0.845205482509127,0.024958114794819908,0.02596016498841465],
[0.7307554394626197,0.4032963809908091,0.05718187573285971,0.025148689241005905],
[0.17847804902985187,0.49142200169964334,0.6392735906396009,0.02901098955348516],
[0.19982884265376466,0.6706383646525079,0.510986016365672,0.023232416772475242],
[0.21834540899468102,0.7232482159567171,0.05072392556341554,0.12936684475242188],
[0.1383355968696517,0.45838210614940633,0.21158049817345392,0.026551478361883],
[0.6773859251907749,0.46141041323810206,0.8217615355043911,0.019896294842107462],
[0.6463541150382532,0.4038678133951418,0.7657927168886599,0.03292777236798799],
[0.9315891316352793,0.648389145744203,0.7100490700565024,0.05265720908605735],
[0.906075188211348,0.7415921850654605,0.43249933547932196,0.03477159029848035],
[0.5425511548025763,0.26616275867553973,0.33111181536852186,0.023090322819579553],
[0.7002606729348718,0.6798930462033755,0.6604907971911627,0.017495978981247107],
[0.2946414149160276,0.6101548710170299,0.02853655720751269,0.04595508862355427],
[0.9029595441415372,0.7078438144836369,0.563916957299884,0.018925589572170914],
[0.6043046991135759,0.38012201547535374,0.893613102227134,0.03473827386856923],
[0.663360818044051,0.8495061166692646,0.4993134615357111,0.022083777385455833],
[0.4753463001566752,0.7092960543866526,0.7396357941148842,0.01762411222849898],
[0.7083011432507007,0.4072524118223435,0.2403802132159114,0.026689786788549823],
[0.30474655527776096,0.6660572468214399,0.9248467346955876,0.07423320604603904],
[0.7975935490383015,0.9021551655064523,0.8516159879879208,0.034868734165734896],
[0.21748190146366364,0.9675634944553482,0.7816774825644359,0.12827665719212894],
[0.3856104664488257,0.16334063375280772,0.35244573552663727,0.024095509577239577],
[0.8331949404501517,0.14807389363871815,0.03744742795640532,0.03960271098094083],
[0.8829816085739965,0.9149350501742343,0.6204611476264033,0.018978044938882548],
[0.19036685145165233,0.6079822109206168,0.6938420046037083,0.02568893265254185],
[0.2798258418253655,0.8929322839059145,0.32216742923147235,0.04457393284120546],
[0.03221829095758899,0.5195203265382234,0.7267141784287189,0.029875545459055373],
[0.5816863400459809,0.2600449516652934,0.18104757691180717,0.03602632929885448],
[0.7953830843519737,0.825328439663027,0.6109284483651559,0.02060266481419777],
[0.8027615725749134,0.5394483175415218,0.17637625552951275,0.027432585826099774],
[0.8373921612131695,0.19463951035568505,0.10956662480585333,0.02399694380563628],
[0.8418272698798064,0.25828520650376685,0.012923678656727944,0.02945299795248739],
[0.6627488613623257,0.0016472780568542733,0.29463187668191126,0.059198757800068516],
[0.5548533283838856,0.0733283294339625,0.24284157926436056,0.02005970824783701],
[0.9750235672581956,0.04772844050172331,0.5902239317714283,0.017312387178536115],
[0.9756934620723107,0.5606780627950594,0.3608013065274548,0.021378605496776636],
[0.9840998707248347,0.19619044847707656,0.46578352256057964,0.025026766374995804],
[0.6113264687132471,0.31630616899880193,0.9818966430621199,0.02919725184296392],
[0.6118294434410189,0.7527694563768867,0.13559614366441386,0.025488748835185697],
[0.0584290617067299,0.532748516749376,0.1218697447933842,0.027780096239193627],
[0.577148713953643,0.48392897261936874,0.2177549230108985,0.03047636522577376],
[0.19045395864665537,0.3517822800042997,0.33200188279418086,0.051783725406107164],
[0.31362743378599955,0.603886803543986,0.7136442625158075,0.02585886898147973],
[0.599830878478057,0.8611438304332866,0.11115368756390731,0.03241417234562796],
[0.5954747668053574,0.6446476741461976,0.4849672191432328,0.02067231864825391],
[0.877735931753166,0.6460134835157827,0.8466698075440275,0.04928187623527104],
[0.09879192840554951,0.36421377659629983,0.0018714435348049507,0.05440774563616027],
[0.7252527841550855,0.34159993503238384,0.2747307391075299,0.02418919958744415],
[0.7027645338586604,0.3741256270792068,0.4314650737927468,0.024758500145243487],
[0.38212165544513077,0.9446533744827068,0.8185445010302445,0.041305382809605065],
[0.144512003897859,0.8979299025100301,0.40671784356437257,0.025608037846025222],
[0.8648556871136119,0.04938141351852965,0.10367118151965626,0.044086307511902484],
[0.6707418203425342,0.45623534950510813,0.5202720800573586,0.026125484802658826],
[0.8330410765303752,0.9017506625699594,0.6535398620136657,0.02420172305452519],
[0.7602772589821724,0.20170300584486933,0.31693069384310757,0.020871147734631078],
[0.5230041191500788,0.7276970135077275,0.9567016180049077,0.026227543089854616],
[0.477122822285318,0.008893110165070328,0.32220565634092446,0.020874424565956333],
[0.7320638310994778,0.7354139757778363,0.7777575772916442,0.022671564736752754],
[0.9772435899538653,0.979927457553361,0.2130149721885235,0.1364818854925498],
[0.80994582217465,0.43219187547217985,0.020005658551510708,0.022699388649672886],
[0.39664049904614995,0.13534791817289638,0.4783421043658639,0.03249662206215697],
[0.7723451668662936,0.010734118176158547,0.2257610015457493,0.045190560160223485],
[0.15812404973237493,0.18531489617368757,0.3379373466988259,0.02214473336787421],
[0.2454897288580049,0.390585596798841,0.9816043441328607,0.03696452337667365],
[0.4640798688555311,0.7876854334277938,0.2653372590908898,0.020368734975181525],
[0.31140404544732414,0.2059966630170439,0.12052452379358136,0.019709973618628897],
[0.6220188039264959,0.5572353240595838,0.6802287495056978,0.035273409769734615],
[0.6654666094953104,0.3139629081394868,0.43450318949571043,0.02629039277558802],
[0.8250766990991957,0.5913665245909858,0.8321047110144493,0.040192939394420375],
[0.9438399440738584,0.23199346865214865,0.5271682277611279,0.02073996650757766],
[0.09583280213686918,0.13484577548265542,0.2292700525046968,0.01719269454172688],
[0.3810452244660809,0.34463018592798833,0.07554928227901858,0.028861323152713378],
[0.3823719049827905,0.0331112906793779,0.6810250471147231,0.06918620063308055],
[0.6225914409168009,0.1641227942956336,0.711230440249233,0.0229759269692508],
[0.9934385431406868,0.8247423555592263,0.6464106941079594,0.031198674432598127],
[0.8949615462156625,0.7322675794908048,0.2433841399563318,0.12937523777679533],
[0.31704954753549475,0.9761600278590229,0.688720745937816,0.05619350054632109],
[0.6803406112301484,0.7382118071090565,0.9978772002683226,0.10544758826461144],
[0.2631325259080536,0.331666444959135,0.21419780926144782,0.023614316051419407],
[0.9811398254228252,0.30779064853904103,0.29666463324546977,0.09411823006625972],
[0.4344623056028364,0.355216906121834,0.6350287816231283,0.023363376599997744],
[0.6152364022731247,0.9444785059430316,0.684223211057673,0.0385741389910501],
[0.4735231601920372,0.952738598508846,0.6239936163154034,0.018990009493828917],
[0.3551688269416222,0.6778803327195183,0.587843541681203,0.028044740595875188],
[0.9286080384465623,0.188094049119099,0.2987353710255324,0.04841115366101009],
[0.38238028282757663,0.1744409630184599,0.7543696504580669,0.027185137826312752],
[0.6882466716651462,0.8925083481956803,0.4253489832988171,0.025133792223601563],
[0.24008205259857407,0.015124652007547423,0.800405865722164,0.181667271600445],
[0.8472282979051426,0.7978471498371131,0.3910844768893922,0.032422211741862474],
[0.588969762642827,0.8388030113689435,0.3190381967245953,0.02352286985147825],
[0.962260594777904,0.9440006056239086,0.4042283124886231,0.04259344694367685],
[0.931205437944535,0.32108642316146474,0.5492851396025438,0.020827017938062034],
[0.9205471134691481,0.6047873231172458,0.45106416762562584,0.02843807611810109],
[0.6943787595348725,0.11326333510558906,0.22608373510912616,0.02087639951831733],
[0.29633894326783883,0.4730582487144662,0.016279097539595222,0.02939215906633283],
[0.808846427084152,0.13659326993842125,0.2699863797207682,0.024100296899138868],
[0.016961791738110632,0.8266276051521385,0.33974572198434305,0.07507170502341562],
[0.6947881429418341,0.30819807040807745,0.014040333426623808,0.048484594965910566],
[0.6165682906414293,0.7088013620613339,0.5260334013476287,0.03272325108014605],
[0.5708512627655863,0.7096320761588877,0.35952181645401626,0.03355729275232455],
[0.5851036829942186,0.7584903452852627,0.6000003930433234,0.030828207028957347],
[0.006335082596358288,0.33853331795038,0.2921369685145071,0.06062574921888017],
[0.45743059305633105,0.8677925440085179,0.4574988575570764,0.01908429365483036],
[0.16875735314653617,0.26214014646957384,0.03164386622744908,0.04446988856316844],
[0.9260620899879977,0.22751608082070407,0.16608117475312345,0.022044526521757354],
[0.7282530354097405,0.40741992588277154,0.5983578399279545,0.027800220479379002],
[0.7702774438906461,0.8590612450280946,0.4700134859296716,0.03136136418797287],
[0.9869143030623336,0.2514975458054022,0.5251529199012509,0.04476816498010522],
[0.729341359272418,0.5526197454957072,0.7498508314783909,0.03072573510450656],
[0.9327278760603713,0.06750926743894681,0.4830710811422091,0.032719789749811774],
[0.6092375192746368,0.5114546349561664,0.13253601136432136,0.018261646370289118],
[0.14423322095494584,0.7032445692967306,0.3570232883258878,0.042791955254421185],
[0.4764433398141352,0.3908010989415037,0.27117153482796763,0.023831728445644483],
[0.731473182545298,0.0551650974028115,0.30699573534877467,0.02141381799607217],
[0.32781449438537924,0.35995644232816837,0.5716065378340285,0.028371750120237037],
[0.6100977430185381,0.6185198004898038,0.2488618091213346,0.02302955456065106],
[0.0033877742979766534,0.9151743657255094,0.497442304156577,0.02572926315272052],
[0.5178403539889062,0.865185579331734,0.6289557450164143,0.020178283970862382],
[0.13120810826949036,0.3987493696382721,0.705198985079958,0.033230975101889014],
[0.14246895153194383,0.0032932486332533095,0.6359646422838082,0.07741942595371093],
[0.3937830040208464,0.05652153171822272,0.0942063917585958,0.04194210440173959],
[0.25823910282437845,0.13363051079022525,0.5097718464401361,0.02953254317773426],
[0.2909104539533506,0.4835869503482543,0.4663951489277163,0.02735504453172996],
[0.026969883004261064,0.527291236496935,0.94561737552567,0.022375055124354684],
[0.270400504304684,0.3535744917313123,0.18475576238552072,0.043924853287746604],
[0.9618236530709815,0.09386407795464913,0.4174886784761619,0.02883085041578872],
[0.9004491716067838,0.09046030972315555,0.49812415283856415,0.017773773645957176],
[0.6095510401308194,0.5615286146786019,0.256982732948538,0.017156746812031005],
[0.9696353945828561,0.879266483247855,0.9185355521383402,0.04582191617421719],
[0.9408771076707778,0.3197546827129134,0.40791161657765107,0.02547423462344954],
[0.9640117645479892,0.11113017814017401,0.6079853150839918,0.029147895417631624],
[0.5397714245907899,0.7585063290698384,0.5778270872492439,0.02537070281751517],
[0.15613330087013821,0.02672442695198518,0.35843678659035116,0.03720826318957385],
[0.37963035184749305,0.3539025701074805,0.04607742590536745,0.01987833228968476],
[0.02599628498857809,0.20900593472441986,0.6511231518752165,0.05602391826048117],
[0.3828013754016769,0.853954725894791,0.4152178155532782,0.03336488984052841],
[0.5924940762819788,0.987079872799688,0.5603035823378606,0.023032587225708036],
[0.20113800292273887,0.36516856876361203,0.5412827421146569,0.01927301053711889],
[0.21688978159237982,0.41548946087801863,0.3233187270814354,0.02131551297890294],
[0.19099632347409234,0.13464339948595783,0.5029156860932865,0.02063633716752536],
[0.11771413669223074,0.6107147161645085,0.7498017293325512,0.029735493818613533],
[0.707792902049794,0.22889854157241474,0.605522799819405,0.027522427351066504],
[0.3879968651633179,0.259722085921816,0.08084948122252111,0.0367231432377777],
[0.44039544461248115,0.7964132242188785,0.4085345079374806,0.026389154715784555],
[0.48815327618270554,0.6757254021191882,0.09725768300218018,0.020419613493308064],
[0.5353916109089208,0.08745241228032186,0.6947107340030536,0.020036583471274426],
[0.6941234103725166,0.9838246277331688,0.7276355774147952,0.10690756324255943],
[0.35982277546350094,0.36343118469751623,0.9799647198143331,0.04216398466839261],
[0.9952990065104315,0.4455325150599908,0.20407576437502173,0.026944418762446062],
[0.26457048833318475,0.7587220161919246,0.6347713222405441,0.03320915312275965],
[0.1379760365915076,0.5143262407322133,0.028078377086572126,0.028527178592185107],
[0.32639861249235425,0.4812586669704725,0.9997950597268922,0.04323334251266381],
[0.2430401175567779,0.35849722024283837,0.6725316019924753,0.04272265547303474],
[0.4101512054197428,0.09458992782384679,0.5222908851575564,0.02015184738513031],
[0.4095765965693895,0.24387528972264272,0.005973711940440718,0.029271730503959523],
[0.43639361532659104,0.7431417302883043,0.17617590199456235,0.03455637869552195],
[0.766219237694318,0.5003386421631577,0.07485202333962326,0.025406759548506505],
[0.5920602866606254,0.5364049470314919,0.8921329754051747,0.024821520247203396],
[0.45969746147333956,0.8940981872332697,0.9623502134559987,0.02854075500569457],
[0.46337680209288945,0.2833674156284367,0.33417006025554474,0.018173015535807087],
[0.43822760299193453,0.5260357556497524,0.8628138986555931,0.027029054837765333],
[0.39582059775603873,0.7358953734241359,0.5791330226574024,0.03423353587680431],
[0.7827046932982142,0.556549924842492,0.9445516956435744,0.019127762169702106],
[0.37761189631626246,0.5980589125435036,0.09417900637833976,0.03938883745345812],
[0.9033485424642549,0.878495240870645,0.8437464758227088,0.01893186571493056],
[0.5172679697965589,0.6216015880031467,0.8054122946194627,0.01971681568198453],
[0.047514030837727206,0.26520761940596227,0.24220516493077693,0.047678415480862074],
[0.6707200620718585,0.6259789213842883,0.7593430560275481,0.03033984916192884],
[0.35821209007506694,0.24098841243802405,0.4375020699616444,0.019726977594500428],
[0.20166253721528182,0.2594166993957707,0.2999973176952926,0.028099406418471827],
[0.1091666467775021,0.6648660786049624,0.5972439616371664,0.04833198704288638],
[0.5270291769413683,0.13902931569394883,0.4419270469023815,0.02366021179626617],
[0.5059794275009811,0.7612110121193149,0.7965620000814102,0.027325651143479388],
[0.6136149106061352,0.6763744693275082,0.23442793148811225,0.03786743229018033],
[0.5048657303851237,0.0693576328391653,0.34431004248370467,0.02151640691954774],
[0.6636041129978418,0.6266222272131633,0.802195814025434,0.03840745630319809],
[0.07299012607118704,0.4138156966142392,0.4160927977386877,0.028553859775349882],
[0.17130991491073866,0.029937760858149143,0.003797335182038064,0.1229323944624074],
[0.5596923642967314,0.5238608193025124,0.05716964306924943,0.01851452308097125],
[0.549265788296241,0.02782669832332274,0.24482067600435165,0.017202501815486874],
[0.45922134243458923,0.8871699054951846,0.008762504298782114,0.036577129687517175],
[0.7878184714576036,0.9613905729369653,0.5838100169302411,0.024102967603448523],
[0.41717764274097957,0.6680172042392787,0.203009758012763,0.018835439464396912],
[0.5795694903632328,0.7024643057585179,0.23839053600133642,0.019551735743324042],
[0.9698204709187849,0.519394844808704,0.630702832748331,0.035454113096579226],
[0.5470294592704719,0.7194810223363429,0.4572559333298294,0.020776371764231562],
[0.18382455150246058,0.7295826074192552,0.2759628775271008,0.11178281966832977],
[0.8118446569918548,0.48354658939963224,0.0023701215286641153,0.029591988350295702],
[0.33595254208497816,0.18059950451683204,0.09361346409873916,0.03876498191271006],
[0.028040032622407063,0.20117792027989811,0.13762969551834237,0.028620201662600882],
[0.08338667072874972,0.32914184670562774,0.37132370587947283,0.06192797701459783],
[0.6287704044973529,0.5246079497137783,0.31133716598516714,0.028863809284618937],
[0.07398157919320092,0.6594074227612499,0.18452741521940175,0.0656825284577262],
[0.003270346284575787,0.681357953393754,0.5828411615241231,0.04365639617687599],
[0.5251953395563697,0.996502628552212,0.5815667643421853,0.029174768264523393],
[0.6561959205142169,0.41822635599432323,0.49000986510698097,0.026829297665176825],
[0.4090140491289651,0.9032864865406394,0.19805011002463024,0.03463072684655419],
[0.37171795448255696,0.37242464007892484,0.07821764910202433,0.033943970838532796],
[0.16319684131166678,0.4439706782483571,0.6717957660863128,0.020872436413176355],
[0.4058304974397443,0.513208424475852,0.7747847955168397,0.02538226059633368],
[0.6606011855079886,0.12509008995718562,0.4811216486619867,0.02701974787938384],
[0.9077370237854981,0.7959613612026032,0.5121711463488117,0.02384855339305491],
[0.5490629121838797,0.36444326220012235,0.23879682279231906,0.020410679644811178],
[0.7055415297977929,0.29388770947755116,0.3522530482852714,0.018165769924013565],
[0.3086619016109172,0.8547151520743336,0.4742785831562122,0.03206338842414836],
[0.22518830498664932,0.005422957990533939,0.5229116247317793,0.021496039618367685],
[0.7365537922861971,0.5383586993942294,0.4966032301733294,0.01991647202729803],
[0.1920244269218131,0.43611941395091736,0.1727449390774638,0.017203544764582898],
[0.6519340642664412,0.1518760378069567,0.4210730916236116,0.02136465060963417],
[0.5647384822515972,0.003710418494205059,0.7317528949781059,0.029112052154837212],
[0.5284568639408546,0.19118694213144416,0.24678725381623412,0.019237768044174264],
[0.9416353930691294,0.26230346540933536,0.4632610032346407,0.029174311094831935],
[0.04959110552352097,0.19612841837270123,0.014629486692719573,0.09173318335953422],
[0.8647129374167168,0.6218024229704816,0.44483765336982084,0.03627202722139163],
[0.5745983820167667,0.5415697462505501,0.7645473050856658,0.0242650510410036],
[0.9897913101467026,0.6365530856086441,0.8682548222729845,0.04665168875389035],
[0.6059338812357763,0.6590008984024543,0.20121460587904738,0.04401648423737884],
[0.5532913615242114,0.2570606965638973,0.043658775498497726,0.020340127241187472],
[0.369683033007391,0.1345602723775452,0.5478104457910925,0.022193693904549942],
[0.7467388020128133,0.9808620937096134,0.4076828868457406,0.050888135638165424],
[0.7696786823282835,0.3372654809760339,0.4704972986436011,0.01781433146547732],
[0.5986316337522558,0.24169518142323165,0.37385227691772194,0.032205222017065355],
[0.9271803964104138,0.6086195897739999,0.14088646442525832,0.020120083108723548],
[0.7946999445590401,0.6623497817150784,0.4361133662533161,0.031676371397718325],
[0.055534785532149855,0.9877650568444281,0.6466315984357075,0.05184546284403882],
[0.19084973410890915,0.6331437704490169,0.9400621060498008,0.03520548739919606],
[0.5427063985330854,0.7639411589893649,0.22906219102776826,0.02727818871113384],
[0.746682428876449,0.3656786517968168,0.046052533710007504,0.038980670517274274],
[0.5280810797129052,0.19804166728269434,0.08946800204862726,0.02514915559717245],
[0.3631567547459985,0.645906181096443,0.6465071124626582,0.039756894703805334],
[0.7509188107961241,0.47250486788887414,0.5483176624166954,0.027017029639596082],
[0.3192215003943075,0.281964601427269,0.08865803861482291,0.029199605616123427],
[0.9335547824394816,0.557669797814267,0.2297582055888011,0.02632394510586568],
[0.6587424484818843,0.5536245587783076,0.19363034754873565,0.03688519217202892],
[0.4334732948806411,0.8697675056853224,0.5243802238412973,0.0179356447734086],
[0.8028946005552976,0.8258222623686693,0.3915861836072555,0.017915056949344275],
[0.3330332435317551,0.8915804301163535,0.06348743408825697,0.07129389076143937],
[0.7751867817584531,0.8389747879696822,0.3437929142378988,0.025377033472074956],
[0.17691084657278988,0.3894854784410805,0.13765278918979018,0.025881253418660703],
[0.43861960002718414,0.7665296351966561,0.6788334203565854,0.020820958510324263],
[0.3642202720415795,0.1016622460640143,0.3226888342310711,0.07696964913186015],
[0.2970338038741571,0.3926723860857675,0.43939340971534746,0.029293582446220656],
[0.9332178824282792,0.02603907472093725,0.051377321231664164,0.11514967402074165],
[0.3355628048447883,0.8729124997238034,0.471247396478344,0.04006997444520481],
[0.9845002419644078,0.6292136182491171,0.964722221090211,0.0699492346498741],
[0.021955738725393026,0.5959945734238452,0.9951135734811893,0.038602167761316274],
[0.6194515527685073,0.2309192119361393,0.023489181182795527,0.04511409231136346],
[0.35965312432113283,0.46617905698182094,0.6940332994464938,0.023636697609232725],
[0.03307296968397122,0.041893600894038374,0.5532236006018719,0.02340162481699131],
[0.3657331627737732,0.8459735312275722,0.19071819654650346,0.061623686126003566],
[0.5380956297618146,0.9241580383034789,0.5897014131888472,0.021047781854856548],
[0.9933157321188228,0.7044727193775878,0.8890472578707186,0.11756906837924581],
[0.616613129449223,0.6441935838123648,0.7495581517756167,0.03086707248161702],
[0.7225662516795944,0.6703727856947727,0.7726988665635885,0.03061853597390226],
[0.4590857597427578,0.5184578307067446,0.5494036909779966,0.024849838041403047],
[0.02604363870974713,0.7818881323850129,0.5770338231817571,0.01832949500408341],
[0.5464391469264993,0.3895759239989425,0.8091711525261535,0.01791291757224711],
[0.4351391388291399,0.7261736667817612,0.42944780186783427,0.03264195242274029],
[0.660985443984944,0.8041650445489921,0.615144497120031,0.03366122517879272],
[0.07895197012317712,0.6301477441408483,0.6532988652955757,0.029712050612981177],
[0.7632632391755264,0.8728767749782925,0.9008073454659653,0.06489689871762445],
[0.9992033156792103,0.7186287584399729,0.38278548442510263,0.026770776625247093],
[0.44486361151076814,0.5732970439560338,0.5329792041236361,0.024579716046142043],
[0.9176407593468692,0.6725705845331833,0.6470396818476507,0.05948417469442055],
[0.8459958653804793,0.5045698849996623,0.09513132628536158,0.017830273742101443],
[0.752228410963073,0.3075073285509583,0.2391536955301946,0.018990780160366143],
[0.6364760896438679,0.6163039441733873,0.504901828561702,0.027048020843942748],
[0.5112746727454082,0.5346629608095371,0.587186564873805,0.01980068683472766],
[0.28692663759877635,0.8536832691584003,0.7241612810087074,0.043644869969022504],
[0.8071893898840987,0.12852689638297854,0.15969615171805496,0.029842771534432593],
[0.1595987493824046,0.0012673104679746805,0.17944135846037645,0.07277829758492271],
[0.8163604990717005,0.6729269178074804,0.6010188820778224,0.04936777885945769],
[0.19157457657567412,0.4033883967758046,0.8162701839193353,0.02289457676486404],
[0.16632079128184296,0.33739199233574035,0.15888084658195611,0.02804652688270874],
[0.3968107507141686,0.6398533018711798,0.26188085554683094,0.04741105178106532],
[0.2804205222899492,0.596009740251823,0.8029185353604509,0.037478162661420795],
[0.9932043332801113,0.7107137109366174,0.7358710473738356,0.07824185534289685],
[0.04051908001037785,0.5952222481902177,0.2797981813226966,0.017940441718516636],
[0.2846177774151524,0.29546234406176874,0.6388213065185899,0.03613909978665992],
[0.35276629143807425,0.9079861785771567,0.31637119542395187,0.02317601289290163],
[0.48166963065019197,0.265949037351655,0.3006172331534256,0.02448784885383972],
[0.10961217956173386,0.47575901372923257,0.9595969200108293,0.022601902791366917],
[0.35310945500050417,0.3136045628860771,0.09726640861787972,0.043395878208758794],
[0.6223129634002493,0.8937813183398896,0.15877695345248344,0.030114640589120917],
[0.4820102129791962,0.0002744570669309665,0.6900175245012163,0.01728671917418162],
[0.20897177667182842,0.35179537994926413,0.20607686449757712,0.05745485015879333],
[0.7706107221156664,0.01732091220709897,0.27943940505880294,0.03070713826330481],
[0.28475134805487234,0.13524659416358709,0.5717943196237021,0.02661987403538419],
[0.5299234250184885,0.34991894075165053,0.6412798861143537,0.022042410227796294],
[0.6030513998487708,0.3632498527451794,0.9444069305439174,0.06315095738252142],
[0.8544890439628733,0.4783917681049722,0.3291494987958037,0.031164852090740214],
[0.9032327631439733,0.4829935130711711,0.3719361686331629,0.017019229960182618],
[0.09847607624399446,0.6310791088997016,0.09424187694800557,0.0355216773136093],
[0.9878178122276697,0.9142650869014209,0.8795566283631143,0.029229713840028294],
[0.6855621256601225,0.37898837086737847,0.23042608402643672,0.026510947952678394],
[0.09226001369965409,0.4330095521964036,0.382239078852335,0.025359089596812212],
[0.3315077834982575,0.07675169422954076,0.21212631127719273,0.027445257151048404],
[0.5977377218210492,0.8169022001259261,0.5920612477798419,0.04207042893300927],
[0.0026706042081283687,0.2359453919561052,0.21840464722718556,0.0570780446208454],
[0.9908920387480068,0.4080958580229961,0.4896001127203423,0.042885922770922964],
[0.6228227053154737,0.4409303616512674,0.21192058062664332,0.02669974892818789],
[0.5650088533287275,0.3750835179844666,0.6704355901563622,0.017400751835188792],
[0.3375404841985744,0.8790815481765306,0.6478844719465249,0.017473137011819004],
[0.8326108646212969,0.5981944554960053,0.23965302473711003,0.031353689699526864],
[0.15843591624471387,0.2886603439404434,0.13623620267384917,0.0181056914212748],
[0.39880971963542655,0.7714934162823276,0.21591313706009108,0.056238802581448005],
[0.33076884607081547,0.19970513963647196,0.6185198605026141,0.028005685921850078],
[0.5813324297877352,0.34142035428656714,0.5470467788947037,0.017745161989420083],
[0.6194866699781006,0.28108844645094333,0.6768691942007883,0.03466104439850204],
[0.31482773839222844,0.25720872986677523,0.4081729143997801,0.01889480094011256],
[0.9443504414441529,0.8649657925182518,0.7965310725213642,0.018654859986923386],
[0.3581913547971709,0.23546901252236097,0.6927390399675915,0.044689247591800325],
[0.6102794088776543,0.9568968782260024,0.8086857409332474,0.03674587710202742],
[0.3033690636098053,0.8346923928265674,0.2742497786703546,0.07026164473651933],
[0.7805364552592362,0.5059198679729122,0.9265626739027367,0.020933257146717864],
[0.4339054291216148,0.9379050420396788,0.9331572632997688,0.023736138851073514],
[0.1345918059700083,0.28721942510813825,0.10147862880740488,0.026343596898527506],
[0.3857140292739435,0.06505296581710218,0.6101927584814302,0.021909040253305],
[0.5419996596592043,0.6656661088526465,0.05592959271097142,0.02277384284491548],
[0.580240647872166,0.17277456291824944,0.006260659183653594,0.03394300240600675],
[0.36975483624112115,0.04351290523079854,0.20961602761411746,0.05826784933415487],
[0.3190224923203214,0.33372847622060653,0.4039062439070198,0.02604388848057746],
[0.7667831188268929,0.7259272889547352,0.5380078181851818,0.02580810477274799],
[0.24869007145954558,0.3635859140328497,0.3171027646894523,0.0384965632130123],
[0.5804628845504661,0.5752313241820307,0.7522309295315609,0.018498860258388983],
[0.22094884074305354,0.8677705480068835,0.52275170477923,0.019333062142157756],
[0.004763664009935886,0.3432110609066923,0.21439465917254885,0.06178959313551599],
[0.02319024723526708,0.1539685347514702,0.21047727436071206,0.026922838360536487],
[0.6842800360306687,0.6255476069028788,0.37506580753936625,0.017470833068787987],
[0.2834097530449817,0.5219347171601127,0.32893509774894514,0.02373353355587704],
[0.7145205958344166,0.30350614920882235,0.5969098135702688,0.03126840387876974],
[0.765739582154128,0.21436211567382413,0.1273605477346499,0.04305115128782196],
[0.05858724045021346,0.005484031819505852,0.556870777664017,0.04473717004588576],
[0.2523863606408874,0.34494804748295116,0.3706221018764795,0.047636831907739915],
[0.3876949128183004,0.1329418939415017,0.523611508859239,0.02843876429882978],
[0.3287785688202276,0.043238066462886304,0.4559593365880873,0.03106405145698693],
[0.9838779343332976,0.7780079088379339,0.6249433759273026,0.03610543561791792],
[0.19190338148645336,0.47456098287223236,0.6779055974888109,0.029935091404564275],
[0.4910084351043602,0.6452483049116929,0.6884014952277516,0.022368776141742673],
[0.7498215623759698,0.14657201195875125,0.0038165729660553094,0.04627390381830232],
[0.21656912173705356,0.44387322901846926,0.7906863256805722,0.023600758178262127],
[0.5356727757927265,0.7753816348957956,0.825661540726937,0.02222085975839353],
[0.9497432785291395,0.8643089213018422,0.9821498590034418,0.09889232312135113],
[0.3304972752924823,0.6076568856099002,0.19153422225732442,0.029374842520089595],
[0.8031963629998641,0.14529170737921626,0.3616638350813537,0.02028269911403629],
[0.5388190444509088,0.8075883219569466,0.7082909185460267,0.029394566477278623],
[0.6463276663101286,0.6797368361479283,0.45337093912074067,0.02944690944000357],
[0.9663490348080056,0.47648201312816474,0.09710735316563601,0.01770159220089993],
[0.4663579111123045,0.06652333850481884,0.06960689788980656,0.02494276773212467],
[0.35382531435297526,0.6304735412500115,0.07913917186012354,0.04034856092782375],
[0.5863637314236773,0.38057240315920127,0.6571313375434211,0.022902460739241036],
[0.7197565201099276,0.5568665005863134,0.5777379089171528,0.019443696085374627],
[0.5304806326572211,0.9196864275390945,0.9948102447083367,0.024734112682622197],
[0.6692498496068494,0.6863554325961632,0.3734567806872686,0.03172629676193012],
[0.1777865012247466,0.41328044282363385,0.19831094266918037,0.04463883886599193],
[0.21186545377368882,0.399922821863697,0.12266872332871093,0.03990422325224668],
[0.28129888926449476,0.4532262822290166,0.38749210260270195,0.026180884556690535],
[0.432800938746549,0.6435812639211698,0.6824954661640907,0.019750004974879803],
[0.3622145485265297,0.19240667008305046,0.541543693677553,0.019979925621797137],
[0.5666776090914215,0.2682897444892042,0.8200523281793686,0.028512639309163902],
[0.6144908700382823,0.2945300464710744,0.5149255349475339,0.03711691027994505],
[0.4426974618001235,0.7578967906142948,0.03518631199317945,0.021882862085695787],
[0.5569064713324765,0.602063985482112,0.8515578666576865,0.017934823564330987],
[0.48671563613173374,0.08877120525865201,0.5092349195018842,0.023865341128555227],
[0.7718760270688868,0.7101741411187471,0.8292325166774697,0.050110915768533715],
[0.20261739219914576,0.56152432723557,0.12848383844918632,0.022873236428068086],
[0.5334234925943422,0.4204219809211871,0.13852133820023793,0.02254091114362742],
[0.6469501387373654,0.18061225487714982,0.0070788806648154345,0.03405140857172641],
[0.44666630545680563,0.7880548475882718,0.17919608997111158,0.029711821325486373],
[0.720316748776423,0.4572355633402754,0.7457410483882098,0.026595365549089228],
[0.20552596712575677,0.8370852571637528,0.42239065847671287,0.04065090701226839],
[0.5860337820327391,0.860347851812369,0.4392477951677862,0.022585820297966075],
[0.3417303426952284,0.3753306395280054,0.9308603932112648,0.03614022110490298],
[0.26400943411503086,0.5897789158195598,0.6940904942957243,0.028721239138762657],
[0.6774524437336505,0.853636384478291,0.36439706178537734,0.021963693611233556],
[0.39169036201266183,0.6171794526797929,0.9545356338974093,0.03294040365366163],
[0.4876874977388014,0.47836836371521096,0.007848328878063526,0.031837335569811026],
[0.5187298662399059,0.40889119371439564,0.8101246789211923,0.019384010508735776],
[0.5660971624397725,0.8652643898417922,0.4228417601262746,0.02423818759511931],
[0.6807932618942137,0.6112552702481531,0.5448906156881149,0.019198766467353606],
[0.4586509896488571,0.877165442590379,0.8026152046374682,0.01920005350658336],
[0.399002243071228,0.4783467456605841,0.37354499947981357,0.027784337313647087],
[0.5575109812038852,0.9728932252572506,0.41887762219192537,0.0181185152232637],
[0.29111592609636705,0.09154405778538899,0.15721288798069732,0.018049148852479102],
[0.4684326145655602,0.7815793810328344,0.35217249348787194,0.03212963183211248],
[0.5346608725900945,0.33670182413230654,0.001724164047941401,0.018220423917636383],
[0.2361219362383109,0.7920772445697525,0.6146760380218304,0.03921929900951168],
[0.4016688349606461,0.7241434203981586,0.6225309608050882,0.018703314534495252],
[0.35693020387233754,0.6887125744625292,0.7533210174703553,0.05715259988253811],
[0.584085707154714,0.006138454711851704,0.2504257821803869,0.031336287136547666],
[0.4233051781145146,0.5024991097294276,0.24822758365490238,0.023108979055127994],
[0.1814914310301654,0.5493901005420637,0.030656667296860007,0.018787997422699904],
[0.1286845030847228,0.105676474282282,0.6246828708533321,0.04232722377699876],
[0.6222561742169779,0.9117393643101951,0.3943534555107765,0.03764677010941616],
[0.7289994789615571,0.12644728498182334,0.11688417724208633,0.018716311710822463],
[0.4132816594652614,0.3537711581725588,0.6234819407829253,0.023788642639089273],
[0.8825813511479056,0.5969000625681427,0.7258297741540917,0.017958260572184102],
[0.21318433023227978,0.5778662437099347,0.06581916392283604,0.032707529962126475],
[0.6979226130385576,0.543142604407601,0.5535654745604036,0.029765818976686738],
[0.9121005809409202,0.8099215074620287,0.7321345506588904,0.028337689066810716],
[0.5484253157618801,0.6743559329058016,0.16696223443668146,0.025563306794881044],
[0.6835529409489521,0.5500830239945528,0.7686451419572957,0.02670064930143376],
[0.6077886198680725,0.1987399708213614,0.2835170896422847,0.02121798168720715],
[0.6848180031235236,0.4808246174181642,0.7960791603799413,0.020840750727661984],
[0.5795109462633186,0.8528588323183424,0.5078901795801591,0.022461898673101943],
[0.08550102446624108,0.6048661511124881,0.5943037900121988,0.02211884308113851],
[0.466571723369517,0.5665800316648933,0.33191210559765216,0.03496654000991741],
[0.7602084431805533,0.3783664335663741,0.38634710859719223,0.0377558821391983],
[0.46839673335785914,0.9396285066944952,0.43614087385423606,0.025447375300289142],
[0.5816843294681402,0.2204390024843763,0.3204226458373093,0.03099825747869836],
[0.7054695965857701,0.6335858847650424,0.8387859878620395,0.03734172919465453],
[0.7753525153384356,0.722655522679894,0.5668227457580265,0.030186928563709185],
[0.1554884832665716,0.3649644485717153,0.11475579567265781,0.030190598651379456],
[0.05675312683948419,0.33107108126378226,0.6588010140829883,0.04983226290640745],
[0.1754391475579945,0.5394106724817114,0.26094446905480273,0.019956018467571744],
[0.2481905775605152,0.3465877512591169,0.02690112398777389,0.04655284791566969],
[0.7905380234120106,0.3784040287662266,0.2957794697596313,0.027893118564534462],
[0.5990575076373006,0.3263022745910088,0.22042613021980273,0.024517801981868696],
[0.7045829558284135,0.35557476970419244,0.4515621327835846,0.02376255111019524],
[0.8860324792711134,0.7900358095028484,0.3746332649129296,0.040768370426208414],
[0.5868896953036556,0.17795422146725726,0.813691532766124,0.027222684620501272],
[0.37784011529031025,0.9616062638063422,0.619816650950779,0.02597983557266064],
[0.345597211534706,0.9692954837585379,0.6288027912502266,0.05013803999025268],
[0.6704716065541845,0.018333435184194946,0.128994608011049,0.050038646011333135],
[0.7305518805822321,0.7735571574194492,0.39616278885883516,0.02521307865334458],
[0.596776075538613,0.952039051197634,0.4532076804286381,0.0357342882085974],
[0.41304615982340664,0.4272296456300094,0.17312906214197465,0.025432183109988835],
[0.004276068771022601,0.900134328548599,0.7074605999067685,0.09203162209023652],
[0.9205530211173195,0.09532223021204322,0.4362488677474434,0.03289187698260971],
[0.8993637229036859,0.23584918336721272,0.45315202570210655,0.022767730290599877],
[0.2736475291789604,0.27691687893557904,0.052795855541933,0.045099099818939364],
[0.37178991149706053,0.051812413487067555,0.39756393170258786,0.06047944226020882],
[0.027464066934316467,0.1686917546739225,0.12599260458710193,0.03337856677769575],
[0.12784936003658387,0.40884409048045767,0.9375446702840609,0.017609041901220354],
[0.42170376829427525,0.9788516776192563,0.33592700462691916,0.04710646789227742],
[0.3439918407605098,0.20280501037095178,0.9814091127942227,0.05620258326309857],
[0.7696749835934649,0.6548794143818303,0.6460965141002194,0.02399893086009245],
[0.35810077436522514,0.19085223881619362,0.7499765754158041,0.05604619884713208],
[0.41907810258012856,0.8184324992057379,0.8817598282050827,0.02064793503546105],
[0.6739010527630992,0.32605194125715287,0.40540224358809207,0.03271526487824371],
[0.42717443491683005,0.8904699015008949,0.8879729196862426,0.0215095811411962],
[0.44057903247023966,0.02904611976123972,0.820963277146069,0.023259895877819584],
[0.5968883145141084,0.8005117130169237,0.6930049188064665,0.021874785856010194],
[0.9902148640381057,0.33430055145805027,0.13166087044669905,0.06672281700412623],
[0.6032352772212122,0.4260090164094603,0.15226451771786753,0.020428696779728417],
[0.7550238241466686,0.7679861545366397,0.8689669295345829,0.09244030499198737],
[0.5625322026241193,0.7880552762180366,0.19855808731201952,0.019753805789228876],
[0.8391056005433841,0.171203353751601,0.5377600361939399,0.030146793431773844],
[0.5592431690793079,0.6947293020719134,0.09864362749276734,0.025713191854880538],
[0.7125501668561554,0.8342668956689876,0.38635987958826545,0.01963020077177606],
[0.6088541601818901,0.8205276997171697,0.8311256946350941,0.03795648246082718],
[0.08946718509630303,0.6268403729438973,0.6883604791564873,0.022443946942584107],
[0.15833324452278308,0.38559818354351594,0.009455763420157415,0.04749501187390881],
[0.37905297710137575,0.22135695055534277,0.11673711699004063,0.03576839406234458],
[0.5342130735405055,0.2849717868535113,0.9761793876129856,0.02689974944199658],
[0.6368778119239032,0.33224713029240804,0.14799945905150913,0.03923158092404526],
[0.7125107848537195,0.13190378245645895,0.4547748046542902,0.022656405712618517],
[0.20590402592900958,0.389493608918974,0.07968460596421223,0.03769011205239474],
[0.5672097118790771,0.05841358958411935,0.45896994733004215,0.028328634353346087],
[0.6202467605308533,0.13558549210279147,0.7150617695573237,0.03538722634268401],
[0.8459595433789227,0.550896268039958,0.9900194078256556,0.025242884380945636]
