username = nchw73
detector set
algorithm code = VD
dimension = 3
self-radius = 0.0287
number of detectors = 422 (from an intended number of 1000)
training time = 265.7

det_rate: 81.35, far: 6.6
c0: 0.9999, c1: 0.9999
[0.15786579213038676,0.020383093912499484,0.22948321215513712,0.058287082652847],
[0.8541556400980339,0.14175552826085625,0.9236166840723068,0.24688559256750242],
[0.15509021466101514,0.8733790245607096,0.04771368334506498,0.23968447057616293],
[0.12831544052040067,0.028663518678764377,0.32128453730819073,0.053158634672617194],
[0.8003422898162923,0.6874829889947952,0.17857385239075185,0.08253617749167945],
[0.7276856853893552,0.869912152475642,0.9392568317976154,0.07113064497901689],
[0.9515666131918699,0.25077312342500124,0.6241049487790364,0.04016984000265145],
[0.9585202198305862,0.09929427363016796,0.13908506342879268,0.08272398151879443],
[0.7135572148764004,0.9528409731362603,0.9154685692129612,0.05266247926435047],
[0.6557018010912606,0.9668385833063005,0.9865990838627638,0.05992726899788929],
[0.9854343215487958,0.7256756859751652,0.021985401234061452,0.14753506081386136],
[0.7037607844709967,0.0374968602686051,0.6654846276569476,0.050911445511649014],
[0.9954107059443618,0.28105395349853857,0.08071345912930983,0.0956747768919219],
[0.7528437331599638,0.055140808153524956,0.7013938109253439,0.099038880545197],
[0.9059789658054683,0.9455678261217108,0.02209213577716651,0.2732606398957013],
[0.9564686665304596,0.23464562279691759,0.3343270631738591,0.07388337373135663],
[0.2247393787192603,0.737482860614869,0.7752543923082424,0.13559602408336385],
[0.03187570609759105,0.30930429135622517,0.9635953596218867,0.11455164345279403],
[0.9924245590579068,0.34968610251265264,0.8576094351730764,0.04907065567130148],
[0.0017660090961520991,0.7525288943407304,0.19939500326131654,0.166524720519353],
[0.17105236370430132,0.9652960233552935,0.9964226292434671,0.21774419779057413],
[0.2759692667395456,0.7065958631443631,0.6284506833516547,0.056701532724937],
[0.08205097289494856,0.08739448113184345,0.8757026396596459,0.2731529099766346],
[0.28228343790237487,0.681972650713792,0.23839339612986277,0.08975485181718318],
[0.8990596901226772,0.7034624097174104,0.9789535082498371,0.1169708982943854],
[0.690014021531265,0.7946356385097886,0.3368679288049894,0.07158040135944703],
[0.24104258092903064,0.2184596930126066,0.6295221333346269,0.044690054572543395],
[0.6669226696409402,0.7297195897388593,0.35726590694966254,0.04683213538201826],
[0.11654507531657554,0.8866609166153075,0.7552866176664691,0.13116489404844162],
[0.11962507421699886,0.7848571240839668,0.8494083537305678,0.1879721950326838],
[0.2687055375677193,0.3419988255831884,0.04949617585708421,0.061269533851516095],
[0.7147310131485688,0.6372626430335265,0.9414272180138679,0.06266952070562372],
[0.23979832545722546,0.012512029959941828,0.6474408398018501,0.08062328125172075],
[0.7389842459821976,0.3436658977584157,0.7642182063818359,0.05347414677496265],
[0.9998666373510746,0.18194392780790503,0.04159401644524452,0.1313884806586636],
[0.7782671964502744,0.2830730073412068,0.6651081667439892,0.06658440392324648],
[0.9668072204294759,0.38576842968346114,0.9900094339121904,0.0501300742367657],
[0.3252175285776434,0.7314869829445853,0.6476885571099086,0.053361001370809916],
[0.6142101754435174,0.789504754361513,0.7755089070131553,0.04858422907287721],
[0.7605362132829434,0.7348849358253337,0.11798496783989665,0.13537514268877243],
[0.6855640637300984,0.9313698076624481,0.7427351594154538,0.06608968827370765],
[0.25845778525074803,0.5661803812942301,0.3519341762851268,0.048211329162983596],
[0.2383774671546105,0.2534760014070877,0.38949506579605875,0.04572199783989435],
[0.8142925828261254,0.8394334131609928,0.7799027963886462,0.055723844777391784],
[0.6382192743509172,0.33868770003847626,0.849738286566089,0.040128068748654724],
[0.3043877921499577,0.26924641536502425,0.7265559871805805,0.09119550120856405],
[0.9778071846370221,0.7480210876205924,0.1980757110715874,0.13862236887092502],
[0.9609664705354213,0.7277433056826172,0.3439241495234232,0.04745572706111634],
[0.6412830026773354,0.7639432659352523,0.8469456605424207,0.044347662130498955],
[0.6674199815211043,0.8168301209028935,0.7258324685682281,0.04559906445496095],
[0.8873310768235156,0.7089599238268856,0.7570338322953073,0.09975972387161106],
[0.8510843466075758,0.002503177924724209,0.6497711050893216,0.05803737763336314],
[0.9401441900460683,0.026171231849039578,0.3060916472659502,0.0978413008272074],
[0.6393312338378229,0.8866246120188006,0.6886999506280199,0.04279830787762058],
[0.22868201145427614,0.26888410382074157,0.6339708673489415,0.05680947137017767],
[0.8374052519791405,0.004255979575290669,0.036665447556150754,0.07496917195088595],
[0.7978792373745747,0.8888769924306729,0.9543526322997213,0.09298787078889102],
[0.24227361442873896,0.6493439228207347,0.06879628376308256,0.05723202928475418],
[0.9880594279283097,0.7856233003621337,0.8774416133942501,0.040387297834379235],
[0.671975679156997,0.8243825648768387,0.17671191364701333,0.07287087434788093],
[0.10158467091430823,0.342058255117737,0.24431379150591714,0.05117226775209267],
[0.07187367266290434,0.976648316134496,0.6602924618181614,0.062389758600247605],
[0.8828130998338324,0.7220471102425142,0.6527688762647104,0.06480161804681223],
[0.024339108170221113,0.2025974025538414,0.3575658566286084,0.0513933465714347],
[0.8652129027718739,0.7990608410530485,0.2667540473114558,0.07023205923511634],
[0.949947202286617,0.276702848499347,0.6726264653051249,0.07282068128076388],
[0.28091697383171,0.9759194496308643,0.7323746843547077,0.06905651951458147],
[0.6659915454171376,0.32612373567637243,0.008008740666091585,0.057601613815192895],
[0.6747169276216519,0.12763349651851874,0.6946008714438359,0.08508724260419075],
[0.34153109461134423,0.7394558927836036,0.9779156407751175,0.0626890718725157],
[0.9993781045691109,0.3649728843066835,0.003321226769608665,0.04913145305878622],
[0.8633279843964838,0.7765897397341748,0.8636713182744875,0.0704702019385302],
[0.21629651779031367,0.07021001478601552,0.07214984779072486,0.04339000421012601],
[0.5726720544740965,0.824124599358353,0.9949977556649555,0.051811056677043596],
[0.7681558666503564,0.7790184898543514,0.30180808736411835,0.05007264144160911],
[0.6240446350325828,0.33174642650234043,0.9726882285572027,0.04906757067798202],
[0.6434736652974615,0.8750171613422377,0.9854511231197832,0.08311617420632918],
[0.8296318261741071,0.364542081002327,0.7839694168431202,0.04665028303633453],
[0.05819271837062068,0.026103745379758347,0.0853419905657209,0.12132753460071452],
[0.7422724641552266,0.7520417216437773,0.8845027965885996,0.09475357779185738],
[0.31228955719166906,0.8717730982176695,0.3065384387209793,0.055490420544532196],
[0.3183029055311821,0.7864219863086841,0.22770860019271122,0.10774689157081332],
[0.18907045699693592,0.6292622550192208,0.26725521201335034,0.04183319406155605],
[0.24434959257658995,0.9856395066096771,0.6557514146855168,0.07890156052621908],
[0.19879909782085214,0.5671480351491294,0.3890749483861491,0.040576380798237395],
[0.09975280940583242,0.3366264128029962,0.07191962604239355,0.04884438603092653],
[0.34466388264775216,0.6728202462315735,0.9706911389437177,0.06494075668274439],
[0.7330377825399479,0.020588888503019653,0.12627423884480637,0.044350726608576585],
[0.6457969470540963,0.3270038828875488,0.7042885561597184,0.06199256989210433],
[0.9754951583516372,0.9579963138428899,0.7249137712542689,0.040963997985469625],
[0.31082047428240067,6.019861140527105e-05,0.25397099403112844,0.0742277070914372],
[0.6582815851298001,0.004785982920331389,0.11205055404363096,0.06626023237091291],
[0.7477237082082089,0.9061442617908302,0.37285706339831637,0.04413271473671125],
[0.34608576791035905,0.34659530087409673,0.02949646287255625,0.056071947487884743],
[0.6359932301522214,0.6695897008791319,0.9967084963647326,0.05845221784495892],
[0.6708883421096578,0.6640903968362896,0.3501810302152123,0.045455561125275074],
[0.9941411675244821,0.9521652052239393,0.8586604886802265,0.03976254188893603],
[0.7919742028387285,0.6494785022376753,0.7333817906930352,0.047158117902718066],
[0.35063790474989254,0.6968396539211271,0.3028508471332323,0.05061298498975142],
[0.6588882507732321,0.015480282909581256,0.7783237159066869,0.07532596850987666],
[0.7527486818795025,0.006054456232926553,0.3098445203996273,0.054055405186406044],
[0.6383009961350846,0.23046147225232938,0.6719858952959037,0.04621349938705817],
[0.6097556979700927,0.00011510263817737787,0.1794062927978719,0.04716452581337871],
[0.2293196027475185,0.7061168572511082,0.5844642821186095,0.050756617050930763],
[0.6330137203668432,0.8732419669375032,0.23661876372324087,0.03941088395064373],
[0.4259597796716209,0.026947136085465173,0.24674198454623153,0.05811439166924007],
[0.3789900230647607,0.13961211736021117,0.8747142299257018,0.04293711927632306],
[0.993681855710366,0.9168442024132915,0.7574872445933197,0.04291508162887561],
[0.15459864089816,0.1449124746124898,0.005225791544522851,0.056383333152711754],
[0.9971044246753341,0.7816887960241363,0.627934729378021,0.04346983862422958],
[0.27262675777095924,0.37582735815574253,0.21564020548567497,0.04530443771175732],
[0.713190995611851,0.6599530498700487,0.01268159863431606,0.0531348992981172],
[0.22988872299962948,0.37200990787299504,0.8918618748051133,0.045886634369239926],
[0.18004665170417433,0.6750413832144417,0.24555490359757792,0.08700095786111733],
[0.20112574028489083,0.005468618647878065,0.1789600313653007,0.06274569736235587],
[0.625252892814922,0.21205781179646266,0.7785514675174713,0.043369534115898695],
[0.9178905056968303,0.1688205647764327,0.33832182327706095,0.05938989603207456],
[0.64541488433618,0.38508152020563247,0.1647351975944754,0.047365564468320784],
[0.8298126043681682,0.6613715388177192,0.273388686331971,0.07412060369641268],
[0.027278467915700544,0.3253703958008124,0.6441703950159366,0.05361399919978463],
[0.10570540849362953,0.819371120650896,0.3215579257592991,0.06957612906814853],
[0.0531615630446981,0.02282739481650753,0.2220480952121674,0.07052790033000263],
[0.8090238594529756,0.700954150050446,0.8218501182386057,0.06134927582353063],
[0.35736833248816324,0.0222911896318857,0.6681592713309321,0.07102187305099374],
[0.5239087120368059,0.9021386491671357,0.7586870349660072,0.04401826158328938],
[0.7820290338876965,0.9191398215562597,0.7871531719988052,0.042703363846647496],
[0.191777777324173,0.6631581926329709,0.35325009731172796,0.05237237179302025],
[0.37781341128089807,0.06914351435073773,0.29329714587692834,0.07010049645701985],
[0.8869938831069691,0.34395068446708843,0.3538471763400157,0.054776697214336964],
[0.9968967644654003,0.07562690552727647,0.6322624519636615,0.06038975922795008],
[0.4058024224139827,0.3399268328138737,0.8346573610083059,0.03969471706658837],
[0.09243215285258566,0.36269384832125984,0.18038508798537778,0.046738271195295625],
[0.8128629220237481,0.394013073596848,0.7136464409325343,0.04015486040794616],
[0.9930283772191905,0.785002038470528,0.9305006946370674,0.06777114055354685],
[0.41339129078435,0.8122025935227001,0.7179272889028057,0.04077446124460119],
[0.3516808433956057,0.2274578405087615,0.9895109932328948,0.06261420105411593],
[0.660184412121672,0.70439383264551,0.8785910542416182,0.06424901498445032],
[0.9885313274338982,0.4448939987957127,0.6187947425775591,0.04193694427611389],
[0.6617745285418636,0.8992820417591932,0.155052352984707,0.06751133588099567],
[0.11649941574874856,0.351134109900908,0.31052059949281297,0.042569844186248526],
[0.34626020375542477,0.3394016014293264,0.8051927671455085,0.06562299131293774],
[0.28108142032473704,0.2776785840721725,0.8557415700652906,0.10985430343126529],
[0.003529046963583804,0.04873282001391266,0.5299561894597195,0.045035718553138246],
[0.3703224992678066,0.6751754933621782,0.3473281191282156,0.041671019532828486],
[0.6234490816671464,0.9863319250486394,0.02205122802351056,0.07013690448096511],
[0.006815364893495768,0.6479502348909498,0.7397487766515344,0.05123782175291651],
[0.8739445727878538,0.3214888073057687,0.019823091366945933,0.06550609017194328],
[0.3234017048825588,0.18735501506098007,0.2606033904826266,0.03956449219989414],
[0.08428391199237195,0.255663088234506,0.6212161617398698,0.04440157263434394],
[0.3387058772989944,0.7832662414058947,0.6353899789966667,0.041314692949951305],
[0.10950873693471674,0.28822606764406444,0.6578186194467313,0.0627722867208046],
[0.8258039582763005,0.023281893775675466,0.2999086786272699,0.040694917804172025],
[0.3654824816830494,0.9302867098362607,0.210491686164482,0.05213817132493673],
[0.7454271354807269,0.3679864936787002,0.00649127815657935,0.04073884328824967],
[0.6479660419927097,0.9602787893090375,0.1959492493071281,0.06836052930230599],
[0.8622613834209144,0.32180499045078226,0.10281841145527093,0.04895494150542436],
[0.21330129893056837,0.3232840448609092,0.9412051847218544,0.08155757209409746],
[0.16880988888109516,0.3294337089630269,0.36430772007892087,0.040316824011994455],
[0.28733981898883154,0.8611887330657596,0.767120093890291,0.06611076622953956],
[0.6377932784439626,0.8084355296732445,0.8473794706254477,0.04959556245861761],
[0.18692525554043893,0.3865809866570261,0.23038134855328785,0.03967503611264361],
[0.6965901332724376,0.396101188934069,0.8076288885450035,0.0426959559637511],
[0.03786517559367497,0.3169819415966547,0.3316929748513888,0.07553352019640255],
[0.6084368313203401,0.7067058718314273,0.7998393698323101,0.04066868834511172],
[0.9284260273854958,0.3460291760949976,0.26546446430700654,0.058815657929824655],
[0.3631273805437829,0.06088668955362786,0.7669334772760824,0.04642693428593825],
[0.20492003271188908,0.35192801847638244,0.18511229460689305,0.06507679513061143],
[0.41010482933025094,0.5293440408694572,0.023390686285170936,0.051040047875679256],
[0.021793589995098506,0.11635725550739939,0.1639337977937092,0.04877601756241755],
[0.6321094331775569,0.9847087924742037,0.7732074144629605,0.06408734768918965],
[0.6351951971530952,0.38431884614149925,0.762170493993081,0.04746783681785467],
[0.3870130321594427,0.17088238692705304,0.1244362299517272,0.039714394472277266],
[0.3549965578986888,0.18929346628847443,0.21763894854666843,0.03944094931258999],
[0.5048576810675192,0.47083862702646817,0.0003031489611481364,0.040679144897003354],
[0.00579285735272439,0.7939453139247501,0.6184714516446971,0.05163238496319014],
[0.7184990085054135,0.21031158901962022,0.24929467944764305,0.0576745451920961],
[0.9907437704871362,0.3617132559891406,0.6563972311692531,0.07129925458139251],
[0.3842726380930923,0.343652611379329,0.9404455720346202,0.039860605732639214],
[0.34802596061547364,0.822163963190812,0.7708858986807526,0.07795552166419312],
[0.9677547236246965,0.6657889821771829,0.6601784642705235,0.07127183439574444],
[0.8646859022342334,0.3544748021815558,0.7285728021190853,0.05548109660057732],
[0.1441396200758882,0.34299924834287565,0.7734897090721341,0.05556372456497072],
[0.42099110703818376,0.008723182743207714,0.765433023132048,0.03985571039980696],
[0.3150342374990285,0.8120376315412022,0.9356312263546449,0.07162737262414855],
[0.20968012571682837,0.5519290385193624,0.3172570589855115,0.041293043478329336],
[0.15239690618299073,0.6842243725732964,0.6383561771355475,0.06193835424774456],
[0.7326979878571633,0.3346046049512684,0.6953241081591176,0.05942562119708342],
[0.3905260344537128,0.068272136345642,0.3670295256327263,0.04189974385711163],
[0.16287713072256105,0.3436663284877872,0.7195802916491925,0.05918794390008754],
[0.990925383750432,0.6943224760036096,0.7913491613547463,0.10174387534134477],
[0.6384174404150122,0.011462981614679513,0.3372388873369516,0.046978002215593284],
[0.4191088711265768,0.06557713885838967,0.8878631880738252,0.04906116109349214],
[0.03382408649159274,0.8030043582658831,0.4328373875310154,0.05018257932277678],
[0.3764722971630481,0.33529403237899313,0.8935853236040059,0.048377203393808826],
[0.36207732443061624,0.09442906907853776,0.6535821197024476,0.040083827637100874],
[0.9316582927960421,0.8775752293149798,0.9754561117265211,0.085729407110173],
[0.9734499510038578,0.05198103682248567,0.006541924114291109,0.1558991310221983],
[0.6691990277153731,0.791005469845658,0.9872220151901732,0.09617133835750176],
[0.28989155269101174,0.25729553187887644,0.022191836819630217,0.04869025827087137],
[0.14353603962469852,0.36377619388806914,0.8913073086498173,0.047295494738123514],
[0.8988372989492985,0.01794773109738046,0.17555852621469092,0.07021542405804712],
[0.7552643656379622,0.9784199081193794,0.40786491395370483,0.04158150910421652],
[0.8599302757220189,0.9730144391231893,0.9443715696779067,0.0578088798850044],
[0.33824939834190515,0.822923056224864,0.37428987397685165,0.04656365731684682],
[0.3386067353528801,0.9622782365964762,0.6828686550767846,0.04683207139129661],
[0.7780559312950237,0.9557304107073052,0.8600435798305455,0.06141320585973746],
[0.14726377743880004,0.9941496822203643,0.3914103544458878,0.0443766842394433],
[0.9914202061566866,0.2801597229127095,0.26188851851541317,0.07580832183311481],
[0.6685638781993289,0.6432324462901737,0.06481599397931193,0.04492692614456295],
[0.49854726795511506,0.2812047982633544,0.8537749688518332,0.04265744628024129],
[0.12680554483381035,0.31838447489902,0.3490327022696128,0.051593197631369256],
[0.27665301560517674,0.04235482282657743,0.1590020302181817,0.041728803454150455],
[0.6696544535767801,0.6563889943959985,0.7781063389523695,0.05250194832057456],
[0.34810696927561857,0.14316214307750508,0.07973421276011217,0.04825221100146715],
[0.7586126198551482,0.9426093332543966,0.3401953954068724,0.060482604929080225],
[0.36196126765922243,0.8727405656704695,0.914866951122591,0.0490954449189875],
[0.926321837214071,0.3027620009921128,0.7400465097407662,0.0997965728097613],
[0.35927051048883674,0.018237321533801976,0.8958126050327142,0.06779927434314674],
[0.30911180869488963,0.18041693473712594,0.009101640605490458,0.05203991719210706],
[0.2027622454442055,0.9450456878186062,0.36587999973298446,0.04281423030718111],
[0.9878518422763475,0.22238834378086214,0.6165977675814576,0.06856455016177798],
[0.47235348877681205,0.48814814385376537,0.1266302805092422,0.04438796798155707],
[0.2895376565107979,0.3381355595748924,0.2740995330234761,0.05329388577386397],
[0.9454671148139756,0.6794036676410552,0.3233817838929991,0.06462081210017098],
[0.016288913512586767,0.655157854229161,0.9867470070432967,0.07101196602622746],
[0.27469657417163784,0.6457273305443156,0.6713816347087544,0.058293483445208766],
[0.022558088473800586,0.23967280288783555,0.18420228332918176,0.04665697110251975],
[0.486769722748436,0.24969723895269258,0.9325648253839265,0.04871346445155837],
[0.7127755778070156,0.2451837467515533,0.703267347288248,0.09622774526138261],
[0.28381312260635616,0.7157530687986046,0.9325132390128869,0.10804484187272081],
[0.7709077010925259,0.16612812403721156,0.22206575049926303,0.057614425350208026],
[0.6403989208208156,0.9864914679803009,0.6650393180111185,0.06117134494868871],
[0.8867820117628381,0.6640028058659162,0.1131834898714027,0.09126732098736803],
[0.7803531853464584,0.36292789417717,0.814733263747905,0.0473114600707186],
[0.6219747019506098,0.9333719617266244,0.7075103943795207,0.04357081946132449],
[0.923437398885649,0.0908127762121741,0.6340924600637484,0.04912434005402966],
[0.11749187247113946,0.6166347944965366,0.03166920674886442,0.05469809815359733],
[0.5789423395410109,0.0003971518941157104,0.8227224757542625,0.04166837061775651],
[0.7596366047261421,0.3560313397364214,0.04823145180517607,0.04544103693789324],
[0.020247624026744293,0.7729231206447574,0.6806675383867876,0.0872582911603391],
[0.6498566898351135,0.37061798940617474,0.9567458966869165,0.051348184643182],
[0.2622622278291158,0.966719745920159,0.3311046317048961,0.06149805913009401],
[0.685317560042966,0.8170472597538474,0.8140489273209934,0.059571668137514994],
[0.5240396077758367,0.7009547007314506,0.34177115477486064,0.042412621770760814],
[0.17742635824667863,0.9991241461895363,0.32955571387448823,0.08343621915329583],
[0.6880160426858201,0.6937354713355505,0.9501255036875641,0.10158632397279645],
[0.9191273380965497,0.7590937628743821,0.32580240578015396,0.05485910934510162],
[0.8079956677417912,0.32960456309007924,0.06517431144101304,0.043888144251168285],
[0.7746708098372395,0.7969271228545819,0.24641005655480264,0.07976739180423513],
[0.32328050944843734,0.37122055901633166,0.7244628496459835,0.04343732052720674],
[0.28542393686072465,0.09491751104535184,0.060735109416325095,0.04199289036370847],
[0.7263262012152373,0.3521010917335332,0.876070047477805,0.051500381360141304],
[0.8347506417068897,0.2631330510753348,0.7019406033183485,0.09788400901671042],
[0.7356702508651614,0.9902256778554961,0.7968382410956534,0.09471840696561667],
[0.2649397402903232,0.9722785401438957,0.24350227563478777,0.05172430353610771],
[0.7484871261594608,0.6401604833712655,0.8128350329537943,0.04911913167766942],
[0.31220922982929145,0.7779467159191015,0.3689038836886682,0.0490283702263746],
[0.7424265639434213,0.7375272024147259,0.3170841601435034,0.09130568428141897],
[0.35020076945317524,0.3573525175011417,0.22579975580838407,0.0474338641531105],
[0.6586119534644732,0.9182691221016319,0.3142529933104782,0.04174663065561633],
[0.8521936693662717,0.783319260098779,0.6947490115710301,0.04124562093172844],
[0.41081593920892867,0.9714258539594365,0.1895986480771038,0.04196076498734838],
[0.6561728604079959,0.3549332864561284,0.3321356417109055,0.05328677510641043],
[0.40609726397404167,0.5843426979307745,0.023284089327423763,0.04033138269875143],
[0.2705062788265735,0.3430215345257104,0.6803546255208704,0.06164915279357111],
[0.7259436678314819,0.8648717873559998,0.6876689026315627,0.06928072204035718],
[0.665457793099318,0.9889996493918157,0.3558985358867559,0.043310593224799965],
[0.9356772334551267,0.9763445426693118,0.32559042338114685,0.046332729697232414],
[0.40353086313261055,0.3964426968726631,0.9938911204476186,0.03969420094747185],
[0.21150194869990124,0.3028264856385735,0.7402812703258919,0.0916601165281146],
[0.7273929727954435,0.8842422783355788,0.774313560312614,0.07847015113513366],
[0.3271994906822141,0.16438938692769622,0.7265784435777072,0.07782889970404934],
[0.6861961849830034,0.9184292428535434,0.27027138099710213,0.042170440996975006],
[0.8034773313323336,0.5926281201962904,0.9690416691982142,0.04212503831380765],
[0.6619100206176993,0.3496698521352115,0.6233808237073304,0.04659668047292222],
[0.9905183855155723,0.2650642205560142,0.40187691810516846,0.05634783837763162],
[0.6469839890505775,0.8728624064856003,0.08386454720550662,0.058829915778803865],
[0.3401953107547633,0.4799513463896372,0.9988117844478422,0.049458240893047234],
[0.5057726789807608,0.9764028970354911,0.013705158904099957,0.04935996751519278],
[0.1638010058990753,0.7168205628340047,0.3380165641259908,0.049939972992267004],
[0.13050468522398828,0.7608238674642144,0.6351686942511567,0.0572662714244485],
[0.10464880912748364,0.1779435442402687,0.34987923360755724,0.04508801805427749],
[0.3757962155040845,0.2799694005271026,0.03662767126506117,0.04091346578024222],
[0.3420663853308149,0.042590267961149175,0.12824561727951744,0.057675410076220235],
[0.17262239622485187,0.04202691507590994,0.04656259339641122,0.08968045900235247],
[0.23958906399655866,0.775160162013887,0.6390283560750069,0.05165526399718748],
[0.7719498124509865,0.9890624613944374,0.27372999056359437,0.052082691907821624],
[0.001959024202384141,0.0070823409701864515,0.35611131352193603,0.06593196426721946],
[0.6139618421307734,0.9730156737669415,0.2575632319676553,0.05023110524966104],
[0.727540900509551,0.9741735801104249,0.6879108285118765,0.08701527819047264],
[0.969339109321463,0.9606864211614982,0.35472090557872304,0.04958607634518593],
[0.32648502397339363,0.32279747446947116,0.3551893943331117,0.06533090395913242],
[0.3603723771659135,0.04225256493511953,0.42726558986620844,0.045027925351825926],
[0.6496129352760787,0.29432108465329576,0.7908954812015869,0.04706021220491456],
[0.8508608231275552,0.07444199605803914,0.3589450336177953,0.042163450410275985],
[0.07642808630234799,0.002307884702331786,0.5964301204515243,0.067073275231969],
[0.7793007808937418,0.6370864831151358,0.8660870516719041,0.0518028564449608],
[0.07012775913859848,0.9498593441648117,0.2731258705888271,0.12371420413429321],
[0.2341423523730931,0.17477349239072726,0.3909340585156251,0.04167591917707954],
[0.3105627713663246,0.003463271027363213,0.16889067413339842,0.07223705641968378],
[0.2829870953515854,0.03552217226692911,0.33613691415477165,0.06114282956041339],
[0.36990112682876397,0.33685715533883887,0.6714686322574134,0.04043448761358023],
[0.3177905763115454,0.03396608159392078,0.0467647620391799,0.09559835466018866],
[0.6938827908865091,0.464271898300859,0.5030055559513134,0.039598909129270554],
[0.6366678819980752,0.0066623021294296425,0.9729050643697026,0.051053688075321915],
[0.30961323583307776,0.8366439311846536,0.8509004240132412,0.06933335206123883],
[0.14101725391871067,0.4007386626308488,0.735992049918788,0.04203484729990657],
[0.7107808612581569,0.023104817874405104,0.022530771462676014,0.0667033735322802],
[0.31174002230886566,0.9846777119853326,0.8009459866986481,0.0833705057110954],
[0.9932271253742447,0.9947706560051044,0.3203752401652338,0.09520521102149304],
[0.49701446630893564,0.846456082845309,0.9061017079815843,0.040454777877394515],
[0.9629182281411232,0.1283931270812705,0.25883818833004213,0.05269332251769737],
[0.9717076604540092,0.32361232661770023,0.3531758689303589,0.0717728157093282],
[0.3505408743347527,0.27543929868837524,0.08234749993696933,0.04119265221817121],
[0.0224979991260299,0.6951867557979614,0.6405950980302142,0.05198071696049124],
[0.6734587694119253,0.6511907668225935,0.28544692445694053,0.06076968199836051],
[0.5537439395650854,0.32589114187390855,0.9934856504608395,0.045110753544463936],
[0.9627156317464083,0.36409536961127353,0.11690216111095075,0.04470029408823198],
[0.9639225934848664,0.8881312932259854,0.28999773530552186,0.04355944119044923],
[0.38590476128108386,0.3472655136007009,0.29366368375673446,0.04475135581970091],
[0.6566211384573772,0.013491719608511477,0.6998535431089016,0.051311291618617916],
[0.8067918172482202,0.3428306058883873,0.3722956673752905,0.04762652815105514],
[0.5913743298196988,0.5869361760030525,0.7319766597964608,0.04085674199766647],
[0.05389382619524852,0.37595500718875263,0.7113993707861256,0.049638175971844056],
[0.3743675069917596,0.6100251300137236,0.34548282163889943,0.0428705123033825],
[0.008300677129642553,0.2202822076616422,0.058010531448192904,0.09159766929472465],
[0.00924085123186369,0.1051839814252119,0.2728283786406567,0.09434323493895552],
[0.9986372342436393,0.1359640392099123,0.3917100810466727,0.07292328331887027],
[0.14074163973974463,0.36177427452639777,0.17261447212564796,0.0409412068525629],
[0.07846155464181037,0.36432868057742185,0.39674218349931567,0.04440655515280595],
[0.46862315668059285,0.059093154889231836,0.2238302907758397,0.042288059607968886],
[0.3233538544330158,0.6435866758001452,0.7990396310159394,0.06100485215802341],
[0.21564296873304134,0.2119664920795924,0.6672606001266245,0.08472755027197966],
[0.8339975571336846,0.20532049819715903,0.18503210222018174,0.04639258143623466],
[0.3488962709654362,0.1823226495859459,0.110584654001597,0.04235377253022682],
[0.4037631887155696,0.4059579984992362,0.9553478025310909,0.03968706709966694],
[0.3478485734679203,0.1611096357360845,0.9139476957073517,0.06585245991547857],
[0.13983230189032347,0.7586369312977965,0.30371254183470575,0.08506415081089955],
[0.3724006991243909,0.18037513560896468,0.2822333869540934,0.04073131289727705],
[0.3242531301395154,0.32888524576749756,0.11030348912722798,0.049847185880953826],
[0.9717505706179466,0.013531904737194345,0.18061560131216348,0.13029264382093375],
[0.9559255574957146,0.7583885544121187,0.6505553170557317,0.05797701293679057],
[0.35308546750565706,0.3847555549478343,0.09560948713413275,0.05009974505786499],
[0.8115693992489775,0.7704457263052853,0.8153730346819259,0.08266088618870904],
[0.7861340676836316,0.8782857492295436,0.2947204627758525,0.05650213154846928],
[0.9855753249054995,0.33819744996876955,0.17250081633680503,0.054432624236382635],
[0.7691522332841509,0.7618092137870742,0.43392828291940644,0.042249602236359596],
[0.6918279086949345,0.20372232640624333,0.14860147726555317,0.04750885643272251],
[0.3240416496760553,0.6298368597818566,0.3417545549549168,0.05946982682124255],
[0.3574280773053188,0.013495264054874112,0.966807213284681,0.0823766011216795],
[0.7568382602934985,0.3636853695009594,0.36238408102083075,0.048176451697741596],
[0.23387367100976741,0.2840427654926361,0.34286883247858546,0.0475468123940353],
[0.3142395544530685,0.6315114019134462,0.08640450097575703,0.042628523236661914],
[0.3147454556830911,0.9955267659752335,0.2433800417558476,0.059747908238537054],
[0.17907007396623165,0.8699173715283042,0.6171795729640513,0.05212702302139956],
[0.584310989040907,0.4671976468744429,0.24611660184202222,0.0406475448069123],
[0.48679451450060673,0.38891485806412796,0.43633612604658456,0.03996717437778881],
[0.658520391109239,0.07311052980653543,0.01895929106526284,0.05122991421786002],
[0.3658699150452741,0.6822842175374845,0.1665083487993647,0.05207930211017567],
[0.4856502613459813,0.5152180276647907,0.6297009399117084,0.04052135230364566],
[0.2238480295663543,0.36480275938280315,0.11099051805005589,0.05784394095420718],
[0.8251097736861979,0.7385398544936698,0.36964251011488936,0.04030178160010199],
[0.21013600467599725,0.30830104240877276,0.025154182735063313,0.07644747580796031],
[0.7997446979294384,0.8827272236144162,0.8150777717765259,0.05073010565614754],
[0.3870819744830941,0.9858345336387563,0.6426629775888814,0.0468826925379614],
[0.3162350549664218,0.37224387133769454,0.1570047001218361,0.060094536302828364],
[0.971841596624217,0.3689717256537851,0.454859557872458,0.04452692986116927],
[0.8572247804201509,0.16225478291091877,0.004166325822521744,0.0442152516763846],
[0.026731653643122688,0.3325048517943403,0.7098099242972216,0.08176780526845716],
[0.14246052732661718,0.08223246647176174,0.37223455505566794,0.04511032012521568],
[0.8067481067858262,0.5519299021024627,0.7585935752088986,0.041640482555372754],
[0.4681917998978795,0.74109912414834,0.0029774087478968703,0.04882545039876579],
[0.008996424106378909,0.558048435116421,0.9589210848575799,0.04295014153392783],
[0.3911359087750609,0.10989227953159675,0.000784191800635714,0.0557375213582252],
[0.6228848028460661,0.9105076402791277,0.3529687135656182,0.03944138829760122],
[0.1935348812533223,0.6069679425670826,0.8177267453764463,0.04112858961386865],
[0.2356615254327058,0.7833477830623072,0.32441088105950466,0.0572554889479121],
[0.2352052092375564,0.6574381564778232,0.6164485448325197,0.044296000966393495],
[0.8417677118192126,0.10526037972927893,0.4082540904346229,0.0433548068381249],
[0.36936071838186624,0.9779096624439879,0.31331773462443013,0.05960730128759624],
[0.2658208572724592,0.7233067097188055,0.3502786080010041,0.05070474523752955],
[0.3629073564937124,0.09374986501213245,0.1737739050640127,0.05195595643580134],
[0.7669904347796382,0.6773085942553235,0.3829536458924213,0.04496688794627805],
[0.7110161960977494,0.2411994934918612,0.187035468041728,0.04975003931748127],
[0.0612820644740143,0.24467054528160526,0.3443258099753769,0.05764813776096395],
[0.38623637693695545,0.7279504828816837,0.8046835275239719,0.05054109339201514],
[0.9241401531301011,0.9868217658548561,0.7814169720272368,0.04064172936945764],
[0.31814489932775725,0.654384674848246,0.15680985972961947,0.071657917882989],
[0.972245163109325,0.24312715629579074,0.5508646987123711,0.0476001754321496],
[0.9028408221444931,0.6502569485587493,0.6342549987032543,0.04269384696505224],
[0.7616771391809963,0.10871123332095389,0.3918129182344756,0.04663463703148109],
[0.9137489585824365,0.9996141326358777,0.9929294157816272,0.11479810944771834],
[0.3654751438256675,0.8434778614678811,0.46055991541763364,0.039443037126589316],
[0.49106060391469464,0.8084133880206382,0.4396442773553201,0.042713700853765704],
[0.8614697877381353,0.5271692583116947,0.6692064022090755,0.04680024718202867],
[0.6381083825447821,0.111476044522547,0.7900236958599329,0.04275349827871469],
[0.753301519553997,0.23281240450321605,0.005367038249675105,0.04227469408722817],
[0.36510251457063303,0.9133130207392441,0.782330106444706,0.041909158825948895],
[0.29828979582534887,0.9029352138257917,0.8205920601647818,0.04915061655238541],
[0.033818494693425016,0.3274942512688669,0.06617497522279803,0.06110731133745208],
[0.352785199359107,0.6944386403970392,0.06912211072607699,0.05620221071041344],
[0.21011563269017952,0.5912861930446713,0.3470290003682852,0.04451250143981943],
[0.6473018537207605,0.7607828644756147,0.2564181326749386,0.05074756018936788],
[0.3163248559840739,0.6131977508445184,0.9030512087357522,0.04269343995240214],
[0.3859251475402665,0.28673305124117,0.9468104191369535,0.04193412694247329],
[0.76866759964325,0.7911938228642524,0.9857983080047288,0.16436451773109],
[0.11273204825059524,0.31100876483903994,0.0067716618984901,0.09468525626184585],
[0.009634391305410772,0.8684725910331579,0.36009680196743865,0.05274581282534843],
[0.6919027123777967,0.0939343913514209,0.34163090919676575,0.04116101384302314],
[0.8483802944438344,0.6263447045260756,0.8491474146923885,0.05415433277272089],
[0.6728089317294604,0.3183383488153453,0.9052038030658671,0.06803418944578027],
[0.8603925420551038,0.15775977691194498,0.645668288274058,0.046184204932555054],
[0.3470683358933455,0.020109515832711478,0.3828277225997333,0.04499060217111059],
[0.6714732909784308,0.6493725808697829,0.18720842122476444,0.06147477115683522],
[0.15158346077117268,0.62194153861474,0.7538243617140818,0.04711149534331888],
[0.7560627621647334,0.064066658614237,0.3427407695509045,0.05174345956045258],
[0.6723674046938297,0.35122268209657836,0.8049099357882382,0.059616025344608414],
[0.8009429122168612,0.20286328672272436,0.15099602953047886,0.04955242000696361],
[0.5781024397719889,0.01206801356174847,0.39092571932320175,0.0475859046127627],
[0.9482502957132413,0.6331636900412826,0.8992188787116064,0.05015301959478852],
[0.8761323951484004,0.2526212211605091,0.009144740535154128,0.041970866106137664],
[0.8686516136042827,0.720817603928907,0.29731289584519227,0.10218513870269752]
