username = nchw73
detector set
algorithm code = VD
dimension = 3
self-radius = 0.03
number of detectors = 369 (from an intended number of 1000)
training time = 3312.0

det_rate: 80.75, far: 6.1
c0: 0.9999, c1: 0.9999
[0.021532673533093738,0.6229699779235189,0.21944335820993843,0.050547738229103405],
[0.3839452367545474,0.7839248685297798,0.7122053480175002,0.06335528005737806],
[0.6180473876935245,0.36730768465557273,0.16377130896049452,0.052778168377422295],
[0.9793848492954346,0.9738693071296436,0.10653384698442847,0.21439207007463118],
[0.13589434513221588,0.8431127389690891,0.9213418421459737,0.21892423145114295],
[0.19692191324927466,0.40128569009819337,0.18426118882461395,0.04198764956524785],
[0.2062672596480858,0.17185335199178298,0.9979432802049409,0.18900972153010354],
[0.8223257079889471,0.7925500216355872,0.7171958889793275,0.045279049281920385],
[0.1318076444737133,0.16741500042166835,0.7614664934559177,0.17038011249747334],
[0.7646145434143898,0.8376436489622312,0.7316080937185955,0.05683601241049901],
[0.11614013099982812,0.3564170035616461,0.7699340770316114,0.056620845427473566],
[0.17610926377232317,0.34214769378323506,0.04004519570880083,0.0560097836479767],
[0.9578602405139218,0.051363028986672554,0.7773805578880428,0.17526949143039847],
[0.6028761735077015,0.20907048959777608,0.21201624542519792,0.04531910436702489],
[0.7299122892158154,0.8472019828193539,0.27612976293006664,0.05321112242410498],
[0.8609338083789966,0.643709771422274,0.8907306857252654,0.042269572162140126],
[0.8769624387257354,0.2294389697032111,0.8081712648723555,0.17654898549580006],
[0.6274924142315618,0.8972660835408997,0.9101308449552782,0.04968655830413032],
[0.08386551319796653,0.9200606659186333,0.3181985448168664,0.0739669488495259],
[0.1454277314545559,0.6680662986251841,0.32268855951651443,0.07295739244753868],
[0.08190883363707091,0.34667846332255103,0.07573474273485425,0.046879698815610014],
[0.12871073808093603,0.02037732592889563,0.047170101391146746,0.1155509678878833],
[0.32012151727105886,0.32938162718984476,0.056110996161246485,0.0698381135578536],
[0.292342300187012,0.37357931156869206,0.6969398702550518,0.048736704162948195],
[0.45874749908318124,0.9916296733481323,0.8867863365538987,0.043855138558615295],
[0.2219865249564552,0.8572004993259239,0.07566254504665237,0.17672728614200062],
[0.02486129837311124,0.7587328229233988,0.38158229758350726,0.06467069182823162],
[0.7621809488672604,0.012237519766813865,0.7980578078324754,0.1763824849984494],
[0.6539599571838295,0.9747718333377314,0.2018305181809097,0.07711792646609686],
[0.961537246604368,0.6521601381644869,0.25388588893979025,0.07041640592980797],
[0.012794614155236195,0.6222083790321308,0.1404975580241432,0.04868252729698012],
[0.9770124996326321,0.14435196769065906,0.05865216247203264,0.11932313242685913],
[0.7566257709524233,0.68940023570022,0.3740845721899363,0.05660833876495557],
[0.32569430500541363,0.4067117627951513,0.19497927994291875,0.045522030954096605],
[0.6528297726879436,0.24199881457524886,0.9025772183165285,0.04654370178448156],
[0.17963676031579823,0.3144371631178886,0.6862763258671455,0.07790664826377525],
[0.8281997370506254,0.7258053792796733,0.2904375518412923,0.08694207178972774],
[0.9236581202142611,0.27147846152441546,0.9934245310185152,0.12603355816872422],
[0.8679916642565993,0.7065009188602954,0.03501233607752341,0.09304849291861797],
[0.044364458068231416,0.2770583756634799,0.29747251792577745,0.05452331076779377],
[0.3163110184801817,0.13349365889705544,0.8132647190997765,0.08634912430774744],
[0.6693334247820674,0.7679759333857906,0.9887870930280409,0.09422536765890807],
[0.6147916785889139,0.810976281692531,0.7763497389029015,0.04189085496687773],
[0.35358050612595726,0.32369304708609203,0.8101623072274872,0.07081700458082713],
[0.8094945294722153,0.8567984104091855,0.8726324416255848,0.05111019345417877],
[0.7767327308006476,0.30882036431088355,0.9618812568885289,0.09588815610268173],
[0.008724507485602273,0.02228045314872229,0.026429864115957935,0.16460886048008866],
[0.28896321400372005,0.7048347156671599,0.2173317365857257,0.11099084871584275],
[0.10315606989389725,0.8824906482642895,0.2456551285231603,0.12110261661151739],
[0.324745244352588,0.6864605689187152,0.9717507264933998,0.07863641336015775],
[0.8598357166152547,0.6794533727652166,0.1641303448276813,0.08878854554593271],
[0.9717616671583271,0.32713166701285634,0.6370147182689829,0.05595546806368607],
[0.9955537704647265,0.0006845240316536438,0.3284054837224588,0.09796438419306677],
[0.12112483465173263,0.5795580036661878,0.00028366231808718556,0.05197719750412016],
[0.664146477819912,0.7408103450473529,0.11351914258780527,0.06891138728817761],
[0.018098887924494544,0.6380481525579494,0.6561720561496518,0.04661383598370481],
[0.6936321508125938,0.8073500712433498,0.61419184099438,0.044406250397972254],
[0.9591658184432069,0.14731561830995377,0.3409089165372997,0.08394367522968144],
[0.03911567659833226,0.21203541625370137,0.021785657838874983,0.09423727571504462],
[0.0012730227259192262,0.6889853092196585,0.18914483796968307,0.11584500541689757],
[0.020863207652897287,0.956954122471419,0.7207358572431651,0.11522462978194606],
[0.7727859385907461,0.955310221759886,0.7758511896868909,0.061558818504721426],
[0.6641194100847465,0.9937298991731627,0.7589809287755931,0.08369700147785364],
[0.06436662354827138,0.311405580920022,0.020909041771171366,0.07509234225161893],
[0.7381615612405766,0.656308559519102,0.8413946186030925,0.06734027718408067],
[0.026780817844909155,0.3048148474562752,0.8800874446823403,0.10386434417706142],
[0.7586786856943035,0.9717981072210118,0.19892346227625846,0.10813507364396455],
[0.8645256432888664,0.9393652634453055,0.9919869483557142,0.10304783404204423],
[0.7283494091657993,0.878060963710601,0.7089259099361922,0.07032529275191704],
[0.13205251231040693,0.17041879280414984,0.017418605614819227,0.042250460530021454],
[0.6963277790495883,0.24405394757691123,0.7131136425704414,0.08811212962037474],
[0.6778156735888881,0.20026453087827767,0.20715221514076365,0.05398469076434579],
[0.35112292483796215,0.06931980287389261,0.8989226064155862,0.06922579899050696],
[0.6403408589785533,0.7705513752105323,0.2055101499876153,0.04758985962071232],
[0.6886395969550088,0.0902609771808135,0.00900226332953813,0.04495381716808241],
[0.02986179267751865,0.05116788208704459,0.9502669004336655,0.34058845533013926],
[0.600727527761287,0.9691440826226517,0.8297995414661983,0.054926580025659276],
[0.2315550596505569,0.784852118666431,0.2851113346038946,0.07269724823480092],
[0.42588913246168547,0.02178858647684978,0.2524783256343942,0.05509126252859633],
[0.6795812549981687,0.9746187630216671,0.31126121050974953,0.0709389950301747],
[0.9669277192949383,0.10702097040071767,0.9568370315558686,0.2880066391605306],
[0.9713900586978208,0.7877016152658032,0.968010097702712,0.09334030046108702],
[0.9814103412963471,0.6543900186761187,0.9800278906518314,0.09300295128634706],
[0.9081363995469931,0.993870764142478,0.705906683861691,0.04948252229357313],
[0.7881087068345174,0.004113417971460698,0.022852919600783617,0.0848897828039393],
[0.9496217408735762,0.7312631341819665,0.7618307585798366,0.07084113496283104],
[0.7662668606804524,0.9233501356561251,0.06069943137291289,0.17055855892990648],
[0.9385194270557007,0.23276486087861914,0.6388936482636787,0.05236026972396749],
[0.38028611827098524,0.9722151099211709,0.832557053086019,0.05063605002945489],
[0.6714430934803034,0.15151888869041663,0.6264847206779919,0.043464461065969406],
[0.36398711114180693,0.06274186313562424,0.05867680029087541,0.0494092949430758],
[0.3181956899391677,0.03692714087473414,0.31109325788729925,0.08568398494307072],
[0.41122115570996276,0.5319511199863346,0.04029320199320097,0.05018411284281662],
[0.8763959122893428,0.03996419684919095,0.06530146935871761,0.05615564627180258],
[0.6968241333274013,0.6595695394943184,0.9695016555808601,0.07286405887330558],
[0.6014167448928883,0.972122085811427,0.6449026030062,0.04414377550440057],
[0.7117610749130338,0.9983594527244939,0.37472931177649493,0.04782831898032996],
[0.742309696372029,0.18172134218615044,0.11745678504018464,0.043536319157440426],
[0.10412384746661318,0.7387572105125197,0.6714836846888053,0.07748730388727937],
[0.6347262312146161,0.6593704235860244,0.8203750157395444,0.056969060852195295],
[0.3274022605766225,0.32175959480897653,0.12990768093720717,0.048479413081067936],
[0.34725872450050843,0.6521993330390086,0.019468609569685547,0.05690086574461469],
[0.6036805398398472,0.10690385086569787,0.7081427587043799,0.048583242343652334],
[0.17878871840894417,0.6443990985262212,0.13970044023223893,0.043859524504077485],
[0.8665243082398194,0.6264076342973707,0.08390963565533294,0.04719257294199775],
[0.6725076593285622,0.6896627006935262,0.8619990660538536,0.07533937404341609],
[0.2936739173472287,0.7807620208830941,0.7700656458583576,0.11188412402944511],
[0.22548644066296775,0.5483869892127741,0.3256500578892839,0.04899302266748395],
[0.6773310829370247,0.38284360251342653,0.8516845909328856,0.04704546903506813],
[0.007002924041007663,0.6906265209447725,0.6950918495923286,0.1026172197670617],
[0.9963611196717697,0.8704574042824454,0.3035191462047162,0.04461242931650327],
[0.9471575031066161,0.677734865963425,0.8944035719362962,0.08445522323346766],
[0.012156754868100084,0.6203715542690778,0.9238280833539566,0.04628583791506862],
[0.8867667250403274,0.038064312801503464,0.21111349888318554,0.04645582191010688],
[0.8347450963266337,0.6939483197439874,0.5209760646674237,0.04289562105856119],
[0.9371076562332883,0.7845889389333021,0.8532218010566154,0.047466286637903136],
[0.27253418723917333,0.2646019551490768,0.6871621320706048,0.09063230501248135],
[0.25903661471378525,0.9945885218429296,0.34008671685463665,0.08476595796409017],
[0.9973247582766422,0.7506378906543041,0.8766639704345547,0.07595972575954435],
[0.13616132353604682,0.6689198256116468,0.16003248041129203,0.06208622189149903],
[0.22349918915089828,0.6769171373950189,0.7530677532903515,0.0755772348901656],
[0.3541342716384184,0.12736964292924058,0.3337179730002525,0.06154265025406042],
[0.1864894063885013,0.5985307011416047,0.20094400711809746,0.04232864592027746],
[0.6633140171773981,0.682701031079836,0.3247894310327948,0.06194376977598685],
[0.3070644499324947,0.6143489053142523,0.8774017475059674,0.06326110628517534],
[0.6674277854200181,0.9316558524618593,0.9821422093850577,0.06954831351731736],
[0.7188016367496307,0.146619883202454,0.6492448135927493,0.05064202977422239],
[0.30073291404428726,0.6162807072110237,0.31747613198602664,0.05418028000707804],
[0.028874598231558357,0.852879169583557,0.13861160785042237,0.24864079923661161],
[0.3755464348136418,0.7123463813346163,0.13472285425979547,0.056491087299167096],
[0.7389667142222293,0.09145382614505193,0.019479687432546355,0.043653641842462676],
[0.2074865108359093,0.6551360424230633,0.6688087761709252,0.05003805140599105],
[0.9926297773200852,0.7329880840810705,0.15629107517171015,0.12046937592117976],
[0.7196886447128524,0.7593669763777986,0.07074463129421571,0.12098127761970795],
[0.4179888393384943,0.09669700219227373,0.3316229067507549,0.04407027693353149],
[0.9312861111868497,0.6054149966071717,0.082601825691201,0.0492166760523969],
[0.2490274131344692,0.6601716315424926,0.9653433535805342,0.06640342704138158],
[0.03302033289313222,0.10967551824681365,0.3358842251865898,0.05677455973120383],
[0.15178370782576112,0.6307375212114632,0.7456038166467924,0.05671808517104745],
[0.8501412774689229,0.3187528634193265,0.02766330454688959,0.05357077380826302],
[0.33824550341099346,0.7640820207153136,0.9933782091053667,0.07579428060161852],
[0.8184466432548442,0.6743683826262877,0.9837612725147798,0.10544794135027707],
[0.3099304166519671,0.3727393860456084,0.7499027412811176,0.05096871300518218],
[0.7687253489500802,0.9894840164247323,0.9626017317313629,0.12699502854680497],
[0.7542682400942221,0.8687076987652429,0.8347100332516899,0.0550861235671456],
[0.6264652788709606,0.10930672282529486,0.6570871792090098,0.04742682948888562],
[0.5681043516835843,0.3496378810788128,0.9255613636094155,0.0434552642564726],
[0.2066402023357412,0.6533631427628176,0.28298518179562515,0.07084225373709488],
[0.005703101597653859,0.3453869392314537,0.6101139997240204,0.04495309885110007],
[0.252851089719733,0.792402078373278,0.6400807482676927,0.04550544202637951],
[0.3617804195225488,0.23017717687019057,0.09232576303454565,0.04412819546425555],
[0.3425977355901354,0.17911313823714092,0.054862023786958924,0.045154875327688616],
[0.29088388424715395,0.9735216003090095,0.19368752696909197,0.062410447076149754],
[0.5701259648622996,0.9985924306725891,0.6213819629395868,0.04564052527837031],
[0.9790264259998371,0.3564853595010007,0.016744829889195012,0.04952092258964145],
[0.7360824218810937,0.01091069412447232,0.347945857050003,0.06507853224950946],
[0.8898058518380326,0.07028523334357828,0.3652256007767447,0.0575638998778373],
[0.33486622976244285,0.06906206311071894,0.7080104359014836,0.07316202613697312],
[0.6699434349563234,0.12238498208554216,0.9561055391343457,0.08415940515060186],
[0.1379816233831589,0.0019210245691542172,0.31001907111468474,0.07156259244038618],
[0.1674707456943012,0.90984419391181,0.6412443182335246,0.05635833335908622],
[0.9892138415951844,0.2073514328119176,0.2454422162438583,0.053328833542223],
[0.22090932663681617,0.5699932664207858,0.3782301128746155,0.047084702051459766],
[0.22870526670990254,0.3452144613642397,0.9225276876039795,0.05565357197583153],
[0.651399693780601,0.3211683389446982,0.964223912956573,0.061057857492402175],
[0.3302973022072646,0.32545047239447,0.7388447748090168,0.08293686016185456],
[0.3732795587515966,0.2993154068296747,0.19754020666364847,0.054269520940898146],
[0.3529268237524099,0.07803528944423255,0.19790089377176534,0.042159024673591526],
[0.9865108656730749,0.35192882390225466,0.7394385039895273,0.043758967815651605],
[0.7351186749283847,0.9113141950604702,0.43067349387099585,0.04279142071141691],
[0.8312519423124727,0.7485672387087219,0.7546352673862697,0.0448664182229356],
[0.6392824880598823,0.8209509619915842,0.7363262193835941,0.06730388604610296],
[0.5311941166236459,0.007939671731689302,0.4620039604593422,0.0485007006605055],
[0.852632054537537,0.7235396133332938,0.8964582468465422,0.11925624909099927],
[0.09804419962392352,0.31672959811541557,0.3440305384819585,0.06442634890897367],
[0.3043284218847938,0.13101180956317293,0.6541120538043852,0.0473169790561875],
[0.3805256835315989,0.3139029791935182,0.991293703829558,0.05477771937070184],
[0.638179458622766,0.7599153263410988,0.33723531870377443,0.04502170380679891],
[0.3299678903201977,0.9290504131573198,0.8012768236107269,0.04511549912056476],
[0.8869080904641927,0.0007803048288052006,0.004611937911790931,0.11417837822290047],
[0.36073221751493423,0.9902436915709928,0.11581295883316667,0.054961039249143785],
[0.7135578009857255,0.8591627172899435,0.973639542460451,0.10270092931014269],
[0.9138254731700882,0.00819636790784728,0.14606386027865126,0.08890544580135767],
[0.9052731140467879,0.7843055758943576,0.2541784261201411,0.09320754866678241],
[0.03635685908068631,0.02592153597885194,0.3431951151317151,0.061504299040913306],
[0.9544698876131752,0.35002972382961217,0.26261991379839433,0.06663513392484463],
[0.3204794854357953,0.9972665843068368,0.8100096302883184,0.08504130453080277],
[0.051961160818985275,0.16189376729305915,0.3039828660412651,0.04271439454042119],
[0.030873137449043075,0.07697235757905607,0.19065810252338367,0.06966044687792297],
[0.25208143529765836,0.26388297932871674,0.3525462168795863,0.04716053796720406],
[0.015395178920576402,0.23506375412781422,0.3870070803002552,0.05272489373572805],
[0.19337905548671752,0.002844217182485176,0.1446610930286465,0.07359171984958063],
[0.9748810648369511,0.2589096758285758,0.007105314629862858,0.12344172392788144],
[0.24263228145429128,0.6290385381708344,0.029544554008771873,0.07486067522471448],
[0.8163762205902638,0.8417370700874135,0.8132707451410626,0.06835174396601504],
[0.6398040420504829,0.24696580815374203,0.028547459734069136,0.05445374564803079],
[0.6371877690239973,0.6593242172921486,0.19691293217455896,0.04918624022928104],
[0.6356109328561281,0.26590213055877754,0.8373408768431001,0.048283647660381714],
[0.3400337784384576,0.973392994992806,0.9618231093307014,0.05882784566324387],
[0.9688921158722511,0.8798559181664075,0.9987829401007946,0.10799308549838016],
[0.7195582515004556,0.7702622412574291,0.31671526888265555,0.08809915044052186],
[0.06295781845395287,0.6554309127806999,0.7989165701334,0.05799010713026063],
[0.7229539902865617,0.22756222284780003,0.14989342950311957,0.060108895626470586],
[0.157480844742384,0.9180054642664952,0.36370581332885654,0.054102022240057564],
[0.364905857217535,0.04199469163120373,0.22504419879461868,0.07252529965719898],
[0.73091041972585,0.6626249684809211,0.29934593338538573,0.06842271147459583],
[0.6832352821330706,0.02969419346309654,0.0016799817995444277,0.0763184263705042],
[0.6412357459659463,0.31778015710785834,0.7357468339252787,0.062369925623811544],
[0.9847311134105218,0.7284636189201743,0.009395366936372551,0.15070940135063407],
[0.6446924489563097,0.9205119847559917,0.36031723574242647,0.04593179441417205],
[0.8992964420027333,0.2927315898276659,0.3636854248130582,0.05224710272338182],
[0.7446972139596133,0.6516502036628661,0.16467061666384764,0.04831969544233846],
[0.21108196281677571,0.20328275622224812,0.0022270010984838384,0.04857281547851439],
[0.2211800897352194,0.04271871513912018,0.34503304168233717,0.045332000540796134],
[0.8002697179796734,0.7540174698582063,0.3974170555946228,0.043645197247304146],
[0.7128244661883026,0.8759355324064324,0.343858993333656,0.05532047827477255],
[0.022111065960378484,0.3470486887988117,0.222426114589382,0.062073270452143024],
[0.11905493107377163,0.013230355154482565,0.3903959820819246,0.04281168002211348],
[0.8084280092126931,0.8630055841404882,0.2576397736393954,0.069092096274604],
[0.29168908778269653,0.6719168465271617,0.3477180023619937,0.04471189775393974],
[0.01970898951108746,0.12837704250281035,0.2730061935476302,0.07974759522182737],
[0.37202826234537845,0.9693865189811386,0.888995217224086,0.04997362402714597],
[0.02917737401634446,0.3572284066923027,0.12868009361024602,0.04709187077851027],
[0.3407549201681408,0.33890145473865985,0.2885287693465277,0.0665259125249257],
[0.6597987437130042,0.23850128062821707,0.9846006306918562,0.059972710428431476],
[0.29556538706311986,0.9943516078728567,0.8971876068700363,0.09034632147961416],
[0.9874059711645852,0.2747972866080908,0.17035721300357287,0.06887396410570026],
[0.07658944870573636,0.39109504376733806,0.23030857606083832,0.04570437719665408],
[0.2812314640917516,0.8457939298861537,0.24266399387863302,0.059540622195905356],
[0.7976495125423448,0.7771245826928173,0.21977459636820118,0.10444112747163292],
[0.9850191661245518,0.2947679504287941,0.34688992032389965,0.09624711445208767],
[0.061541137996887874,0.006825725553258555,0.5834352927317337,0.05411220006726094],
[0.19298242511562236,0.9480084440660906,0.6995369760169156,0.08806558348736793],
[0.8499687958655533,0.13434607948810784,0.004690540758527817,0.06410770181408473],
[0.2029511623458229,0.35867120752135384,0.8210082416018403,0.047651333055727],
[0.8476468072608648,0.3573999058717514,0.3844177079285609,0.047498681119132045],
[0.7433108762764581,0.2322889046867923,0.22869123108302125,0.059319440720048196],
[0.21236105047186127,0.6909487201788754,0.6313709740342157,0.0738421236872712],
[0.9344362417590674,0.6693379830088131,0.6384447790548302,0.05653362488669702],
[0.7003492678329588,0.03932432294693777,0.1180168622310862,0.04439016453936417],
[0.37941730357577463,0.03504145682973936,0.4595946153429512,0.04239620447499546],
[0.3407722067092961,0.7530827134235041,0.6592140594835613,0.06116050777283057],
[0.34908962953839595,0.6785810691196382,0.7518096551905623,0.06467946321645579],
[0.9595557142823858,0.27927353626779505,0.4587535215102516,0.042669699656051295],
[0.19562923432273893,0.030449784592968765,0.6483006439382709,0.07848282840821139],
[0.7728739277697755,0.8222324090687138,0.6477700590723812,0.05186448466687397],
[0.8981731189409562,0.8021466406893493,0.403444403294154,0.04266724140302218],
[0.7149019258760766,0.9418279231859811,0.6462743259221316,0.04276984454333837],
[0.3781040362270459,0.6270031787022388,0.3180307607968865,0.04379163096830437],
[0.13279994983219345,0.6178509835935316,0.9938994745141505,0.052915609216527916],
[0.33188799849649286,0.26899983563072405,0.8808210502651422,0.06103055859305324],
[0.026431470183362782,0.8265322116026547,0.7116771399371641,0.10565021431006441],
[0.4870284432617821,0.5288695299952638,0.8793578080814604,0.04385333053615573],
[0.7822942080922681,0.9651956192480131,0.6980449168969054,0.05317256662933063],
[0.16689668822733006,0.3643473553365313,0.17301555320906603,0.050429461878047414],
[0.2521248633187547,0.35706884602550504,0.8170930265984271,0.04215332953087717],
[0.7979174373132611,0.2867976547443446,0.3555032621400953,0.04246727608222615],
[0.8944996273128584,0.6935891703212953,0.6968338502210726,0.08197257089643878],
[0.9304180498017702,0.1516401233605994,0.6143954401144536,0.048738093318215485],
[0.029753196551097094,0.4814684843443493,0.12281541078260505,0.047962812472606094],
[0.718739503571013,0.0008014029089062902,0.16402912458710006,0.052302159959463364],
[0.17079594758553474,0.2597757097513024,0.03237529632022418,0.042126379299680404],
[0.36250215519256035,0.8874268865628966,0.78653361629502,0.049495089661174045],
[0.9872690422660486,0.8807800063207167,0.7011172417966134,0.04366661709890864],
[0.9113270367228542,0.7301446957120139,0.34196582101368134,0.05354106390812236],
[0.6269070303603484,0.8182515850044052,0.9208827675619409,0.05913867611050868],
[0.37779637861533344,0.19611831470626995,0.8060090060522748,0.053697320129414076],
[0.6543404765950702,0.6471502217997817,0.07561887875453088,0.04878079931258635],
[0.7799130930153609,0.23628228233448045,0.1697218762783388,0.05386863774597309],
[0.3584841385670382,0.3137688055499799,0.3579147465956961,0.05207722067641638],
[0.3331943248378768,0.6370749759933704,0.8167198590216578,0.05840334675494437],
[0.8607670366774884,0.14053769488381584,0.4016576816340617,0.0498653823645907],
[0.6983311142839003,0.18726761749710374,0.8335148972701538,0.09371588799379926],
[0.9937353472081586,0.2783772883020593,0.5696209264963021,0.05231877865383141],
[0.6480155074320394,0.018052047556139983,0.9818944462397198,0.05860398687775751],
[0.6632268436960186,0.9764844658005103,0.8500555698341339,0.04363421838356237],
[0.304169512633631,0.8032588339771,0.3535946130882609,0.050227288198825486],
[0.980619845506409,0.6446718191240064,0.7727641220629144,0.05075718000057835],
[0.7088652748564872,0.3770757933755592,0.9130242249026121,0.05509678824502277],
[0.40906243083396665,0.8285927841344088,0.1903937673548548,0.05608299131782387],
[0.687242452640313,0.3620625364587542,0.585984908141335,0.04480545584301555],
[0.007048366262243921,0.34283781507039224,0.7666721059837901,0.051588458812408665],
[0.6807235207440244,0.6829456893285702,0.22761336016688616,0.08108984580778825],
[0.18996702951373334,0.11224095356831254,0.010022702136199713,0.05628431564959457],
[0.6473261739569399,0.7860808759954766,0.8386554466271229,0.051339536682044655],
[0.9882291144031391,0.24827447556357207,0.5239206768864489,0.04657265985135787],
[0.33459896598423966,0.1782274259395964,0.6550240976916071,0.04693924377015551],
[0.3936052748071154,0.9572317015234423,0.21324068197701196,0.04724861968840555],
[0.15116892068044208,0.6851130936205156,0.722676772756654,0.09389165086698661],
[0.6623958446446063,0.1262408080692683,0.687565281632159,0.07801499909723597],
[0.8423891258325674,0.6022390069154796,0.8203394651735402,0.04751033973850672],
[0.8875716565881775,0.36761364265853225,0.03786279438444362,0.04270594466857736],
[0.17019973887574869,0.7923973442673293,0.3428407573084725,0.049388593391402856],
[0.02528521023453756,0.23904044169798166,0.19919821395778825,0.042671223391536284],
[0.19412860699407553,0.2756678252168083,0.06900569213976049,0.053417222600005414],
[0.767235582658698,0.3096322332410357,0.6222110434284502,0.04907517259026185],
[0.5694228129903168,0.9327573496664331,0.7928124604753624,0.047263617450592744],
[0.07209548580932745,0.6764101626557699,0.3267917323180036,0.06819108912017202],
[0.38886679348722564,0.7092372560518201,0.8345284414434707,0.042586436940767906],
[0.16683433918447077,0.7860432489088942,0.6619096606299303,0.07882312185872928],
[0.3342477249481004,0.03754391196376461,0.12904352582099465,0.06544332249469398],
[0.7002706205505007,0.33551019924540004,0.8017860351209738,0.08596023366555908],
[0.26094032518138044,0.09100094513596446,0.018309327677480502,0.05807306258570034],
[0.28818029119303645,0.324367209006422,0.8943359592594197,0.08246120172501936],
[0.08597378872428463,0.1653525978216639,0.3476718449600442,0.04380608803527959],
[0.3793590363119359,0.7429729551600962,0.9253319630184578,0.04332769486723782],
[0.27106820642971885,0.8908065017147714,0.2961723913006964,0.04441917457251885],
[0.25242284627886313,0.04402492414129433,0.11958646517632476,0.051716378004828416],
[0.7250146105605241,0.7452595994308181,0.8355039838853748,0.04375380377675077],
[0.9992280415324166,0.35123121027270743,0.5796028597257586,0.04584708586201711],
[0.2538015358698217,0.2813253612769241,0.8134257208251574,0.11728439678901234],
[0.33680156970579034,0.6848293845981261,0.10076668610336903,0.06534243320967548],
[0.25792478855140555,0.6581367583309827,0.8523668494389136,0.08419484324461302],
[0.327025234864877,0.12922078190779618,0.06211754882585563,0.04333596327624094],
[0.2527578352695907,0.7436426753873925,0.345922293103328,0.06893467784390542],
[0.9934617098797117,0.7062944901935048,0.6789266759402964,0.08400389907488523],
[0.1346271635994526,0.6416692431005893,0.24906838912784046,0.05561494792706722],
[0.7517059518560022,0.8116694986718502,0.8163270816097347,0.0796323388623684],
[0.5953878001642691,0.879003094842554,0.2812281020205596,0.042383354017360604],
[0.6806960442830845,0.3947746760953865,0.17244713325734307,0.04276578728799693],
[0.6385899937371483,0.9848551997052751,0.9135594249662544,0.052773829180103614],
[0.3442707452857784,0.6850135567303959,0.8850200451349656,0.04751302174245641],
[0.005564643420126303,0.3597010258479594,0.6641498306972371,0.044180396190547866],
[0.9869697739329897,0.12821296419192008,0.24481857456158762,0.06237239221641445],
[0.037621909526811215,0.26589497288171526,0.6074670090465607,0.0433901098235779],
[0.8504573500705073,0.3876046140264786,0.6934771390137395,0.043239110523871964],
[0.581336854221785,0.9623643460863278,0.2516518774116919,0.0439793427690745],
[0.6827477383732957,0.6491999069156774,0.12890031109340616,0.04981611915835026],
[0.8740332157839786,0.6975569845784592,0.5994664632764153,0.04315847559777938],
[0.2817679152289576,0.003672947565886542,0.01139552302984892,0.12970307118551416],
[0.3720547843675208,0.0777555193408942,0.4463819370937502,0.0425088741304626],
[0.9862458835298379,0.9612170890406437,0.40073046165760606,0.05025224092115745],
[0.09476387341892223,0.14478745550725125,0.12860426580278206,0.0458520624583632],
[0.19761211016923774,0.36248157115331336,0.2288398619228892,0.051087054482292775],
[0.35746438578979534,0.8488210401277545,0.27077624528481503,0.04430771816661904],
[0.8021813706379552,0.2720783251796487,0.6504176532515983,0.05685892742920246],
[0.13154285710292257,0.2790501828389742,0.6279861815388058,0.045251113343102604],
[0.006961313763033994,0.041834430554340774,0.274279892165342,0.1134056244571624],
[0.31489076557855056,0.3017564510814489,0.3889347486517716,0.04312230297706686],
[0.07060000136091849,0.3444377579206709,0.16047187693001674,0.04297533068009402],
[0.3282032389336341,0.22689440203737465,0.043255122244838407,0.04176581188942384],
[0.9097763037797715,0.6252072009566174,0.8053546123473996,0.046283178852289546],
[0.1440491931475526,0.37606214117032566,0.22144644287983273,0.051111823669461966],
[0.3671864529958795,0.8372287806945203,0.8886703610421972,0.043176457246189036],
[0.28154174191676307,0.32188387284156317,0.32511538452586464,0.05697788645287603],
[0.3234015884189022,0.9747062101777585,0.397573678383796,0.04428107367921572],
[0.22106190947382198,0.1229128081767682,0.6192392888924116,0.05124650598929661],
[0.35096835327033127,0.7862857840196787,0.28026336301293764,0.05510755896580615],
[0.12423385616912164,0.9716494239539148,0.6391877447564988,0.04699528491047628],
[0.8645788376176157,0.34978813589036195,0.09203703036654898,0.048243954146493885],
[0.6738903017761233,0.0020817373225090474,0.6432700834887533,0.046978161483596105],
[0.6036640926980887,0.5703981937152979,0.7031762618655948,0.05199445023366272],
[0.07953496014898975,0.20928487660143968,0.37817842664043577,0.0517670211137242],
[0.37810120285441684,0.28362592976523815,0.30248817807411266,0.04306425623984539],
[0.9610482505215399,0.6661328589512318,0.34328922724601596,0.054594428892067066],
[0.677124155736097,0.37414665695624083,0.33842857991989994,0.042427384213200615],
[0.012189692895837712,0.6680143427308592,0.9934429444496623,0.08535758324215856],
[0.006804862434794057,0.2991679804890295,0.4405785091148189,0.04852071844144638],
[0.3467367838187678,0.6736317435479902,0.6509243756859268,0.055721853269198325],
[0.6529746236325339,0.8369258001137192,0.6099021746900487,0.05378566925712213],
[0.7600821768958543,0.9869725940236542,0.4089616481457551,0.042930480296432934],
[0.6569471491551678,0.32103086859788776,0.06967011668955281,0.04514507857545453],
[0.2456484540340068,0.3800605871065261,0.1265409132775247,0.05809237785718863],
[0.34407893402184386,0.8745303719259719,0.2030135469205121,0.05492023443137383],
[0.6208781573876542,0.004857566407627356,0.2748531581142496,0.05748043189220688],
[0.6403303164855578,0.14083382962529822,0.346728339214213,0.044215453721733806],
[0.6580843342130729,0.3221067472969674,0.642085697236152,0.04831131346731391],
[0.6893514795741885,0.31104903499608616,0.38322611472637125,0.04403220535659858],
[0.37382647894635423,0.2880558573169756,0.9284368568024853,0.04608770030337008]
