username = nchw73
detector set
algorithm code = VD
dimension = 3
self-radius = 0.0271
number of detectors = 1000 (from an intended number of 1000)
training time = 224.6

det_rate: 81.95, far: 8.6
c0: 0.9999, c1: 0.9999
[0.3510293442097935,0.8193611089058892,0.8503144264658721,0.03925767421056815],
[0.8359066872238737,0.7675086772398942,0.7606552213063213,0.04781316119248487],
[0.813465382923766,0.3120120123735719,0.8415561399854856,0.06779526617592761],
[0.6221134258726722,0.8394491355038319,0.9289795471817788,0.05086406739287569],
[0.2896806325838459,0.9147495582131827,0.09503010785319399,0.09316727771359616],
[0.23557921762752265,0.6835291787120403,0.6108241818873009,0.060415064218045086],
[0.21477819582149082,0.6769141474519489,0.08630465351215355,0.06353939795630752],
[0.23225572908644831,0.38285375221582696,0.8677083717244928,0.04338855336164625],
[0.2387546784940786,0.8758511527542276,0.17459975327926525,0.083929422242431],
[0.07899797295269051,0.9913021350851341,0.13793217142889624,0.22227545753411815],
[0.9835447691111466,0.7041407000130994,0.8440785625371353,0.09970171548598426],
[0.8119235448585699,0.26821741976601143,0.7222642614728713,0.10917734723835508],
[0.9120793950420889,0.9688773852851923,0.26529401246512263,0.06313881797800983],
[0.8886379601812979,0.7171460783209861,0.751513460046524,0.08810669976369044],
[0.32968520225093334,0.32577043774125414,0.26062613984010496,0.038225561421691104],
[0.7415614126080342,0.7357032464813833,0.2687135390079761,0.10067936760052233],
[0.9965646698404219,0.009859523714749518,0.6436934910913759,0.046616420401166994],
[0.05455340182012958,0.7957622731673681,0.7941665308114421,0.17642778069435888],
[0.37035850322900377,0.7360360538216558,0.20673987187759324,0.03384443239339475],
[0.5930003863381087,0.27714514052442163,0.5378727879231293,0.029538296163602526],
[0.9813893721788796,0.27101127017044413,0.9555163514094641,0.12303383923749657],
[0.768004031311724,0.663577424302659,1.0790933046345152e-05,0.04651777697742031],
[0.06289568074306684,0.11565147115772767,0.1395368300595281,0.04404075510107702],
[0.2520338200726494,0.938728528486698,0.5874948073101994,0.030077598531812334],
[0.07111515560409121,0.8804249442988207,0.33677946319832675,0.05347374253911015],
[0.05267437174324607,0.03280758186378796,0.17943812178737206,0.05534417541009104],
[0.09724403243874646,0.9870642361579463,0.6994402199069597,0.09990645270453967],
[0.9875610809983739,0.28778053739880327,0.21212149970705385,0.06169961348412202],
[0.04806087078473287,0.768800021477994,0.011576859272802387,0.1516306872443281],
[0.6250267277263979,0.7001705030358046,0.9950484195910005,0.03574091781158509],
[0.7325118214302121,0.812584236748723,0.0057624922550767455,0.13161959345270685],
[0.7942650181954434,0.8679568907930957,0.7548722337436092,0.034592913775378965],
[0.3120890681750629,0.9894894120478154,0.32398632656537174,0.07582675289487573],
[0.13942728889996125,0.8685388472829153,0.9868023262320841,0.22695805849297307],
[0.32050588789799206,0.522472796552405,0.4826369459757598,0.03166484425005252],
[0.14947430553743934,0.09880519614454086,0.7918314961430194,0.19428214678111044],
[0.273800296456313,0.6233387484045989,0.8859241624941738,0.05121087134234045],
[0.9945139060106218,0.6673312784271628,0.10732101510358738,0.061703522119867266],
[0.3300020489374288,0.09940556142904378,0.30979144481345866,0.04579542039688256],
[0.35996898891865603,0.3070036857206211,0.7614222813093732,0.05375392030283391],
[0.27596939800061493,0.8679483553834162,0.286575862473441,0.04259586777077874],
[0.07434287672141615,0.02324631891193929,0.09769708554066536,0.09686416660496239],
[0.8594731117208476,0.6812674041503112,0.9981710704551139,0.1009468373623534],
[0.256813224081459,0.7808820416078573,0.33247687436863127,0.05270534417906948],
[0.2086778755366604,0.2612251672593696,0.35906069167541865,0.027787310026121705],
[0.6880426910250483,0.3345349855119718,0.029769542126576898,0.03517229553911988],
[0.437093898200253,0.06327107058398596,0.22321752889441537,0.05093724328069152],
[0.16996364394249075,0.32314659764472087,0.944714229524554,0.08740554698004546],
[0.9973766733740976,0.8691310514029242,0.18173881483779608,0.12925896535104753],
[0.9225040712595145,0.6742981339023065,0.2514434376913589,0.07328925570902989],
[0.0004376711287913393,0.5700524153551982,0.9170794384073498,0.034852718532934875],
[0.3564173733641638,0.25747401453468766,0.3116145921369684,0.02938872870166783],
[0.6658931616926472,0.8128104904555193,0.271773645355878,0.02787997537585593],
[0.019160907197978583,0.06529072003980674,0.022616980163476574,0.12181531925321955],
[0.07513552709172733,0.6452960102039291,0.30130401583015143,0.028111172352496716],
[0.7416871118792743,0.8800842576935115,0.24190573749009814,0.0653864225418538],
[0.7221640879456567,0.08699520895106194,0.8016653328070431,0.11446894611456725],
[0.8670950819287182,0.06417599556086917,0.665503220355959,0.06541413455423133],
[0.5614353461087986,0.009406580956518917,0.41893260242461094,0.034385357895724694],
[0.8577715044078196,0.304789097117262,0.35309218062100767,0.044254813744771984],
[0.2740373573507334,0.3781616793431257,0.08374255709588452,0.04348009942834817],
[0.9896002719724474,0.7485603130410518,0.6399563897248131,0.047773204403072755],
[0.9961489994266693,0.017015719174245825,0.3857891459392937,0.03818397456131954],
[0.2797052825686416,0.7026704975680776,0.09376710085690865,0.09534841880601641],
[0.14695200337762038,0.6580527665839048,0.8580877704436196,0.055840952651362505],
[0.9995917489411386,0.6467969375996363,0.5802258016024433,0.02997455306941333],
[0.33329446608612134,0.14116728951452273,0.36150932475630015,0.02848972406506186],
[0.6712220384522463,0.05529349982102638,0.9717265924521334,0.05969509124040792],
[0.1987869072770707,0.6287501436386492,0.2985122370841258,0.040646729110068655],
[0.23383799958671025,0.7987109062956115,0.03251441182621995,0.15291996988428297],
[0.8697354513986861,0.9772950016151127,0.19207254407410812,0.09131139719553527],
[0.42352032877810153,0.7889045171454653,0.7917198636837155,0.04025346448491575],
[0.9868458607935863,0.1943043823823256,0.7247688097507432,0.14437298200604415],
[0.7552819944873174,0.5942875546369083,0.9971779980846687,0.04579918531785081],
[0.6853209432796343,0.09774499655471836,0.35255058032386644,0.04411252802566781],
[0.719994995879479,0.6319192151189058,0.9388668979292829,0.05225791877715473],
[0.8626082674770964,0.8008596793041914,0.8672399966229732,0.042006403175826795],
[0.3880873783332348,0.6693897425825789,0.7134318909098711,0.033112077925535124],
[0.7163817628172159,0.9024230624646514,0.9567686019108392,0.06783661382086181],
[0.985871185263893,0.7296935048863894,0.15849117266676238,0.10848110909758275],
[0.7632873599120394,0.6976792749941771,0.13729473362343225,0.09347454671193724],
[0.6486669042844622,0.6848693635223299,0.11302998426961974,0.0634557347533852],
[0.2904197718345045,0.20186451443931896,0.6863938671571413,0.06057619260793953],
[0.0405055243372241,0.2458333404230667,0.31376239432745257,0.03147564395973718],
[0.6422628886213285,0.9894202151707117,0.28687912444910435,0.03668459530534891],
[0.8144400817626938,0.08130918030507617,0.01966713563291056,0.03426392054548678],
[0.37108374188798365,0.13291314449517877,0.09656840795720256,0.04145407409602915],
[0.5884218394417993,0.35210499448860255,0.9824862389583827,0.04993093032175602],
[0.8825507520389476,0.12077904161813635,0.022409403798331118,0.064318815854414],
[0.6883615975627991,0.17646704533665503,0.6733281733459989,0.07582208172422852],
[0.9274216030724889,0.9462759714652005,0.9746632856951317,0.06720484951022021],
[0.7218933051603587,0.9512774834830791,0.7995820845646838,0.0539605668230846],
[0.5859999021375318,0.9928633544894744,0.008003184399910102,0.053010451726711136],
[0.9481858729015473,0.09824662906498216,0.19485535192292158,0.05695120844757322],
[0.7446208833555953,0.20800645533504214,0.8344485281588111,0.12967189424199332],
[0.00641302174095959,0.2667107948379299,0.6062624586175493,0.03572564247847715],
[0.3413123230146956,0.995632240466928,0.09123290077803425,0.062602388863441],
[0.7674657972354216,0.9332237084883584,0.7752096279010624,0.04762056623518433],
[0.6155127188904376,0.32244435559895446,0.7241419237905782,0.027725528138168247],
[0.3550499685883378,0.2824219089916036,0.05866782313099328,0.05102253662962154],
[0.31605052028540426,0.3229426260016144,0.011284049947180241,0.07900001504800794],
[0.0820443751904989,0.7062073427478165,0.2901358207303899,0.08751014418575245],
[0.3659098726880107,0.00294895130160866,0.9457188341431066,0.06535502432295405],
[0.9505424231726229,0.37394077667494885,0.2314603271911707,0.03499758635896974],
[0.024054880109526167,0.619679154782591,0.16409433203258506,0.03702464829739094],
[0.033633927848649825,0.17020834375172833,0.9843501685418167,0.2390711648233591],
[0.665021629776738,0.341998324866031,0.11823463581328986,0.028979908339986635],
[0.7713377460701564,0.9861674621837729,0.8963308551004032,0.0843511008272117],
[0.6972713702018817,0.02150994775151871,0.3245272648255936,0.03152490563762105],
[0.9139657586258937,0.1535731302185005,0.604701691821894,0.03090107890420072],
[0.14968766975708414,0.6407112667895375,0.39827813609144547,0.02838494769129303],
[0.07089629332852376,0.21656550899997207,0.03630250647022082,0.050264356499259644],
[0.1526893897331587,0.2975158743739633,0.014686604393930991,0.06724237938228797],
[0.7684047080759405,0.7531083433576956,0.8052960874060401,0.037345362960375175],
[0.3121198215049642,0.3664060626344756,0.702952686680912,0.04646560254328774],
[0.6303895678928987,0.013855434313668868,0.25447529169612015,0.03461357218630528],
[0.8867653774947498,0.6271092683188275,0.7569368167464406,0.03879091268132959],
[0.6790249668199415,0.3807209707560014,0.838738894229248,0.03961822148189929],
[0.9936169862132949,0.6373581872056493,0.9991916632446171,0.08271996417266624],
[0.6225957694237159,0.7852454409343976,0.7940507774040773,0.04450737941087475],
[0.3581329788798472,0.8222311135442893,0.6599889883327348,0.02949114292629574],
[0.6684736421969806,0.9006224622592569,0.08844446996483946,0.06456381501577547],
[0.3732550236572716,0.7764458068304022,0.23594191814687226,0.06045279472657229],
[0.23096566678214459,0.5844442711383636,0.35082759545484354,0.05089832249473168],
[0.5341869811501763,0.9448823223971697,0.8320102404450813,0.02903161448606071],
[0.025476083511798864,0.01888559211809926,0.5927614397880973,0.0525589245004964],
[0.8727072733540908,0.19089989301175014,0.8665814133735258,0.19597481673363604],
[0.844836045886973,0.014360974799887738,0.4019707245186237,0.03299212129267564],
[0.6164802335250174,0.6475855566894057,0.509240622981786,0.028215692605721335],
[0.5654540787517695,0.39221401018734336,0.12688193368585532,0.028420577352368914],
[0.025781251557268958,0.3092063001748925,0.3720613759266329,0.050449602935735124],
[0.8684481444624722,0.6936112507837091,0.10742121701986307,0.0988597314544556],
[0.29044686167184186,0.7446784001582681,0.3683321994978086,0.03438168136499946],
[0.743909536928423,0.6681261017898478,0.9753867976086694,0.08474114886292401],
[0.34738286185077105,0.09739886627270644,0.6637061650589722,0.04410689728008972],
[0.31168267053466836,0.9802247880167358,0.6225623765851775,0.045670637417902296],
[0.26385164605248024,0.25320519257462504,0.37084389286029174,0.04351024977512215],
[0.8390685349202509,0.7901300417652242,0.1752283041630014,0.13654925563020898],
[0.8934309515088983,0.33148324033048027,0.3721699283243547,0.030383100724468592],
[0.35361410706867746,0.9518719499704218,0.6735341456167888,0.030617187048196395],
[0.7417940715581348,0.24485094111649475,0.19631023689868132,0.04363643796794786],
[0.8709637844848144,0.32642446516772317,0.2851455264122573,0.03337982749144425],
[0.6157358496680072,0.15046882490631464,0.0046794174301814095,0.04202916752352437],
[0.7405891040865608,0.8614592277159021,0.658580936062334,0.04481425197397351],
[0.6460258435505482,0.01941828769563736,0.01920780193940752,0.03424816333499505],
[0.3584719074411188,0.30235972638381936,0.19813797972152325,0.04038877260243756],
[0.8026492233133032,0.6536345289370856,0.9142429079541027,0.05186550450721231],
[0.971467451215161,0.2029166563140813,0.3237962372177109,0.07882174975179698],
[0.6319744328008836,0.0835573511803982,0.36421819906916,0.03081438782226114],
[0.8796243492323876,0.05090830422894732,0.2293689590638438,0.03224881724517039],
[0.7192336843345141,0.5224593932974876,0.185459474824754,0.028276678322296973],
[0.14301799239807134,0.0064566471066792586,0.36026950518319223,0.035024088545234],
[0.3525798200871796,0.8559905707478119,0.13693593307048568,0.03888018799974882],
[0.7161000212813527,0.9299312516297245,0.6436269542271991,0.02959123864656473],
[0.3220605860626534,0.3094589719638693,0.9055074364153664,0.08062249894633099],
[0.6572697688577472,0.008419213365045586,0.12839717302301712,0.050296706743659506],
[0.8658724563686944,0.6566373048261478,0.010896565231365951,0.03800833664763156],
[0.25809365962928454,0.01816965407543525,0.9542929287472163,0.14447130723578333],
[0.34245000129601444,0.12087758816136829,0.7452344023607615,0.04862563482709838],
[0.040656609147051825,0.2595636313950209,0.02678219973552587,0.08875628866101318],
[0.9635216720832015,0.9600171925309867,0.39479216174637966,0.0285458891603962],
[0.9579272472946877,0.03519977045532252,0.35260669804560285,0.04355878187479886],
[0.7849357245685664,0.6426816981006447,0.8454922965471819,0.056506583831025275],
[0.6883572008339238,0.35875615533977223,0.7238906328869538,0.03446362848215661],
[0.26167349463293577,0.04577031685204658,0.16084838901579945,0.03518990538551173],
[0.07914909051514596,0.9879775830573716,0.3607484295239768,0.03543190361585599],
[0.821848785768299,0.007969758356478396,0.6666596738606485,0.053426197869962166],
[0.021013565354587538,0.30962026242579077,0.633885262044244,0.046286032286308995],
[0.7139534502728394,0.7126401720191964,0.3790219631586913,0.02818243388385846],
[0.8475992084111993,0.16824864931207373,0.6702023465147802,0.05309175337501035],
[0.6437786564661404,0.9484904568244246,0.23877617908300608,0.06345606599826639],
[0.3477639567146378,0.7324762284261717,0.9612126298028344,0.0500674838444746],
[0.3367906218469876,0.8964438210292016,0.317698386041532,0.028338043305024527],
[0.8862907486896678,0.8412656827787133,0.9338400434397656,0.0421090934894974],
[0.2299003760034003,0.27385167089922957,0.8870745583387725,0.12220601940554922],
[0.8578208168398596,0.9989873172008537,0.037546317356372816,0.24197462043114382],
[0.019113144265501703,0.24032772072124053,0.19149767920934369,0.03847303956453238],
[0.3686448245848277,0.713300542309727,0.8613787923252314,0.03016449508444348],
[0.8619217032097307,0.6281757407091574,0.8767770598447332,0.027105693540466047],
[0.21814659094543354,0.3894034067648926,0.19847929718548252,0.02800395914981456],
[0.18585657004534006,0.05476560921598983,0.07549955458532176,0.04676574710852138],
[0.45997789102532893,0.43632722002392443,0.4046498034246625,0.029141026223104757],
[0.5178539612794915,0.05267587947954433,0.4744123773862894,0.03539176616858055],
[0.41144655118868156,0.9604268239028585,0.6506106758024448,0.02825963071299805],
[0.6644327764910957,0.24493659211205998,0.01234602508805105,0.03478701368041821],
[0.2313157936373913,0.2894634325944335,0.3868930499387896,0.0422247233166141],
[0.9706887372387866,0.03511972701247024,0.9538755897473034,0.34298738791248534],
[0.510744391028623,0.23514552651768605,0.5036059615161326,0.028787458998475228],
[0.8438536475064695,0.17343325422035694,0.1597327334779326,0.033190366817152615],
[0.0059201399920590925,0.948162305086524,0.6575508641170956,0.0493688124175035],
[0.10331688619611323,0.04744717421508571,0.261948392821596,0.04408323604632243],
[0.4016089584832966,0.00359853191693682,0.7635304873262958,0.045834859297300565],
[0.21660196585767644,0.7445162620882775,0.6119996081944739,0.03308456605680929],
[0.21088497144879814,0.6902738654928776,0.8401285422240962,0.09034687634744608],
[0.21176965540258175,0.6617504326079076,0.2585719971977447,0.07289891250188507],
[0.09627003465464345,0.3084885671520493,0.7346610642079263,0.09451256783159101],
[0.4169647703112753,0.7300310807731587,0.00619185247523768,0.03137246503378276],
[0.7109295583527449,0.6300097598783959,0.25974946332387405,0.04263338557306176],
[0.9477559293464874,0.3198240457572037,0.29534894219209484,0.06524540062484246],
[0.9874049689034066,0.3221669930094282,0.08279894601251436,0.08897522239248953],
[0.9632962082650758,0.33189253666440455,0.4397464712002749,0.02722936665420908],
[0.24880342898214458,0.7380188065206249,0.749619057866192,0.11062490594681025],
[0.746531537239337,0.9627785330908711,0.6432376440676292,0.042009974325979374],
[0.8493422463578248,0.5241630952446024,0.43249170595637965,0.029645490471967288],
[0.9679569210216373,0.05663713576824869,0.006037361748764569,0.14201894226725076],
[0.3627556802483136,0.6264597052458248,0.34596088065849384,0.03430801400269793],
[0.7024692226063756,0.9657145884899427,0.6627913784186955,0.04881439054305681],
[0.9601744059754795,0.719989839092767,0.9699236992984731,0.1296459661592374],
[0.7968180321315211,0.33011890980279546,0.048347475648615634,0.033972738548265276],
[0.33885627267151064,0.7606776436820807,0.2894574897008866,0.05567961576108653],
[0.5891389165898956,0.5739321583710548,0.7196514755223267,0.03995197521825565],
[0.306757758402331,0.22508497613964007,0.025821977020829112,0.032206935495047745],
[0.23665345021289363,0.0012538687029464146,0.29705002966612304,0.0475506694383383],
[0.994097301669846,0.7878181122707776,0.02578488600399953,0.201044673135436],
[0.3504279528265808,0.13580252869117015,0.33615501807599224,0.050176154027279554],
[0.09978095272373955,0.16321251880699172,0.0018587080016969626,0.05231943829155891],
[0.6641300146514487,0.37751072453584533,0.3791613116411062,0.047788640864854265],
[0.9433345670793395,0.835119385141564,0.29804680496496616,0.03456159064453569],
[0.9028599080921822,0.3013893583984514,0.049884873157068244,0.049320043608968384],
[0.6441107915169914,0.34398476052201166,0.8535717758606127,0.0350716146397422],
[0.7624012298826555,0.7877387052828869,0.9885760913243532,0.15708144219757086],
[0.7277806198547666,0.8760040314445908,0.35908022889499447,0.04476161402413888],
[0.8637291557179448,0.026430691019875496,0.1302550544329344,0.03484314429331738],
[0.3599667252155575,0.07092083015445139,0.780029843058251,0.04080758353024555],
[0.31068158611967567,0.7081427615893849,0.8435920738734041,0.0842784801553079],
[0.9492408307554722,0.9506472811793636,0.3207450754730303,0.03429611750367523],
[0.7641496253232047,0.17469192650295973,0.6542789389574811,0.039294762938710884],
[0.10905005260004397,0.6523448239770563,0.16998276207290897,0.03592663625597013],
[0.799871788809192,0.043722830127091994,0.003999070380205194,0.06147521046087949],
[0.2778307936302137,0.6297894265306637,0.9687210056891652,0.02727500064190442],
[0.021412459661167227,0.9619342859884067,0.43517449608974035,0.029882796060881095],
[0.9184585630975876,0.19202562738218232,0.06492171414126158,0.041156227713920954],
[0.6530498164746841,0.8011623163619721,0.2973913793497953,0.03909049614127934],
[0.2827043393561355,0.658239951245831,0.2820503588954656,0.06166979861033697],
[0.6562520652469958,0.637710721558603,0.8478643608043657,0.03309178616779431],
[0.14110751328641935,0.6448333144116722,0.07230644572456413,0.0362957498499631],
[0.9237162371026117,0.2762322720771765,0.3421453542462499,0.05354208680910208],
[0.5750796894598316,0.8884726430702005,0.28319447073748616,0.03217264747007919],
[0.01797955081870295,0.7412037800415017,0.22249618488424427,0.1382371133244103],
[0.8154019678273973,0.002237270090749588,0.06647315061581915,0.055051101345885325],
[0.21029286846867423,0.8966139939981868,0.7367847192641394,0.050922982899806596],
[0.6843354443978946,0.8281113455013279,0.7434975599880299,0.043025602267304855],
[0.6434123780354277,0.8335866414804474,0.1709079231313071,0.044092188348260106],
[0.3733190213181329,0.014972704760678246,0.6222065600877132,0.02923073211448704],
[0.5659122641457678,0.22548472346690596,0.19239077333789378,0.0349608427783038],
[0.6832565850560924,0.3185087095297676,0.6605639259522187,0.06067150583273247],
[0.6203395019998987,0.9754483985975455,0.738220997795038,0.03961940042265753],
[0.32969170038566176,0.31638624750323907,0.1335635059382302,0.03509377146000898],
[0.3632141991861715,0.23828456914596918,0.0005576117644001677,0.049338188419087506],
[0.890894416147677,0.748836074549178,0.6042981795853719,0.029331789100368363],
[0.15102646515887763,0.019192562048264916,0.0007765000450609127,0.12592988926964577],
[0.009447869951481502,0.14516990655218853,0.6431816283329416,0.04086068133422453],
[0.8846690060187826,0.3696165854439546,0.6279361294457575,0.03250945141846088],
[0.2516168561491362,0.03541308401120624,0.6356489797897,0.05212678062827844],
[0.6246624413731058,0.0072409705914158184,0.2966547426527588,0.04301588488903586],
[0.15928391520953877,0.7798265642740216,0.3475469991855762,0.037274431296247995],
[0.6243655068902791,0.8573691932529753,0.8684135070704367,0.03133639315972425],
[0.35722086354248284,0.029971323276118955,0.3563575185062976,0.05564652604751871],
[0.21343051526211643,0.049683393162752276,0.37091734591008274,0.03122837587208257],
[0.0320966957430433,0.3487240910818781,0.1150043548031554,0.053935779352395546],
[0.2599097768539168,0.4100225670538832,0.12725961752306192,0.0278975869553178],
[0.18477710064988495,0.7720580261029164,0.2286770992710444,0.11999163356441371],
[0.9244537780075299,0.5912279747038218,0.07271671056368023,0.03402859353132051],
[0.3222010420495187,0.09682129478395729,0.0518996072089275,0.04568866122048014],
[0.3087382859001503,0.40293963104693464,0.21667023743283953,0.03583135562992987],
[0.9782980513245216,0.19770447559247817,0.2027742888957874,0.03270107680068552],
[0.318374891798053,0.3107138810571616,0.7978243621679071,0.08233719705708133],
[0.4520210896851309,0.4069265274953928,0.43445693119027806,0.029075152294952313],
[0.6072900926085765,0.12770497642085044,0.6921055373431385,0.036794563900427166],
[0.4825046244479012,0.10908761090788888,0.14078764093015317,0.03237090139251125],
[0.6320184212368748,0.8006798309502502,0.14206826606039147,0.04825147836126904],
[0.9169684748728081,0.015961716339790377,0.33525375707048044,0.06735095695462542],
[0.8983661318814272,0.35627043335706143,0.6777611818857241,0.046776224247458434],
[0.8430612646156109,0.3918893269578213,0.7261699945852352,0.03425206751638829],
[0.9000599429456296,0.9987310187428953,0.7076634783333259,0.039065073415173485],
[0.1967111447418849,0.303875948721667,0.6821845179131506,0.07969461669161262],
[0.36752783927801347,0.13144907898461733,0.6836408467175019,0.029811222073328092],
[0.4718357729012824,0.6917242819517451,0.0031706151902611834,0.029588241006814564],
[0.3645653291312949,0.35150937187171716,0.7050037225124126,0.030483346333583794],
[0.9545903592879403,0.005523030181317723,0.2084489020412551,0.1101258663768123],
[0.7213710387447612,0.014319899551219706,0.161823240287722,0.036406433045928194],
[0.3978777967076953,0.06954491870139412,0.6752824427756704,0.027246664775439994],
[0.6144937769133081,0.6740896136894521,0.20565866026243962,0.029176813134678625],
[0.02378452444324397,0.17102720944990546,0.25289158235846654,0.034938845399374495],
[0.9447410255346487,0.620452886558087,0.7830542232155939,0.02958739046223549],
[0.7644747608179858,0.15897704609850494,0.1546269052885909,0.041214096217586926],
[0.0011593496543075288,0.6214401930714791,0.6412112739927143,0.03168663721012827],
[0.24157582617978934,0.37411877037967656,0.2428373026863231,0.04009534821313862],
[0.7129617523395891,0.8255187537277038,0.36855082008716444,0.029088461703078522],
[0.9084071705117311,0.3032828791438832,0.39110772716195974,0.03165604835740797],
[0.3281367066840082,0.645617313437269,0.6317849481852768,0.033070099592376875],
[0.025887373285304327,0.9854211551347052,0.6284007628724698,0.02989934910083253],
[0.7215218826805477,0.8858826668461413,0.7314231279487579,0.07747497770780541],
[0.6382864756691105,0.004005106249736601,0.6333846628558687,0.028743719810545396],
[0.25303596244431725,0.9761798195242147,0.6515853792366433,0.05687598456592455],
[0.35434786579637423,0.639457794112332,0.9580709953916102,0.03258228908616958],
[0.6509242424891795,0.8084350414536082,0.24307531812558003,0.043278888019743514],
[0.7419472157873958,0.6458810332812774,0.8837183593127061,0.037915951586991445],
[0.12168063529235484,0.09238915888995425,0.36858866282033964,0.03290230428231035],
[0.5825843201646081,0.6687515752102248,0.1344946386177106,0.027517875869928377],
[0.9258828316024448,0.2437337761523133,0.036324015518133024,0.05915164707962617],
[0.29259369025679816,0.8280485437651016,0.8100635993651626,0.08684696875803391],
[0.6967828815211375,0.8665468543166355,0.8203509324604848,0.03225815151655424],
[0.3378425637685991,0.14167780559675824,0.006088466131843884,0.05968312053725498],
[0.8419396412305197,0.7808538998790846,0.6786555848978078,0.02826760374277873],
[0.6392029446889184,0.9597515723630822,0.5853899187045308,0.028468178200845858],
[0.7901735681649965,0.4920708218585498,0.5835078698022279,0.03304954149627201],
[0.00409020165883589,0.6665805748921938,0.6592119803512406,0.06489118786935136],
[0.3637727237359385,0.23048648558654483,0.8387799899496238,0.029402040634625447],
[0.7307588524520686,0.9060596356993647,0.40904179097520565,0.028750661983661947],
[0.19482697614733246,0.7213792642164529,0.6440385908316338,0.07047386482733409],
[0.6645912441002737,0.7903508071756856,0.17643890486548985,0.058638459098559984],
[0.6447074208795581,0.6690450035297149,0.48916834143357035,0.02975141319323507],
[0.6533023378424172,0.8589489778525576,0.6712713023329573,0.037465036927248244],
[0.47597017612163506,0.2472868260115082,0.9104709805520078,0.03789694557840409],
[0.281199700397346,0.9107536729116522,0.3086108430888046,0.038264890980349145],
[0.4773865871923375,0.5341170920529561,0.8882664743290193,0.029135261141913782],
[0.3480361008497743,0.35558117201127937,0.1405686676105481,0.03649570551252848],
[0.7716058134000138,0.8084153610572566,0.7693470676099706,0.04345688871258685],
[0.11878414113446256,0.01510672288331072,0.6080236168286536,0.0444496130999993],
[0.6812768983430715,0.8345606059164417,0.8367031555251752,0.05229998782146987],
[0.70093894671851,0.7846418484484506,0.534122075211367,0.031013530112571193],
[0.3113281958684059,0.34420929100346787,0.3455532684657182,0.034079849694034624],
[0.06208749707680439,0.09149441645280465,0.24651468219565587,0.047283172168796336],
[0.7114944932294653,0.9868684031511243,0.3410972083412631,0.051150026755261035],
[0.6913962393115849,0.3056848386185893,0.004634527139517952,0.04826996387794974],
[0.33283520171876657,0.9858353841380869,0.7069095042371727,0.04920051961572311],
[0.39674448367412296,0.0889870831596129,0.3748788246117447,0.034558552526536515],
[0.3117294272003813,0.6163415752622008,0.8049592395577139,0.03298532098677383],
[0.3596507963072153,0.17816617619742026,0.8945800023733358,0.042311729857486255],
[0.6948023171628708,0.32885518057973184,0.7538373694883702,0.07400961927233585],
[0.8580107090921659,0.10743564103167658,0.42742474115335316,0.02813758727848195],
[0.17667362195749114,0.880473522890345,0.6420850489180462,0.04986952265944737],
[0.008217374515635312,0.2833382521689066,0.1085470748241758,0.05777984582216791],
[0.3274550682217392,0.0021904209993147683,0.08156361148259506,0.08555747490452859],
[0.6888669468106361,0.48648208063983556,0.99286718702227,0.030599483905365543],
[0.03179153694896952,0.6208874392035768,0.8023123710396448,0.028621782254628837],
[0.024490263291303105,0.2806272688054229,0.672610626862022,0.08017485051862547],
[0.3389646608622703,0.03317585141641477,0.6350595852453412,0.02950621609669516],
[0.3770837214957983,0.6793083394308137,0.07864868846015993,0.02962969703664505],
[0.10708537743756841,0.6549015433041268,0.6219285808439455,0.03594511206537286],
[0.641783532375978,0.16781369772946775,0.94230790140376,0.04375422458307136],
[0.21135414728458568,0.8037554787452076,0.3579819358367905,0.029863861225265777],
[0.7702076755463226,0.11413836297169833,0.6571575883311347,0.04739880520021454],
[0.645542468148302,0.8558080335697467,0.23373339456994802,0.028342091735798103],
[0.9755033246253844,0.4701452568070805,0.8192032053562397,0.03131027607753412],
[0.9641296214099175,0.3879418793177041,0.6296762903776616,0.028087759514901854],
[0.3780259768801537,0.7500833712019959,0.11669528581819733,0.03153019389943017],
[0.6541495552340888,0.7083918799841487,0.3209424762056996,0.05185602932764129],
[0.3095594401562748,0.7076928207984436,0.345150290926024,0.03922939781723943],
[0.8409745629031488,0.6611973636121441,0.22181463544014635,0.05675834724596887],
[0.8875157172976023,0.08382138569714592,0.28348519510162884,0.038917091191734976],
[0.9004865147024985,0.37121021138093335,0.03880878737118343,0.038163505785888105],
[0.016706474124760007,0.005371814245586193,0.5373005675809004,0.04858208465981616],
[0.06514957994780546,0.6679058640803133,0.6250765357384992,0.04511547940045797],
[0.32246076029096904,0.36661922968644234,0.07770600758655943,0.0511876396775304],
[0.9651195698883452,0.6405050221423542,0.6970286966314545,0.03877810290051076],
[0.27129247600250683,0.6262987553573475,0.025230631680387305,0.061732512722307564],
[0.6864087593751008,0.6231989570769259,0.43956177431372234,0.0342288808489861],
[0.7946683926402865,0.4712837885780833,0.3423784239042772,0.03291140822745921],
[0.40184286440938255,0.0727115551006765,0.8274465224419328,0.04308422843103135],
[0.7731267837030524,0.7324637054158868,0.43440280961344735,0.027855153957912264],
[0.12150077040440876,0.009367684711853785,0.4167050767436362,0.03027968839542143],
[0.9041564154148731,0.13215167291071084,0.15799544315671887,0.027683486398191764],
[0.6329155857011439,0.8475539308892346,0.7189202122699058,0.039840879967603826],
[0.04752902194263542,0.17640407752729814,0.11566579644222352,0.028534648611182198],
[0.2550399362811049,0.6107730059171442,0.31377644499843516,0.039006029447610516],
[0.993315027691704,0.44293358016323736,0.6195613468393464,0.036951064969173025],
[0.4757143479423034,0.2680715597889066,0.8600220113284143,0.028559304255482178],
[0.6501266489553312,0.38750492559760175,0.20807345123958876,0.03033025984030501],
[0.43403563162182035,0.7653630993591668,0.19088709129458759,0.02719389726374752],
[0.3249490352902642,0.1056881841027496,0.3813421289116502,0.03736118359349612],
[0.2782829640148682,0.16490369720870945,0.9623446877159999,0.1070274287222059],
[0.5590261524034208,0.1623877954010634,0.15796574880737968,0.02758525834858984],
[0.43405910084956223,0.0010291104200383927,0.2994404606757324,0.028905038408438277],
[0.940218378421205,0.7449010207008057,0.6217540637089434,0.03156437413134926],
[0.3717156537594404,0.04487107081733843,0.7498565865389512,0.03838533660462194],
[0.8055567659391267,0.7106003445642237,0.5946458543666486,0.02918740243076038],
[0.16596063891064627,0.6428327967397836,0.37238832951526346,0.04157802588424539],
[0.2235775401211778,0.2652530020029428,0.02302558591919346,0.03183511984806521],
[0.36486669998667387,0.07732400645480164,0.5423430462070659,0.0280754831164381],
[0.09747036201530646,0.29320679551435125,0.3407536142548797,0.040039806173723866],
[0.42291016204314613,0.0526363839510231,0.6669817980767249,0.030230648780554502],
[0.15185307980865237,0.36775714329412124,0.24865110953428315,0.031908175252702654],
[0.3578598447188156,0.9950577185373961,0.6276621042962207,0.040434229567811245],
[0.24370830851189107,0.11487501277041834,0.610552386556762,0.03806549789288036],
[0.8788381800224515,0.24849907985745456,0.6234923512823499,0.027488841083267143],
[0.2940639201274817,0.6191690398507277,0.17021873868407422,0.031502321836890036],
[0.616759650902876,0.2199728637778824,0.016073188340399835,0.03519546287594897],
[0.32847627049535155,0.2322514878486348,0.7648797562015376,0.0675632819976997],
[0.4047366114252281,0.8484938303501791,0.21452324066996853,0.03092655782700183],
[0.6664068789495131,0.34101127698552947,0.8966170299469356,0.055576283109143435],
[0.4838646298298669,0.06797798240140318,0.4643877742238054,0.034397104355008805],
[0.3185615904588396,0.6594664504908048,0.9361515865008275,0.052850064008695366],
[0.06953062005211297,0.8032622510354923,0.3531109525713929,0.05386681676506386],
[0.019066098144441712,0.34249783082354524,0.21601529810349418,0.052555838363639626],
[0.3671204821344244,0.04203669648319952,0.4109796600663317,0.04263163596341038],
[0.36075362086911034,0.6716897134126368,0.6808134317480953,0.040966596828141896],
[0.6675212707998903,0.9835983392307062,0.9779461519297147,0.06261253499857143],
[0.9173268393790438,0.3225194474835472,9.052873423509578e-05,0.08458399437604701],
[0.7878649192204175,0.8228556968518296,0.8330433090440528,0.08559654812318089],
[0.3533896156592373,0.6281970275077295,0.1918098384882333,0.030778221049789528],
[0.8677936027231918,0.9836364096898604,0.33727147641320276,0.027904607899784925],
[0.6826251199698278,0.8633302907720666,0.6400045085773199,0.027459712398086714],
[0.6870020496555411,0.18188783665259933,0.5973705998981841,0.03563669254655723],
[0.31385953354327045,0.3271313158132185,0.3807305808919531,0.03070620046516044],
[0.08675845366466617,0.6344976444919771,0.7233868822440894,0.037747275632149524],
[0.32757141250796395,0.7985374875412601,0.6360144026930099,0.030406952600044133],
[0.30613644425784137,0.6474050038468161,0.21444785652219012,0.0522093184438977],
[0.7391340999706316,0.003763672223817127,0.4260188688255582,0.03438365042714131],
[0.6600541564320733,0.7801751783163801,0.8627748581753815,0.05435405839283411],
[0.9628843204327324,0.22362669609433428,0.14808783821230354,0.04889528397380577],
[0.611651820825028,0.39022113161464866,0.13498430300330344,0.04014248251411896],
[0.04096944960781013,0.08596512476939866,0.19389499785633935,0.05084085013230809],
[0.009007300907854843,0.24899013259447966,0.23529309490427885,0.05586538904001362],
[0.8779634918716805,0.6658870666626764,0.3551835353257672,0.035223889275539114],
[0.3830467291928443,0.10366540522775702,0.17540792087320556,0.0379904558897861],
[0.8178719889860326,0.03521097339185031,0.3477267667760411,0.03177088505178756],
[0.012659662204970723,0.348744138686386,0.036465013159615256,0.042736686409203736],
[0.714421180975707,0.34756753395747675,0.8507361767583687,0.04935863856274199],
[0.6802262723624158,0.7541174495562044,0.13025188515180763,0.07822224799584668],
[0.7299986306304255,0.9645032429026941,0.29274944171588646,0.07361222439897247],
[0.5650953233235871,0.7880703847596334,0.4357738918431213,0.03000032095923176],
[0.6963364437784773,0.23822565274614171,0.20925860349611858,0.02928822781005809],
[0.6709351375101587,0.6328261730493727,0.31223893629817745,0.03896666648413562],
[0.530643761480547,0.20903261873047074,0.31248296722367863,0.03030454643542179],
[0.530590959109831,0.02851091523781024,0.4503660393553185,0.027449012250500525],
[0.7469599271793673,0.041837209300122025,0.36650174814468295,0.029378748461603883],
[0.29594978636390834,0.9172849921666056,0.7714211139838678,0.03569193091714791],
[0.3573202464854097,0.941914845957152,0.026761354919120683,0.03279134019055733],
[0.7379419843447768,0.4407109580637104,0.370373669889548,0.032614084801730586],
[0.7236765973744091,0.25192528137931447,0.6472806724891261,0.0355184029866053],
[0.3030625115235209,0.8011021690370019,0.20526183983621227,0.09836160804145803],
[0.9062469648674688,0.7440515659091014,0.37587022918714497,0.03182933846180001],
[0.6024800269108749,0.2137890435821449,0.9833330631765679,0.028949539648005784],
[0.31019534550310557,0.32610961084716883,0.6368963782568997,0.034082604861376924],
[0.8817491827146361,0.9957011220724795,0.997190308493491,0.10359993166528465],
[0.36049676948383846,0.9509593630250427,0.1592679084841595,0.030320410284266484],
[0.12125486443668243,0.9085854319637909,0.6293448638157848,0.04758193683409645],
[0.20238907840673281,0.9613891024775411,0.6817835219562994,0.07570389060746668],
[0.7320330294963955,0.0582987124223453,0.6865241766242691,0.06960163075755546],
[0.06955602723852317,0.33469884532992855,0.155112910974066,0.027519399526934378],
[0.1199080852941331,0.8224358316986871,0.33895960670632264,0.04065955106624508],
[0.7406186549087193,0.04249655890587156,0.3350324362468796,0.039341868079309075],
[0.23833308607959558,0.17081776624479472,0.3746837829667966,0.030031473333070317],
[0.23787185156576074,0.3172491429646924,0.7666702534865364,0.07256633324020957],
[0.0531036424381901,0.15766967653363828,0.3620273311217127,0.04869354849433066],
[0.3355747884598499,0.3293713651457796,0.1697076948900723,0.038474458588417915],
[0.6643213713061282,0.984248805549057,0.7009000784213555,0.07552296100130924],
[0.9832370548121442,0.3179876142935987,0.3936722453318281,0.051204324908785764],
[0.4127790653742175,0.08564341649658402,0.264816333313841,0.0467217280378083],
[0.9464608363068094,0.33328450383824393,0.36129369030563874,0.04007981480916113],
[0.3407493045814459,0.9642146485931488,0.19588080673311292,0.050648420071280204],
[0.1656075786082225,0.043504642860424436,0.13826111098363902,0.036823550561656954],
[0.7323562874567535,0.6829932905893408,0.3595454231463491,0.05015957258479774],
[0.7957687883917247,0.5248886398867934,0.7600179281129281,0.0283491951356026],
[0.39364350841831586,0.3390506469744251,0.35118887070623084,0.02968041557378545],
[0.007592141096021243,0.6390051507949963,0.9301207639260703,0.05143831796502543],
[0.6576292138275617,0.6564082603108329,0.7955168862405592,0.05207256291004629],
[0.22874687922845238,0.6042866160707553,0.5177226249088062,0.03203401791076542],
[0.29877819813554773,0.8622641591341434,0.33983729908133276,0.038334947990474155],
[0.3185922316525752,0.39750914270134574,0.13737050576831578,0.03627768105770468],
[0.7999192587383255,0.4717501468264442,0.41526702638587676,0.03144187990547703],
[0.28556457581324,0.8310083796082386,0.3577828595195156,0.033367762372364274],
[0.5200672668253474,0.0024423084838223197,0.14128205799076587,0.029002207958784235],
[0.6497952751620306,0.6379458908245844,0.2437697868949812,0.03100478507140149],
[0.9546661478855027,0.3964442044659878,0.6663047532068376,0.028773525265286218],
[0.795322954632652,0.3658879964470221,0.7991091449353483,0.030620392842809846],
[0.7708495404818098,0.22234298685579623,0.002166458171528274,0.04089204324742421],
[0.8344685203841175,0.005009053523190254,0.36716368690453927,0.038811153811511],
[0.8020194033929948,0.6688582736650076,0.33909321573102313,0.05202322864926015],
[0.6429877727514888,0.06972793113933562,0.30524009327920587,0.028049730002054116],
[0.8816743747998691,0.7132994162135842,0.5996306002644992,0.027161644411674138],
[0.7231303447585142,0.13361973621898526,0.027680354956226116,0.02987994817811794],
[0.372364341454944,0.07967714906488754,0.1032631422349708,0.036798655947783074],
[0.45622146026990007,0.8192998882146779,0.8984146701791785,0.030829396954344397],
[0.005711468802204633,0.8380506005314773,0.3611249094196428,0.05026585890796617],
[0.6182160651820227,0.05297817609939903,0.28703595459839715,0.02784203824206776],
[0.16837454181699152,0.6468076403862815,0.7466611804744685,0.0651384697324063],
[0.2459614484436331,0.3429081355514888,0.9874456687049923,0.06212053424383242],
[0.13171413406752952,0.4964844770289498,0.3601470017136985,0.03283598409426687],
[0.6752635149978776,0.4681286203409626,0.010823600405986622,0.038908501375267995],
[0.9366005436732985,0.729048846534172,0.3164596553330452,0.0619522579188376],
[0.7746835399217941,0.32233252078131147,0.9828327705201999,0.08237710799748747],
[0.6100153076072562,0.41251470187522266,0.34314661316034223,0.02718758105744592],
[0.3469429160542097,0.323477738610666,0.9904341366427631,0.06012011354070246],
[0.6924619283614069,0.836066450074243,0.32165890356365223,0.02874039796481752],
[0.6498015985486637,0.8413655853981657,0.6073795169558039,0.04260088442843092],
[0.08810286823082525,0.2861867499357633,0.26316970067466294,0.027224252481109164],
[0.290560515198517,0.05785304335914898,0.2884923546517669,0.046281375320495616],
[0.9956508847389348,0.8679200717902219,0.6850732023621964,0.03738410529347333],
[0.3862879837536518,0.7597220748978013,0.7202559027611513,0.04979074270788242],
[0.905726256740506,0.3195960898637772,0.6413768438415897,0.04017398172380646],
[0.6222339036473508,0.13197537628592204,0.6379651208081248,0.029950386096517567],
[0.6281595002478936,0.7222038401554965,0.18628859405846188,0.031159894104278774],
[0.20276334946175834,0.3519792718415201,0.19759937955194207,0.05048007160846782],
[0.48404221237228395,0.49015743556516733,0.11644899307134526,0.028477876490806783],
[0.37063099454104487,0.8113038992208593,0.7716686045898097,0.06646541128105256],
[0.8639251413336074,0.5963186808664184,0.8292354470404598,0.027644275508639078],
[0.20392190660128406,0.6294315467323407,0.18527883257720368,0.05778335234359755],
[0.20757544154406915,0.5903663861995495,0.49535030490170073,0.027855586908358716],
[0.26276501539195496,0.95893554657925,0.26959437895721816,0.037308349284600764],
[0.37778542830230244,0.2533569414096787,0.18149089145150632,0.04000159169099764],
[0.0018268066224987889,0.39399999593671187,0.042918444162534874,0.029743776399209866],
[0.6156733873059886,0.36003237430104174,0.6519461853921764,0.028856197209632027],
[0.966026684268361,0.12216124520137739,0.3851122570832217,0.05369154757518407],
[0.5778279355951208,0.7044487405969462,0.9200507983496011,0.028917271676581507],
[0.1218624790639995,0.7567806111038574,0.6222270407999825,0.03245656577877219],
[0.011946919986192794,0.9734752542631349,0.35639103745024203,0.06927022219115864],
[0.17007792884364992,0.26521157736261347,0.10502800870383089,0.028003848519755237],
[0.41471309675409207,0.5572949061136153,0.08336540700795014,0.03139330906010253],
[0.802012825547286,0.5035921296108483,0.39809781479350415,0.03171818272963604],
[0.38498744769871607,0.14958418026823972,0.8202416407612781,0.030400407919175844],
[0.6650963874706277,0.9631620699902032,0.902135807699072,0.045752064899032135],
[0.8841797073951465,0.3339885294920212,0.11059675155914728,0.04535909959210259],
[0.9419542469703724,0.9890359573620262,0.9065782037301632,0.029504040124240676],
[0.8200365835151718,0.7913538294584352,0.694711666253748,0.030333689363346822],
[0.5245123834571995,0.4784216574916853,0.6171449860874406,0.03205849221220418],
[0.8921203271044955,0.1185998766502252,0.33834852853086694,0.0434971795445539],
[0.7504330012308141,0.8361693630365111,0.33877932916583464,0.03655665983026432],
[0.13806408022958094,0.09016274377891798,0.13823463477664455,0.033681974764113116],
[0.1452808928297319,0.9311186203732217,0.3603389566678351,0.049205446667603556],
[0.007095006212581301,0.12291563640717251,0.1402107302635195,0.04766665777585552],
[0.38984246619896334,0.6574273947494736,0.8037878554539417,0.03220898083160358],
[0.3418075096696207,0.34706527489840866,0.3258245122792397,0.042496706553411534],
[0.6160752684881867,0.8099909049327696,0.07490942142973023,0.031278239309833616],
[0.3992874990164694,0.9322931512310194,0.2075723863501906,0.03923401587189544],
[0.8270575601035202,0.6814549788152597,0.624260532337269,0.04376450030423343],
[0.7698814644427975,0.08507072980951191,0.34014615374014057,0.03700209510256472],
[0.7530256268135278,0.0005573678747851085,0.030996905760422244,0.07872355668159912],
[0.12699382968744855,0.23398722678160977,0.11972395487751364,0.027126343861820945],
[0.9996826309759885,0.9275036052646256,0.3552584810515158,0.04926678344619778],
[0.11556970652626697,0.36275688587773725,0.2105007997270688,0.044533354086573274],
[0.20471743059056036,0.38535567252045033,0.3450211506088262,0.03032000144246314],
[0.9742127332022229,0.9773937646726353,0.7939510341429212,0.032150866980559197],
[0.00994659572169998,0.3347342432136664,0.809136052256732,0.038476639375580685],
[0.36737345923839415,0.040131727711137155,0.23281027870829352,0.06925807067181747],
[0.19312942804449174,0.31293930519478597,0.37081867558778125,0.028394247933273276],
[0.6426583066995545,0.10313377198705098,0.016114832383710365,0.04186921806580511],
[0.34274750927685127,0.8362808880943463,0.38444620274047714,0.03264397108116112],
[0.33591346187496096,0.9863966998982405,0.9613993206799323,0.05962513913591633],
[0.9951619166676363,0.12123706050036764,0.27755578751699095,0.0773803819815728],
[0.3050009545428113,0.2999137474660698,0.35670265716858096,0.040713321829762894],
[0.6494806334807115,0.7310575960389907,0.8861527216122538,0.04900553992642437],
[0.6827946172266399,0.2542711317294001,0.6970202457542111,0.07190164950981788],
[0.7359958777757538,0.6487297899423515,0.7836848485567217,0.035105404738630344],
[0.6179928121402929,0.6653154453428208,0.875179906777846,0.03847286439663687],
[0.0010078265758425298,0.5623503936848746,0.7709663549928386,0.03137258921068187],
[0.3922743172969725,0.651312686309265,0.28075188183738,0.042540854484041546],
[0.7892588237690793,0.3780701999019085,0.6654978389824916,0.028482858563001777],
[0.35642536867279984,0.1326463625826142,0.793459076032965,0.033321840023285636],
[0.6103159374639014,0.006003545644794994,0.7973517981153081,0.04927541711021517],
[0.14847312719991967,0.33570632425021385,0.371226820950993,0.02713722657238029],
[0.8765658904186721,0.6841559972498823,0.8741763563109334,0.07465769970817532],
[0.7640518682621664,0.22384276773150524,0.27389786696536034,0.04012246754976362],
[0.674675327355575,0.27644336597115127,0.9794861948146286,0.05714682177393836],
[0.4313852032943908,0.5326041442708972,0.013032512905000404,0.04128152155136387],
[0.6038643543328119,0.9162234910216951,0.9933017720228209,0.030604066809046176],
[0.014759818121636736,0.3722426348855391,0.7072184640629788,0.04117636645829968],
[0.5959780802575654,0.8813795427150724,0.910992070745323,0.029321596592927823],
[0.8925243785355667,0.17816549618881905,0.34225106334682864,0.030185978662665196],
[0.8095543131839403,0.17854344770975727,0.0009571361491287345,0.04298199120426856],
[0.6424239131920795,0.36419537059146856,0.11882698180403573,0.031747642087557246],
[0.9046542482610496,0.6617600373788899,0.6225398088751973,0.03879232097789734],
[0.25539057610107563,0.5377271705300344,0.6323899892481329,0.03009338930732182],
[0.28435168194104865,0.9210247959681922,0.7112188679532768,0.03216422108731964],
[0.3712283846813592,0.22424831221138286,0.1467254147813225,0.030347927827747187],
[0.9037549391337303,0.7466553963225826,0.6632346008490033,0.03707607594073116],
[0.13417797835963796,0.4464185553761443,0.7168755763631419,0.02894757743833859],
[0.4464553998375086,0.5339057091740391,0.25039124077194796,0.03242047438995338],
[0.26858987610377516,0.9590207088263197,0.8081277283808544,0.08207897854401193],
[0.6905251205989198,0.20019456859812856,0.2559229539603666,0.029795443113192585],
[0.7217215586682619,0.18359490887654806,0.17949460651852556,0.049919799111973806],
[0.6885662007039586,0.8144400527010389,0.6098573596017784,0.0330378239794099],
[0.00383019956858488,0.5388194428804569,0.7355043417793236,0.030110856192994563],
[0.8053863921275232,0.3048619562612721,0.37315438658203115,0.04272350695053907],
[0.026989065694314807,0.37621706176353353,0.25928912443374363,0.028943539610258917],
[0.39238215558507406,0.11982099501150711,0.3010778179118211,0.03802841534680655],
[0.8051683935316886,0.9724171467149232,0.7652177718585024,0.03922333013449915],
[0.986346222696594,0.28649854140793674,0.46224551339398,0.027737761310821854],
[0.4935124718250893,0.9332013340494788,0.004804158939955672,0.03964432540838339],
[0.7498262044219995,0.32986393292965477,0.6309443690004696,0.05165220249001218],
[0.23827209641303437,0.3673734073253677,0.11373849794371604,0.044621956268667815],
[0.43358346969476225,0.570699071009136,0.04590500012732157,0.031080458555004666],
[0.6408219060531545,0.6691005915563736,0.041756445731454095,0.03404414586277377],
[0.536728415051589,0.320274563556035,0.8506512699956159,0.02887266829082963],
[0.741882016402415,0.7866829552210061,0.3839097117052894,0.03610958749075861],
[0.8242106497384663,0.21990880905452703,0.3644719072437338,0.03385750298790128],
[0.9756673215834177,0.6666307413594545,0.6525371057803347,0.06319302259006004],
[0.3828713001415105,0.8525223667406376,0.8991458185681291,0.030258986922371868],
[0.11914589438969836,0.40509242314706995,0.22451291809657958,0.03362459665236274],
[0.8890493740202979,0.11337536783734614,0.3843411980617759,0.05505848318159427],
[0.027632304160749688,0.0974553116096426,0.3249439734999189,0.0526375626360929],
[0.6402033899691806,0.9289220130030414,0.34524171089765465,0.04398024051494977],
[0.9936322599997898,0.622250829595676,0.6076075932982801,0.03437262599857116],
[0.7719591584494917,0.9927817900736428,0.7263107402178798,0.06840627205657951],
[0.7513046108733739,0.0863127123726557,0.392044603344621,0.03272796131303035],
[0.2089894640176958,0.9760693296423755,0.36167107055395875,0.039266509321216045],
[0.24685106956477798,0.31606769232776555,0.17979240502339333,0.028698422084295988],
[0.09510914084787436,0.5302390728438668,0.4155474756706523,0.03721044449127653],
[0.25372652753189673,0.6302604667862969,0.583397932552283,0.029982225615733327],
[0.4488146913897909,0.50449666668468,0.5927969063481049,0.027757227744737753],
[0.7538401965823204,0.3497070063696637,0.7986576303097139,0.051469340146552106],
[0.6416475163020636,0.1874143130032433,0.24526828928384892,0.036804883312665196],
[0.5615090808916022,0.4537126040320072,0.23895865348896816,0.03102138893779962],
[0.20824357697219276,0.47956785120535317,0.025033543205563613,0.028226586236166328],
[0.05294956207864987,0.014651252668314796,0.23898932844673526,0.0723367195000144],
[0.8416972514098248,0.06618078838869579,0.3973748264836985,0.027301826964894665],
[0.003378945522668375,0.09348851440150097,0.6525579498020968,0.030286329194267256],
[0.656594048807532,0.04488681874898548,0.31210275830463796,0.02730989590943391],
[0.8228189622065947,0.6968698652474088,0.8086156407846061,0.05484804773209033],
[0.4000654150071935,0.810318169216468,0.6944909000934791,0.031044267284098183],
[0.3409657797301481,0.320993905021023,0.6534981055569734,0.05174702900885879],
[0.6604985662691054,0.3294692146897079,0.06724267537499307,0.036078673552524226],
[0.37183980705391473,0.1230405101630293,0.8684968371507302,0.05049446490320074],
[0.5636739278421338,0.6593303485438723,0.1589472704504563,0.028111112114058562],
[0.37232975603789387,0.21038263759990017,0.6235521862237715,0.02897957112521197],
[0.6407391074547446,0.8916559442782078,0.9052123630894476,0.03510583450278256],
[0.0651240405948671,0.35851338463333127,0.34949200636318334,0.04214366799674604],
[0.13924003030882526,0.6241985742903207,0.3164818453037891,0.02806931697285396],
[0.7501413716498113,0.44957934871733374,0.3371078703214506,0.028200086204941868],
[0.2945503407747784,0.9812682920534611,0.009284176767864638,0.09384302402421779],
[0.35953737552583886,0.20508400174663044,0.5831223204371275,0.030941950333605847],
[0.6096323452429754,0.12766683346893282,0.9385636465337196,0.027554363188264125],
[0.35566315500690115,0.6795177101712482,0.7663033025845346,0.04772920138164419],
[0.22295469618064756,0.23469643970157483,0.6465125926614512,0.05897239713002335],
[0.0033232716680744456,0.46576863711669003,0.158708884668044,0.028547408482282807],
[0.1549373033517496,0.2202308094215245,0.13526360410234117,0.029733053754772407],
[0.10021194253768362,0.999790079001556,0.8057769735739592,0.20279835879091807],
[0.12163181286589131,0.6378212140292356,0.9916717823069503,0.05516736956489604],
[0.4958055247446246,0.8042763881397125,0.44433567368657345,0.03209136222664014],
[0.3896044662110516,0.8937819919001087,0.0036491760309333987,0.04947946152956567],
[0.29249824951853487,0.0036552988513531837,0.32418231895881755,0.06898770156251378],
[0.5550315931055888,0.30894088295079747,0.9626278642388202,0.027476505702208727],
[0.9609145046551257,0.2709114572876973,0.4075696140443271,0.03269600656693845],
[0.2096436685613201,0.03600521441850646,0.18284671897886873,0.03523532504377669],
[0.34234136759009726,0.6220493426304027,0.9049290083042857,0.039563220902792295],
[0.8578773345513965,0.6278907160638919,0.7935522779591965,0.03926054317818964],
[0.30203650588716346,0.5217066537170362,0.014626646705109936,0.0388185001799537],
[0.760826029809096,0.16586387916658707,0.6951007364912427,0.07710394654521036],
[0.676436336708868,0.35130038273605224,0.5854658799232986,0.03775226517294872],
[0.3660504288381946,0.6092934869725948,0.13572560531661493,0.03096083457234828],
[0.11518657461126292,0.6504111766356808,0.6650222900160372,0.027586364942131958],
[0.9220664708492833,0.8651922581577485,0.9311264623832075,0.037475222268086264],
[0.9358431669839958,0.17727282129840471,0.11673134634542592,0.06965536035305782],
[0.4955961640090303,0.5139457656051126,0.611797082940482,0.03602343112514808],
[0.01052698473355107,0.40849444498543874,0.9553155065763957,0.031248314715063126],
[0.18427993216085747,0.49070639132507243,0.19110032566157076,0.032891354195522624],
[0.8807118219557674,0.4284496883527542,0.46327135013853926,0.03360828990357218],
[0.8135593751076524,0.29529633653825804,0.10345137843220997,0.03292307119896602],
[0.06507905383285584,0.3568132691627841,0.19288983838622187,0.03784009241176686],
[0.9872287848343384,0.9993264706153401,0.935328379456767,0.07280449861669405],
[0.3217152752118939,0.3476340611709262,0.22393498373695486,0.027181405098146566],
[0.3065904239532832,0.03317081581262482,0.6367370381890819,0.029414694527286338],
[0.6732522634350169,0.6870043994369964,0.8735256142348347,0.06987962775118509],
[0.005418363863340159,0.2533793124013721,0.7609318322878185,0.1266130722275442],
[0.8273306760690287,0.3838816582139071,0.6871625582106631,0.031555429809509934],
[0.9391468760771999,0.7494457023687807,0.6764868349627219,0.043185081725442415],
[0.3106558074020548,0.23834028765847026,0.38048568527441984,0.030521848871354645],
[0.7732390003176908,0.520303198156095,0.05856784316367036,0.027289193464713472],
[0.9859332555593107,0.906298593550922,0.9112380844050891,0.02714215320904318],
[0.3374079175547805,0.7237976964974878,0.6035557716968817,0.030332059359161584],
[0.8972416877998113,0.76732585472821,0.8425275384087285,0.06207142861465345],
[0.11107932951090338,0.2997000661263788,0.3017808784965179,0.02812083668013178],
[0.4370562720232132,0.4329584387003983,0.4333053443347127,0.03289405652404767],
[0.6073729512844797,0.7540375652489263,0.3849580546294521,0.02791731339416844],
[0.005441292918954788,0.20822513089071137,0.3037192948916123,0.04429428316868586],
[0.9699341225327217,0.35592560078224245,0.7273154194538726,0.02946806114355851],
[0.8556324252844342,0.3651718563926897,0.05204511187803551,0.03726070051604302],
[0.009635928000372607,0.8061507942120819,0.4195434028510986,0.04748586580287473],
[0.9120926212494519,0.36522714172842896,0.7554052565501718,0.04064926635333577],
[0.8394185272410529,0.2842912722329808,0.008204659912581791,0.03204206487392835],
[0.8829996252380763,0.08729277058574447,0.23541508485026896,0.031036046846179714],
[0.6022333210225228,0.00481527022682815,0.48425792235061504,0.027472860431636693],
[0.48792060386766567,0.07326197706034043,0.1925867512856344,0.030653241203474048],
[0.6529088448543339,0.6628607264687042,0.19913237831439823,0.05014953087478259],
[0.8052909232227669,0.7036862515506752,0.556533296322826,0.030166897137998583],
[0.217476857250679,0.3356947109813634,0.3343155126249182,0.03229799955186916],
[0.6810682143160869,0.39968144524468585,0.14335955214611795,0.04617628720185511],
[0.9878591748382437,0.6547452408736179,0.39433190799208806,0.034433695298528966],
[0.49957847437667513,0.666414822675083,0.3206788105542919,0.029723270901734718],
[0.9581560571376322,0.3797760447258931,0.3398020345545929,0.028409513736876654],
[0.08732748981449545,0.6476441554521277,0.6862833383750375,0.029944776873778098],
[0.33421852611405933,0.873582497301756,0.295028582562187,0.03662899310479345],
[0.3763388623523415,0.7393187471919603,0.015996047194678842,0.049891902935108895],
[0.3724459907974108,0.8599729866709557,0.435826386266547,0.039524981369100806],
[0.7747959069898553,0.3553380820770482,0.02704396910333784,0.0362945388567385],
[0.603922833382538,0.9962779501050348,0.855600464784289,0.030158131622232826],
[0.35768999508213684,0.04918836564774953,0.012027917267373178,0.055835751739782225],
[0.9934889003016593,0.8734162207233186,0.9301882137296406,0.04656754190508776],
[0.8273361552426794,0.5839746656275424,0.8170749837302913,0.03275067063272998],
[0.14252755860180133,0.6733807989248193,0.16806920383326873,0.05566440162473241],
[0.8142326312387546,0.6434138720508049,0.7878418006775503,0.04403770481924221],
[0.23734634550169487,0.9549171292423548,0.3253095411867286,0.029900970837395548],
[0.20026225702594047,0.022879798748517532,0.6116630064787133,0.04388420978738661],
[0.9771413879019537,0.9716880538280465,0.7582541343089882,0.05308324066778648],
[0.602943534001701,0.9212510660046301,0.721755856619433,0.027696101847640424],
[0.7005498286974764,0.08594817562427792,0.008137050996816386,0.03618958903732747],
[0.4505528325026229,0.7284668846517707,0.012828120019051092,0.033091757297581424],
[0.3467334848863436,0.6441748364391794,0.05235493184016682,0.03550213874748458],
[0.32391924747262024,0.6367059551644668,0.9889300036372559,0.03769541407419484],
[0.6029755582681992,0.9729401779156294,0.6035816366196228,0.052291782735822676],
[0.6578904445116868,0.6207750959257876,0.15528199492321715,0.0391553410596408],
[0.8735426843553319,0.12329039509709261,0.6298469725920885,0.04108766671972959],
[0.04220021216873682,0.04383399247691311,0.30513392429266384,0.07772732019312248],
[0.7146534862327525,0.965317368930408,0.45176450781512456,0.030946364227284924],
[0.07702405162781789,0.3070391242274225,0.29676776921774395,0.05617037958779217],
[0.43296402377871834,0.7599786618685974,0.24127193678396053,0.03433119988705989],
[0.517997032549468,0.8869417313998516,0.004340231272718431,0.03677063183398911],
[0.6573058616196978,0.6553809755120958,0.35087492340088355,0.03242519069212281],
[0.8312106828396548,0.3629143481145568,0.0072189531280852925,0.03606269475303596],
[0.6148224562162136,0.7768742384751268,0.05413584327711851,0.03168893433483705],
[0.9848799007187182,0.3673079870595911,0.2207345589663673,0.033245741939658714],
[0.20228328047591515,0.6091081508790669,0.008649637400863552,0.05157175983755041],
[0.08264237303957489,0.3174393774901807,0.38153232108432045,0.03739706531237022],
[0.8313798487258075,0.7335980523600536,0.6370405230611496,0.03947447505957097],
[0.6543634623149033,0.9446898085822193,0.17422349770225376,0.06535404953349351],
[0.37876036018366477,0.09187880364534418,0.6997643317214092,0.031190848211615635],
[0.2776986585858434,0.07210311429409177,0.12709941456905938,0.027648082106620696],
[0.88857692813143,0.29488622039076473,0.2310556786815502,0.027171838272763815],
[0.12189285645399095,0.6005292262629762,0.0350639793412133,0.03231532673185803],
[0.7657441136617371,0.7202744361657751,0.8466021753201447,0.05698806302838434],
[0.3419045964365781,0.2602316374484337,0.6289492335191355,0.04509748176505879],
[0.3816015499479837,0.330816754697701,0.25143604966595445,0.03445942339118172],
[0.3621596440974242,0.19613657187729527,0.2647563269983644,0.033778043316215596],
[0.355595782979091,0.9911735103287378,0.7842880966000461,0.03911945006089586],
[0.38543971364687446,0.33184149473198665,0.3100692673594915,0.030660588950671634],
[0.19932135734763867,0.032774063056604685,0.3431831774968602,0.04064662321714886],
[0.58578343184786,0.7406697760190963,0.5425061179363351,0.03103615435600776],
[0.2607905869224384,0.9749652595685816,0.4014977503156365,0.028177768717017222],
[0.37473822677682744,0.6794082849473742,0.969060619165562,0.0297433557389455],
[0.7852207526504835,0.7495511192545107,0.38094847078885963,0.05253815891827822],
[0.3912724349590593,0.20756434104127985,0.8096550038065807,0.03517859460150437],
[0.8032555400480097,0.6503863169721722,0.5951427134233774,0.02842045252635099],
[0.880390347070095,0.8929627455117238,0.9339047761273886,0.03710347010271427],
[0.11512867379638503,0.2602677934371176,0.29122288568244936,0.03176339352714713],
[0.4468945449268914,0.9916402784703456,0.8433517092838951,0.03123861217109264],
[0.9994516745496173,0.41221923885491873,0.48634699135198545,0.037759119093262794],
[0.5118339494223699,0.010919841991901658,0.2152410186275402,0.028780071191370153],
[0.712178487423381,0.35571733178946174,0.35794434076615855,0.03446774104040051],
[0.36031857437631987,0.3680514211385588,0.7309558759626937,0.03252340317918626],
[0.13161913489363353,0.2894983946033435,0.6130937191884791,0.030247726001980745],
[0.1699689205344468,0.10188492626973555,0.523767719345413,0.0272283125751958],
[0.5284927169416797,0.002303934939527741,0.4937942838852123,0.03043110261849343],
[0.015265779227343068,0.6433742213145068,0.3326088310376496,0.0306012876636649],
[0.33301517638857625,0.804077871632252,0.371440508619186,0.034743008887630523],
[0.7968850000135774,0.6451623501625908,0.25645495181624334,0.05768755165803184],
[0.10716553320065214,0.019288624389907083,0.34663709126018705,0.06434989500999308],
[0.773439480516753,0.8299390636974228,0.7094783783293995,0.03333327587985387],
[0.7368600959501101,0.00771161718423885,0.2864229578742148,0.04365244999965054],
[0.7233788368412839,0.6726547578026101,0.013522839245988294,0.05215840038000466],
[0.11939542275022463,0.29627273009135335,0.07318300385814314,0.0356385724742557],
[0.32844961384886484,0.7003852712802473,0.30215806819826785,0.06106207216511711],
[0.37710058049095607,0.5160188353196432,0.035468891581891704,0.037411511874837766],
[0.23755388346379225,0.009537396168989298,0.3927208167666697,0.03771379842471603],
[0.8962713933083442,0.8123196939213837,0.5340650757989321,0.028644336877700058],
[0.5441818636335157,0.5351148906841953,0.7006455591591884,0.028099772019042103],
[0.878915255056426,0.5073018517174658,0.7525204485600124,0.03248279523838509],
[0.8139962352306849,0.008115298321062281,0.2935538395386271,0.03503271186562532],
[0.16778974819113313,0.37814719983590694,0.7334501841118465,0.029617817261568667],
[0.9781308784285054,0.7459405563104229,0.7173931726712345,0.028385270352125132],
[0.22636826838252289,0.33049203993358856,0.05055649977357046,0.048779963696651704],
[0.5642466351359937,0.9157390015382098,0.8188153125662928,0.031174562298955204],
[0.6054676357549832,0.6881327230993074,0.9274960112563486,0.030318224445168858],
[0.35708884355607484,0.6947818118018052,0.2319641892801424,0.0375474700779678],
[0.652763086312187,0.06417377110906197,0.06837883949478729,0.027646125556228064],
[0.28744310266819084,0.9462289895474328,0.20777378344918418,0.02759173900415715],
[0.028094908878957048,0.16476781123795892,0.09737843178562788,0.05041279321051642],
[0.33189153607919675,0.6329260462693653,0.6717010555321834,0.035274340406078825],
[0.03392290095360917,0.1438754062945291,0.2948344731178083,0.05339156546732021],
[0.9992933073541923,0.8680486277239636,0.7971746293482935,0.03640724501339179],
[0.37901074937290413,0.39177877947295614,0.43033345947881496,0.028285085353628177],
[0.4059256171289627,0.04077519014609077,0.7111230354403313,0.037943601429319504],
[0.9438098548313346,0.642337305661752,0.3563958859206322,0.03412639817790004],
[0.8233791786833076,0.6596424252926436,0.6805436992165217,0.03472749922412189],
[0.6190686993736397,0.6698361511782255,0.2925715834338426,0.028175557656697138],
[0.3849000418306575,0.4076455215763648,0.9439091586734657,0.02944684198941698],
[0.31092785976960424,0.7156538198181356,0.6527508806939933,0.0534887656089114],
[0.12927834979664588,0.5057024658110253,0.4222908756195676,0.027913272692124763],
[0.1668035283835111,0.01917408123019715,0.18475667012731145,0.048358328004325976],
[0.43586392208432423,0.4266651207019069,0.9717527046112215,0.028729783977404902],
[0.37644460356182075,0.29407989277633173,0.15385488559851823,0.03363210209222429],
[0.6420338225388953,0.22856857595576097,0.9649730539264377,0.0455360920639237],
[0.08926104563893233,0.639747792521465,0.11140614424384698,0.037960892997695075],
[0.7505144699979256,0.3409993312931979,0.4019449408988187,0.03374281463045917],
[0.4148934212013652,0.5910964437190316,0.990308608803385,0.030225392461587973],
[0.8415942356699769,0.8050589444076256,0.3851289958176959,0.03273143597157507],
[0.35748413156862036,0.7842121723710559,0.9120001657752111,0.037798438213846625],
[0.36999395897502774,0.6771597516329013,0.17794524427434266,0.039952534578417395],
[0.27714217022988985,0.3246077182164685,0.648547179513988,0.03616812779156865],
[0.8715812866127159,0.21634008896231782,0.6391948632518174,0.03706646266422846],
[0.3403957983993433,0.9982318502394306,0.5559162686546923,0.03267883456658388],
[0.34540179404189386,0.17805744777570653,0.807848343427345,0.056127471780594615],
[0.8340307739427982,0.3528764164073127,0.3634525484779757,0.03583535596056081],
[0.10449433883521675,0.26056457463495075,0.6296084295467508,0.03978938025992283],
[0.08553212469437943,0.3533917722463218,0.41597187774598743,0.028073376244361375],
[0.4186660254096424,0.8089603554447908,0.7239724270839074,0.02763628470975449],
[0.11279005577222967,0.36406743886703674,0.00961528257106159,0.04900856159360224],
[0.3890818669483398,0.9449656673860909,0.9232631236684952,0.028522873657586864],
[0.5997865108087935,0.9969688793649467,0.2586319657536349,0.04050184520205813],
[0.9877482656909911,0.28136850432991745,0.6039994650282849,0.050188106087014475],
[0.7438540016384959,0.3614833844330343,0.3327226609689503,0.03329241627443815],
[0.06915668452179657,0.48501256261273595,0.4680248233007892,0.02731723341921969],
[0.8439245745719315,0.04998272039824825,0.2813121169397086,0.031496303167246394],
[0.6544402995797555,0.7075646595520383,0.5056298435138867,0.027601204711526835],
[0.3809206396619329,0.14262435036844623,0.13610198819274555,0.03392225639707557],
[0.6302074315077987,0.0013146106809269753,0.8991247769551752,0.039568943336051654],
[0.35228564238326165,0.3145035376249462,0.3838292555355186,0.0356052288880188],
[0.6112975675914282,0.15384964398189627,0.9113535871113798,0.03552166451566813],
[0.6169486543878142,0.013221820593203759,0.8488687076332295,0.02826191089513777],
[0.5034415912295938,0.48182487997004797,0.30506832211444435,0.03225441082882098],
[0.6437489919792956,0.0029959721234600334,0.6897287915533277,0.03534297119587464],
[0.3059449994341291,0.5747602929740572,0.8896749953327551,0.03624179329787104],
[0.34693272995405944,0.6712948198067098,0.9959349442819837,0.05371721224683432],
[0.09597680221295413,0.830026105683872,0.3026771639955603,0.08196147944629022],
[0.985373779619676,0.6162013309929313,0.265622780389578,0.03230032410986177],
[0.6238969982764647,0.8668061164325489,0.1398914116527169,0.027775131403200856],
[0.5263569420998534,0.5948187772590172,0.9031127537297018,0.02734993742790126],
[0.6173142308932346,0.39432950246987364,0.922516933665586,0.03711063562056757],
[0.4087927940947975,0.07421322659182994,0.8737210729372515,0.04984799432057742],
[0.7091008181744421,0.21900864172040235,0.27323357442477136,0.04115325691464146],
[0.9479010893464596,0.422595051878745,0.3168486588535965,0.03153937346466053],
[0.38163666984184164,0.029756465016293587,0.4624303693186136,0.03307669184634068],
[0.7583415079435438,0.5392151407179181,0.16178965565802605,0.029819661219096724],
[0.615620748023183,0.6445783274849791,0.6311415364293655,0.028412653212192315],
[0.10128931269817698,0.6338902050267883,0.8969996235424713,0.03609353447543941],
[0.3195110857258151,0.9925728780212966,0.8920043058763195,0.06727659674067235],
[0.7000201839953732,0.23671983083156134,0.165299371499809,0.03018448983982861],
[0.0049307297858958155,0.6185872501063839,0.11362937429434428,0.042450984361226504],
[0.29891547065177115,0.8082574443323144,0.31445248397887393,0.05842922034611271],
[0.5824093794515691,0.9542215738932448,0.261058257960215,0.02911209931748253],
[0.27729408720692894,0.21701145160409474,0.004609820259506292,0.03431141037161597],
[0.0586594203997266,0.6478971560876393,0.9196286871708335,0.04203234100577967],
[0.8088221817819625,0.6570957920699275,0.031123457799541288,0.04238124831347474],
[0.2523343959440445,0.6752484962042711,0.9433679267649376,0.07623754296080594],
[0.634634491290263,0.20901817379161491,0.6054059601981985,0.029055460647665607],
[0.7958857380658777,0.298958371790626,0.006381079802956213,0.02763136485549237],
[0.7583726569034203,0.9750908143196612,0.3931917750465761,0.03235496103003622],
[0.4558277479856815,0.013252318142854103,0.23467316371682068,0.03620201514150184],
[0.7017108532354883,0.651114111008611,0.20305389898733361,0.039759586353544527],
[0.48524839639823947,0.4189770585980769,0.4010145875126422,0.03379650288918111],
[0.1921537811871773,0.824357546432165,0.6414613885554177,0.040403480255865265],
[0.7351444826346886,0.395693732240614,0.3433177941478942,0.027842704716497566],
[0.4516533267742957,0.5260331990919986,0.0673093333056135,0.027476823420119048],
[0.4023283548741965,0.34353806657529273,0.8362761086708931,0.033560150082957915],
[0.9756791121469459,0.7838039692569339,0.778215758372717,0.03229649193892519],
[0.8802338397027766,0.5383528116322961,0.6727465359766942,0.029427929901476697],
[0.24006644722902493,0.12772574706214657,0.007476510560952332,0.0478236114249911],
[0.470405477511314,0.9826728642150114,0.7528518197279084,0.03108825181980074],
[0.23325658875425292,0.16348053582556277,0.6284011570591043,0.03950778509523832],
[0.765250235008715,0.9037766633300874,0.6522385844870655,0.032868496073467916],
[0.3893229955783878,0.10387220582480217,0.015079289916367311,0.03759654427028662],
[0.528363110547786,0.3526849258907022,0.3843346514774052,0.027185113409928394],
[0.9760254338432229,0.7941234053356592,0.31952877256477685,0.02713370167766642],
[0.28919620390799483,0.024457647072170352,0.24854882721866345,0.03404938218813471],
[0.8371501609840124,0.055482786349330904,0.3698026276424873,0.02832226778142625],
[0.5049393471674144,0.8036884523440697,0.932523784759718,0.029875892450954254],
[0.08318369232497713,0.3782353688825191,0.2506023387413623,0.044150669413536806],
[0.0017046128202270472,0.8292690210521038,0.5860473721560224,0.029035044422222663],
[0.39397990858854326,0.008955852376033246,0.40229258472199636,0.03561787126746001],
[0.9120142679891101,0.11412246886557031,0.6138984673150544,0.030600449985422433],
[0.7936862171064656,0.010842206960155809,0.2500274146462236,0.032863057353548254],
[0.2893649033657302,0.08090556684843253,0.3554693343047207,0.0425397854966208],
[0.6615734633563726,0.8826548772223656,0.3392160049701205,0.02886092199355856],
[0.3777547750624731,0.2802325255848638,0.9609224916019071,0.03415054893531443],
[0.3205146241188216,0.9794937522160473,0.24353433685571158,0.03556959393598566],
[0.5919835074927284,0.811894982406415,0.9785140907302446,0.029440672679685434],
[0.7010717625210401,0.7995166966501337,0.8003323125769292,0.031310572024531726],
[0.6259840996545638,0.2612601825337153,0.9065670728864864,0.031803827942342405],
[0.47894900848515154,0.8304642398756472,0.0077450075711920086,0.030708806396572662],
[0.9931385400159279,0.8138576964444396,0.453164687212394,0.03163180217649064],
[0.7539416558423948,0.14116288197017013,0.20007173500700715,0.02751257053636795],
[0.765213573647434,0.035167847900814064,0.6290356787687389,0.03543854533423639],
[0.1551697988766202,0.6395172462605078,0.0013425916356351042,0.06835206639511619],
[0.48588467298472526,0.48148840769236734,0.3622148427834099,0.02883708646576026],
[0.7292162944736165,0.38995332509938163,0.9187504746961961,0.032327209587370405],
[0.998273751732754,0.6066498808865068,0.23052597149388654,0.04058752727092886],
[0.3824994926454882,0.21157372638988914,0.11326331904975351,0.031095061718498566],
[0.543575880515538,0.13762386589250275,0.14642049708838478,0.027606684543632368],
[0.2782291110877336,0.10045553579395061,0.03864052533880091,0.03702824027828362],
[0.347204241801758,0.25386410551568384,0.6898335105309847,0.03311847619954449],
[0.666611343733483,0.9572738567324566,0.8037202753800042,0.035317794690953086],
[0.027702771972849094,0.36259850094381474,0.644017636753872,0.02981819168773789],
[0.3666344179390095,0.31264284298575606,0.28577755249228964,0.04413695103368448],
[0.3382308699200559,0.16241395080156795,0.26664171880730536,0.029478235576562317],
[0.3579023602128668,0.6397878889893251,0.22475694035240745,0.03176225986877335],
[0.32126916574837827,0.7559845665984494,0.34308530421717687,0.04897494292276246],
[0.8140589289565726,0.6900140880126785,0.4743549438922361,0.027274026153225793],
[0.881794448462777,0.6961279820961553,0.38546231454179625,0.03057834807715821],
[0.3642313419160562,0.8229302536806955,0.27960057051606324,0.03463865259290133],
[0.3606910344642855,0.7171776535066072,0.7267145865928831,0.0574415603367516],
[0.9967009807012556,0.3220693767253733,0.34328449543725426,0.06771135740686528],
[0.7392315782620418,0.1910201662092169,0.10798362521850802,0.032458212588658206],
[0.542749114327434,0.7383764429436467,0.5755641628858382,0.028162660264578553],
[0.6116099419267584,0.9353269949503807,0.0491024348446123,0.03499633587386886],
[0.4032275664322902,0.6504897638976557,0.19541165123995008,0.027939206509649296],
[0.5388236764197576,0.4854134301073648,0.27653915477166635,0.029631275195672074],
[0.03870431734758939,0.6110466034892639,0.6947060438061506,0.033770215529502],
[0.5273729718104412,0.6566677546043309,0.325434674392833,0.029314137084971346],
[0.009292952208656224,0.6836130847778391,0.3608861391488527,0.031368657405519126],
[0.2011583466096889,0.8823160406502839,0.5908727243823999,0.028049841769936724],
[0.10104746136848497,0.19268021101251853,0.6038693182910566,0.029307248967079827],
[0.5913325833992691,0.9823155024697298,0.8276931796999658,0.033091681466453304],
[0.09083807380320919,0.5329624494491032,0.0029893062540322646,0.04222564520916784],
[0.5970398485440418,0.9556487606312245,0.8497647517615724,0.03791830194134589],
[0.24945408021843907,0.24462127604784334,0.0016369033888301576,0.03259496610677208],
[0.6412777179577533,0.8451640142595793,0.11473997585052809,0.05944666126767156],
[0.6366892842567456,0.8520998682990862,0.3390984654454803,0.03170950723906733],
[0.9545548985586737,0.30145841254515204,0.5619799950554245,0.0284816437652666],
[0.20287952211651994,0.015617786149454749,0.14463143524453093,0.05130852937348418],
[0.7327096981403168,0.38410541595019254,0.6128401057280385,0.028944243395599638],
[0.6967052754267467,0.9185000906966967,0.4734333915492246,0.02816463494317098],
[0.34684478365482485,0.3613105192924425,0.3951668929552107,0.0354658758610782],
[0.9962356015844575,0.9951473969908583,0.6705480398008229,0.034340200830402144],
[0.37281199040499446,0.3619093011829938,0.2045198175377254,0.030022153772048907],
[0.3155951639134509,0.5960580617705104,0.31704216686075337,0.03426636460269034],
[0.8283288384246252,0.15776081105125817,0.5399736409104967,0.028540605505810182],
[0.3972185615626447,0.6955252820080721,0.8283351462002928,0.03236712487750704],
[0.7614044615786196,0.3861106601792811,0.6920445677891864,0.029413293754371198],
[0.3982937702942617,0.21798636998795262,0.7067354596740263,0.03287597062734158],
[0.3518200146608621,0.895623807655805,0.7816922319818329,0.030727582285963798],
[0.37353923074737927,0.9610202329013825,0.265597092421064,0.04801362785883426],
[0.17059431454164264,0.9038902042444603,0.39818363139545976,0.027351024251321347],
[0.7944456873669449,0.1984555472173769,0.1906428204342261,0.05065566846050111],
[0.7809834213410799,0.9327263802073769,0.5791510054938362,0.029593530958163493],
[0.49984568212021674,0.9752413908563672,0.004837606577771658,0.049977715671698994],
[0.41242365740969833,0.6142498244117057,0.0072971184770356246,0.027225954106787652],
[0.6494091795326353,0.716152073195296,0.0404403582809999,0.033642208181716086],
[0.3502136465998539,0.9211107455426756,0.17070844321582612,0.028573120521330056],
[0.372608457600497,0.09180276377886953,0.3475738366201775,0.05048968662470539],
[0.3400578065066284,0.04602734598707159,0.8083607013168332,0.08097955580131191],
[0.9819010213907114,0.36337203483387603,0.6421489102375758,0.04569501709021097],
[0.9408695061647494,0.35716754367248504,0.7147754273474307,0.03868954200713631],
[0.2673182682810419,0.33590557506036856,0.3455889997422563,0.046410777880226226],
[0.6064340806466063,0.33170785563806415,0.33585994433303756,0.029041127939849733],
[0.9860832753621769,0.5348802317928031,0.6496043732470205,0.030035482670248435],
[0.06613740328048978,0.043263716396689245,0.6172838282916566,0.0515598972143821],
[0.2654933181210519,0.5980764877955855,0.8075616057004784,0.03451557738274801],
[0.10770391094103504,0.41643046506456005,0.26112861945973587,0.02801234470384583],
[0.8196984809383785,0.10950436974968769,0.6502575374430384,0.04736131888498657],
[0.6816315850983267,0.3755602803310776,0.9387957804444689,0.031032480612515283],
[0.09849836159432224,0.1852369222697774,0.1100837538620546,0.030571800886736673],
[0.9224858783171964,0.31158145740356247,0.18401276715095938,0.027590552516065625],
[0.855115646693932,0.26350986290312706,0.5618631648845028,0.027389761667439477],
[0.5981246708911305,0.6991853856238224,0.79059896734682,0.02886349084469974],
[0.013950257378937292,0.4093228074634263,0.11204704266760501,0.030012361104424533],
[0.2196329721114043,0.3724711332212982,0.3001354702785296,0.037403447866559636],
[0.15940141080727332,0.037488012913841184,0.23550729730276077,0.04107500960607573],
[0.37929488641244713,0.9529817627608873,0.8828160864593289,0.027672554435695412],
[0.3881950119753782,0.3871524091481904,0.9916827490740853,0.0392876237215659],
[0.6399760696983764,0.7285571752306038,0.23114450887967086,0.031354464447644476],
[0.9840982940553614,0.16529856295728196,0.4287382219691981,0.03692722400184335],
[0.7981246952407213,0.6675761542232808,0.7482672779859969,0.03304206217848],
[0.3519696474469072,0.31898652397804317,0.10441474102281934,0.030845009569778058],
[0.4079854129332863,0.7207897753143712,0.13528635343101847,0.032207908746257334],
[0.27013211322097463,0.7154083599903592,0.32861586763872974,0.05689678095934074],
[0.9865610581348407,0.02681361144416483,0.31909990900084406,0.08569818693651474],
[0.6555381674156988,0.34275820377695343,0.9959277375429167,0.05278114972842396],
[0.6846205015419559,0.7802262643190143,0.35607655163730434,0.03919301256942756],
[0.007483138521356403,0.4593879766694534,0.12532075115078867,0.03646446783846756],
[0.7398151487151008,0.2503924970587703,0.0013820556061522327,0.02847647653076172],
[0.8498747687389854,0.5311328721482778,0.6756988072249881,0.031911677244812],
[0.07662495175958561,0.376181614144679,0.3910114095307651,0.03775657082331929],
[0.12661896855992472,0.20815310203210746,0.010983905506102398,0.03231937178013205],
[0.67641722522945,0.8178691468284329,0.6928660876666268,0.027859003213567435],
[0.6859367066513893,0.39451531441518106,0.19017141671124127,0.027599420156189],
[0.05848426622689096,0.8787602071718155,0.6363370807044725,0.02938851801599164],
[0.606317950245864,0.47753268469624,0.14789327097238025,0.02830363487540212],
[0.614966631629859,0.7415785486254871,0.8012572093346841,0.030292828922364762],
[0.5230396768903468,0.5082210723825777,0.30355222052346587,0.03303767857546666],
[0.4047634399495661,0.9911254634666017,0.8545793582815172,0.03161068315439901],
[0.3532665309790757,0.1112910904194524,0.2678860302924765,0.027688691242065064],
[0.3686078700706503,0.9211401090804081,0.9142535370086082,0.03240113780736225],
[0.19359262004023325,0.36733925878899587,0.14786093297676062,0.03805734748940058],
[0.3106214342413852,0.26817078973589603,0.7084987323499093,0.069415987797212],
[0.8349206967358214,0.7396807740672854,0.6786337433934205,0.038418345571994306],
[0.09910496144977121,0.6362367261477373,0.9351806593091735,0.033244588793694546],
[0.0624753824245704,0.19421986239718836,0.6394690784116225,0.03550634246561912],
[0.7013216696994893,0.19719555295650104,0.10052827693512423,0.028646470885361236],
[0.6519719059262187,0.0025691235771326815,0.7333056039885802,0.04802175353909598],
[0.33884069899334945,0.4119615737566966,0.1965002080905911,0.03618217874697263],
[0.3522005298512618,0.8174589338427525,0.8945447873750806,0.04235867064028953],
[0.5861265781102472,0.13779128163621224,0.12881682587078236,0.030071792105686244],
[0.9221941449158608,0.6683220002646671,0.34862515738417055,0.04021852438488119],
[0.5950336266153143,0.11458569141428476,0.0987441254924819,0.028599330115772564],
[0.26899980292038606,0.4321101694081434,0.8685428336746528,0.0287348417190625],
[0.3120328884868566,0.01774304587703568,0.17225473502134903,0.049121812199939455],
[0.640659753454025,0.08148167068980006,0.6672436618775487,0.04885030823409399],
[0.991385934285089,0.38046037277706124,0.4662362732590073,0.04621539536351091],
[0.38405607698127175,0.14814435121440372,0.22091728874816496,0.027154848182672706],
[0.009472776769028912,0.8106578254742434,0.6094105512613924,0.030165240867398607],
[0.38906847165038816,0.1908302625296927,0.07412211041270633,0.028816672073897376],
[0.8064548697334033,0.991990387853925,0.34421134323668956,0.0287229159005368],
[0.6687153266261718,0.8681153467308921,0.795749720670991,0.028670076359746263],
[0.27321285986193444,0.6239542219173521,0.6984344234345957,0.0344686354394883],
[0.5637172085020298,0.2692768402220397,0.5218422714171601,0.027314723020965652],
[0.3640789654023976,0.05987012157011029,0.46641857165654066,0.027822217563215824],
[0.6749200773250896,0.004918712368664924,0.2765343756854941,0.028466207040814887],
[0.227871512740771,0.09539014241580457,0.39373227955495993,0.028840604861599492],
[0.8887182600295835,0.7816015942172952,0.34473090303898557,0.042909042358590485]
