username = nchw73
detector set
algorithm code = VD
dimension = 3
self-radius = 0.017
number of detectors = 1000 (from an intended number of 1000)
training time = 9.3
[0.2431107731037091,0.9152104361549572,0.018139388720812222,0.15362841599086147],
[0.886762184629724,0.7695921556828453,0.7401372768772968,0.05271295970188834],
[0.1402028461418383,0.8750935401512916,0.7614022900579224,0.11475655746201018],
[0.4058715384314724,0.6746258658848157,0.8240642917582106,0.027672877578348215],
[0.6269712089618666,0.7774724726495651,0.4128873990033848,0.019184873345821453],
[0.027109020859063082,0.21917770289758265,0.2035737600066383,0.02617983011723566],
[0.7858427235066678,0.2435746472268282,0.8956158343504851,0.14959190727876032],
[0.2603368318211665,0.08814828717717216,0.09808979635970716,0.02940060151721606],
[0.6778437163298463,0.6491383128517374,0.5411261219263629,0.020923356959855137],
[0.563617156435765,0.23380172449219472,0.8146137010873762,0.01881527125914627],
[0.7957417416635705,0.06371289209599285,0.6326453372548217,0.039990372015348004],
[0.5521166585897893,0.3661836462535072,0.8805432026824301,0.02413778237846001],
[0.48981165728264076,0.8088851415813899,0.7897013743203022,0.017342035342954212],
[0.6412610279857031,0.04988806730803008,0.8751919836423139,0.037374969272431974],
[0.19850590927675793,0.27284272122359543,0.04701058641791078,0.05269593869445756],
[0.20742638258543034,0.8718013328546028,0.27228276328179957,0.044798287168078176],
[0.621286584780753,0.8931392681383319,0.27392666355276163,0.033144724367163175],
[0.6557752424748003,0.710465050518421,0.05919716825241583,0.05685590423805767],
[0.7068104405742034,0.9998917391436052,0.21129330656297485,0.1369302471587837],
[0.14572228868048032,0.12128122784992668,0.012655513850605815,0.05399485441897936],
[0.8036632640135203,0.1361601975497092,0.5024378481851072,0.029430906818963626],
[0.4867258754775069,0.9046321970783097,0.22408357266450385,0.023377990992075375],
[0.07221762729462011,0.6464242513136438,0.5910890472677883,0.03345988009770809],
[0.6071344652540432,0.03607224505112938,0.25266033048036485,0.03228385400943772],
[0.18041802115212469,0.9881544765432156,0.28232236827016544,0.08620613998400976],
[0.23243738201984598,0.6742038304462221,0.6204445591494452,0.06002752698839023],
[0.010164354974284806,0.7399149284214854,0.6565083605755434,0.05960095795113811],
[0.018917701625014716,0.12052916712618533,0.8016412662418129,0.19116961975582936],
[0.9466608795290814,0.04757688032412677,0.29360689721598987,0.10399438437329656],
[0.08762472258215692,0.7018254899216783,0.17797885228411725,0.09671761555495641],
[0.8964031456018084,0.6685226859623243,0.08282254545951051,0.08565252452255415],
[0.44178446147003747,0.38410403505770696,0.4023788361917352,0.03036120664529548],
[0.3443754358816743,0.5900801164078049,0.31187015094240933,0.03275640299344519],
[0.17118601542923095,0.7715263315793053,0.5181883595801781,0.020321550852981922],
[0.5122692758139745,0.2704548663826697,0.008558221348111683,0.020783860654932623],
[0.09585135959803925,0.376478931340659,0.9712817361118801,0.03958915749172955],
[0.5004858952139558,0.03330447854910856,0.9714579572538216,0.030655493579182354],
[0.10163388220225755,0.09660066008308543,0.9938932344945799,0.2856686434227515],
[0.8505473310469297,0.3952136262571043,0.06377181056674408,0.0350868232985897],
[0.9842942160756044,0.26348597301457233,0.15199313139077142,0.06476823856169589],
[0.8919774997052933,0.6837117971163562,0.80930954909101,0.09123067423415811],
[0.6916824014918705,0.1792807203785618,0.6885021252365771,0.08960469773140195],
[0.9775626747386197,0.7784959253872696,0.18004682734122024,0.16263005287476384],
[0.3259319159951194,0.4720830331047653,0.7105591418497362,0.021689681878451966],
[0.1472898377039641,0.6530712215019171,0.7752470274679714,0.062092122924397586],
[0.491101143080227,0.6821391481297681,0.4826919247220669,0.020345461586747528],
[0.13159890259436113,0.8533340028708786,0.22645421715357306,0.11993779390852714],
[0.08549966575022594,0.7278872411685573,0.058375319304742046,0.11961395962523187],
[0.36499517705357,0.39580485079415506,0.6344376097004242,0.033214926818474946],
[0.3489081941150335,0.050511506036299836,0.787900548730126,0.07196093258342688],
[0.595467920469235,0.3816424134345382,0.13375488684804837,0.042340856107798155],
[0.6328956302525196,0.5192122849989745,0.08299434147003315,0.02120512738121553],
[0.23778599694179248,0.02882879327678778,0.5692255657914266,0.02312943344780373],
[0.619770307315754,0.710250305006435,0.5353331194652023,0.027650730947515204],
[0.33557341130335927,0.14870421590913974,0.8341532686399653,0.0824226590171181],
[0.6808233067242422,0.3935773584805373,0.763382291826307,0.05411710910224486],
[0.2565758054873605,0.23814378389817314,0.751804958280621,0.145382578004549],
[0.997383264659827,0.012406352585321967,0.9966322243491187,0.39190549646544803],
[0.8686521777434212,0.2931664378358102,0.7547534337752415,0.11769666415683065],
[0.23459285864954482,0.9653824777137532,0.8809061938842603,0.11578757554479703],
[0.7239669926510379,0.7941054833293323,0.13708795005299224,0.13784390396011104],
[0.21976396031237388,0.029903160343600632,0.03775064523317995,0.09096155786139262],
[0.8464471242366255,0.7165133076282371,0.5074193445867252,0.022590224658612844],
[0.37554123634926884,0.9960372216466284,0.9170635063571194,0.0689543874612649],
[0.347192547617716,0.469260031389401,0.41687891425404944,0.03177627721839716],
[0.8542554186612128,0.5055830191506697,0.7241087469527312,0.026218592391774993],
[0.8420768370448037,0.49648015885218855,0.11208555786850627,0.02931100402635592],
[0.4425991486597507,0.14605820493022104,0.12823587037394746,0.03329499714545484],
[0.04570532745481126,0.8617635188805,0.45787735408619,0.02029961796592928],
[0.6381697121003413,0.24064447966060476,0.4307631131024451,0.017925305431133007],
[0.11893764865313905,0.9542096726627181,0.4878539465540074,0.0170816753124377],
[0.32050167478558333,0.36636968413975257,0.3753821785726599,0.02881798750623269],
[0.21851784400727026,0.3163726120955275,0.24510176358536262,0.023058538983507293],
[0.44931908088110495,0.2648765555608963,0.8764756327230636,0.029431309289101877],
[0.8729291003138382,0.48075010222589865,0.02611906967153943,0.029319930719346757],
[0.8292918494606203,0.7737659929921781,0.9121395664538693,0.10262460415636647],
[0.9983790382069524,0.18044680658199763,0.18556918926021548,0.06373534610230609],
[0.6833871393823926,0.29194539113859497,0.037339718421429136,0.035589466007427836],
[0.4329971022876383,0.4230178254633292,0.900088913153352,0.029262162672082495],
[0.42616411725019354,0.04580185736788722,0.2229242894871546,0.057804994676277394],
[0.18199187905576797,0.8030741231594538,0.8625820676576627,0.18361862620420794],
[0.47850690403135065,0.29879879285577726,0.670436593076718,0.01932011556819012],
[0.7167367231357663,0.06876627050809903,0.18674234321078742,0.01702826836347255],
[0.9886850847027904,0.6890951613671913,0.4023240743859928,0.018267261641661245],
[0.2933995217201544,0.427045380618142,0.9827326685328802,0.01909719265743471],
[0.7787193251512509,0.05645429221654996,0.5207640787385465,0.02224355788695727],
[0.3663657114131891,0.7324559979606599,0.9754354107340161,0.03898780470219461],
[0.706860121152433,0.6501432369848905,0.36972381708236834,0.04463754937153295],
[0.853526664383343,0.8203572772465284,0.08196643657693603,0.21193698314892095],
[0.4957170927937614,0.4143321328336427,0.36197811237590105,0.019757345462626384],
[0.2609996049907044,0.6771560658443097,0.22199536700663702,0.10528371005828299],
[0.40476554372955154,0.8387111685248483,0.520617838435983,0.017959851973110785],
[0.8884633201795821,0.7249582264868955,0.37465024955521264,0.039636126295208074],
[0.7504180085043427,0.710132977885242,0.8277070766147395,0.04630376126864422],
[0.18358317169944072,0.9811734983638879,0.3850376289095725,0.026556670076975743],
[0.3441602639603585,0.4497771006789356,0.2274439891433948,0.023672690566626423],
[0.7229359781736613,0.12786573541070234,0.022482164196683363,0.043121431571879545],
[0.986676672073038,0.19977130607249594,0.01528266529651634,0.1224391026619037],
[0.8101814473910226,0.7853340837727085,0.7394201895634894,0.04057121397852181],
[0.11618300661660297,0.6068308928574554,0.34447226892843286,0.025405816395054695],
[0.9734275384230627,0.1866922232621302,0.2736544534407329,0.05497221434804503],
[0.2593503229692983,0.9522011235584636,0.4055160314323075,0.023142697157624015],
[0.0934951163117006,0.45217669442658515,0.15895623704526007,0.017243246947114196],
[0.3279077119258985,0.5455658027717085,0.502835117580091,0.02931251377388272],
[0.37452062491429206,0.4682825299392298,0.1385757770387669,0.025479731634786867],
[0.4005026412133058,0.08121890589793201,0.5461585853461552,0.02193921952928657],
[0.08115225749821564,0.38021263265375205,0.34351299821142334,0.04313717351707369],
[0.8665819232992654,0.9997139231166676,0.82531846330205,0.04283058807453389],
[0.6347310927703892,0.026053097757815613,0.6891391440024826,0.03030497523689659],
[0.5348617528162689,0.22199695842187261,0.9377302103508068,0.023049459475777877],
[0.031089409575886462,0.17257868500589868,0.0006124711516092285,0.10761316219592353],
[0.966622059752444,0.8209488652117428,0.4450943730462995,0.03786395609428857],
[0.02152806750446723,0.8721551930678976,0.3689239889256747,0.03980867096809462],
[0.5315144005014012,0.2618154556411193,0.8383248809922501,0.03302335152127963],
[0.9852988216921246,0.2200282615296656,0.5259836461406208,0.029865655143955748],
[0.3615324442731036,0.9483146730447932,0.2041003861105104,0.0590707167115367],
[0.3835118631373645,0.7335596374551152,0.9160193254214426,0.03719869727523525],
[0.95054792596055,0.6915345288143224,0.3562914955037241,0.03137520947157598],
[0.8877303199878921,0.3116267721330902,0.06998341996827329,0.05617705972911309],
[0.12556484658983935,0.11139494185753662,0.6130546881392464,0.029507752597029466],
[0.47020564454287495,0.37586185303598774,0.26991508543517095,0.02298219379689831],
[0.19697984560074622,0.40860365511464714,0.11837932362346926,0.027447974325967864],
[0.04254118434954879,0.5899866373691123,0.2276732852025668,0.020595923783150956],
[0.24932160703143025,0.5292244786729401,0.5139439251388928,0.022792385293504885],
[0.3725560451920704,0.046475622085681345,0.48063481983892276,0.04506183624385342],
[0.7616037703647641,0.9714017698735196,0.805945362221267,0.08543561220230424],
[0.4020646721801483,0.4951772102157129,0.2757768461241059,0.023773071506345493],
[0.3620381860525196,0.3716812062605954,0.1084974532740054,0.04329187967296902],
[0.5360190740810366,0.43605689143124593,0.7621483855914064,0.019939238052467237],
[0.1364086093820035,0.4000921228588078,0.25101449675690213,0.023028898528513926],
[0.6111222277001148,0.1857849953621702,0.7977661914528781,0.03363769228628147],
[0.3613290938671213,0.4569940889228643,0.9961263985156229,0.03796776912286887],
[0.0838612700874688,0.17145972490934736,0.336695458895103,0.044826698080864695],
[0.7514840596940933,0.8940534386262342,0.9587748348061377,0.09255038955813592],
[0.7287527258429164,0.0012174763193608662,0.37893665472611493,0.06205968336422413],
[0.7450011583219512,0.7944780684907001,0.6393111378123666,0.04597669888063452],
[0.36870335461624537,0.5967218601204556,0.5353326990148688,0.02313286553803353],
[0.2982877871899198,0.9653520660036438,0.26970092138132307,0.03515713507384885],
[0.029921953003148927,0.21757342138235358,0.3652817142147289,0.05679445146403078],
[0.2968514467943839,0.9638782717655663,0.7267760901546103,0.05031430167955783],
[0.005063206933587749,0.8467259867839844,0.7444937128694902,0.13824458407587364],
[0.8547149697224249,0.6177237159929045,0.7024321207367284,0.01891509852363145],
[0.3038506368675177,0.9774405223777836,0.5917556448872848,0.05246186475856715],
[0.6966045482411937,0.4748046014477436,0.06647216769009623,0.024166564015167],
[0.982812730286525,0.2564931509759063,0.22155965594836668,0.048958791876370755],
[0.39086707817940713,0.8928947782359563,0.1889798795134744,0.026539035456492915],
[0.8489124390336502,0.4176592775763258,0.8011216308915938,0.026071453901220322],
[0.4407045154347642,0.5074083656908972,0.372154133625735,0.030480847915819766],
[0.07951567912735191,0.19681326966806612,0.6262449541700486,0.04277855091851752],
[0.48152616561223605,0.9951909401255257,0.5362376480290754,0.019495262825299044],
[0.5070078700813433,0.21207044309906098,0.4574039582729529,0.027327454351213865],
[0.5357915548271976,0.32784392378411475,0.8601143777220007,0.03515771383421525],
[0.9725664015264421,0.6168964067234817,0.6625480380203594,0.04396024612594938],
[0.5535440605896531,0.7520260354456698,0.07633922758030975,0.02958121040829694],
[0.5512214634438779,0.9719704586794953,0.8279550206730407,0.026136179227261677],
[0.1325046777599539,0.4073534214668465,0.5667053797250381,0.0216967310287612],
[0.26984582256335665,0.9151915510156003,0.607531435606408,0.022850480951458897],
[0.5119879770778587,0.9357751347258642,0.44667473387487533,0.01866194487212254],
[0.8325429855688056,0.2186285057724432,0.42199719396987334,0.028536325379966664],
[0.3528046329095669,0.627039193864891,0.8570845436503471,0.04461754802176568],
[0.5070301416676686,0.6044524335363259,0.17080806927202663,0.018417251227365816],
[0.9159554350072782,0.9904723687523361,0.2728330482356842,0.0778744244732252],
[0.46185687610505377,0.3201513446671934,0.6052630720842023,0.01769988152046721],
[0.9188605916231181,0.24824779731598978,0.542416367229384,0.022690985729692116],
[0.6938852386462098,0.027579220713411012,0.5507333741883216,0.018171399553243525],
[0.6409327684878611,0.6594507871737736,0.49787831547184913,0.045720648316776136],
[0.6382484174934409,0.6732574787436183,0.9831191151280282,0.06174022157955429],
[0.8000011503119145,0.6618028295221324,0.8549707331924262,0.08668050509586228],
[0.438368515523913,0.03036105881890827,0.06889185619172011,0.025389896378185013],
[0.5240005748758478,0.7299242529351423,0.711093745542521,0.027934617032517928],
[0.10021225480449236,0.37891138118386924,0.8314827562313855,0.022136172156530028],
[0.7072171542084987,0.6293762984149422,0.9263400313200937,0.051376400264622465],
[0.3144484789318238,0.2422134332813568,0.05498016463670008,0.03601475078040309],
[0.3436090221136515,0.04717328346921357,0.09367898893170035,0.07297708300455243],
[0.8855954172077646,0.05389091120824052,0.2057353073521262,0.036358541547779295],
[0.5499414347956889,0.7833311428143811,0.049476307242843576,0.020617732120268607],
[0.8056127980527478,0.3268515682778931,0.3263898075365985,0.02510548681589376],
[0.6218392751443859,0.6664873520689728,0.22831864742917873,0.05152949281039214],
[0.6371749429563339,0.0728425712657953,0.8127538278247689,0.04883929379310356],
[0.8367805402998466,0.6566762732821522,0.36040109935981657,0.029232398746263537],
[0.08758360020889788,0.10389534176277904,0.14174308957794124,0.05332956668376854],
[0.6572919955382642,0.2723465009653343,0.3033919684319367,0.01836427182176363],
[0.3360870683570978,0.23921484412994953,0.5887676427969317,0.019165771848302864],
[0.9484966206425103,0.6086466139840898,0.8494843775679881,0.02771372531825981],
[0.9211381615832043,0.7167366831399515,0.4535922816778435,0.021137437763755228],
[0.6675516079770645,0.11063667730893922,0.1894057594144568,0.022854405866716096],
[0.7256571012898109,0.8566528159258593,0.8433874558842329,0.0436361103479817],
[0.31883310253703,0.6673660634443656,0.8662944013290723,0.07847774796849226],
[0.01749590346518448,0.08553147948016482,0.29726539668973995,0.08708746680443157],
[0.6535802696323753,0.18810789325284194,0.0289119611890164,0.021305638451952942],
[0.6107558908733725,0.8719897910700679,0.30723433925722066,0.026822393968357172],
[0.17659927369816975,0.12976612517872943,0.601125275327967,0.03947120439412608],
[0.7045460913391679,0.9549080653582681,0.5993059157326125,0.018535243322007594],
[0.40355337040318084,0.8663081136365895,0.08758505034462782,0.018979769624560563],
[0.2794128963639535,0.10088470120379522,0.04062145505179382,0.04636514226523866],
[0.33219017072266277,0.5593970471337576,0.6203515596992565,0.022830735526109723],
[0.4754374803071929,0.03684087922136803,0.6787476514929841,0.03234130722474041],
[0.960229032631564,0.3480824795843753,0.15029409519886905,0.04202933655418015],
[0.3367336969679945,0.39881911206587495,0.18915142058004775,0.04619444145325191],
[0.23368976706486222,0.6160776896495602,0.9930336588387167,0.03386714249373617],
[0.8848229263609059,0.527920023705233,0.1665366632381161,0.026321904657662494],
[0.01891390375323243,0.5385882029328686,0.7877966353004654,0.025084706252803346],
[0.3412778984982643,0.6975763489285759,0.5707545047966922,0.017090707746569254],
[0.7225907498222502,0.11691114205486852,0.204772225371332,0.02234539307623301],
[0.5903058325971265,0.6780350489373839,0.8528327328713354,0.02146778247772349],
[0.22540666704911727,0.3548879726533676,0.9320214604446282,0.04855330248575185],
[0.4241283122743066,0.3775881351119057,0.930454576792824,0.027266657383652644],
[0.03732105580876122,0.9018053745839545,0.11158393730395966,0.2622320979975033],
[0.3180380231051304,0.7801665018017409,0.05093357205590876,0.07805974189157071],
[0.6817747684274987,0.4773508603809131,0.47630809927507656,0.02826227517446679],
[0.3145490982700513,0.2801956962310296,0.04469937546025404,0.06858618894192325],
[0.6245008974638874,0.9455745086632058,0.4497150872419585,0.020185589673182187],
[0.7790312384255316,0.2069859185890205,0.5462039703884691,0.022883320192858908],
[0.6191615872592796,0.0011784671418515469,0.20518057527776978,0.04630161223527743],
[0.8853860447004531,0.36913518500801024,0.12521319900641914,0.028975997021208566],
[0.6468725353775161,0.9269972526095148,0.36620679631119113,0.039952373911130726],
[0.2960522601372483,0.3788060020249707,0.5451525803867017,0.024353359838946105],
[0.12397782532006241,0.5817928359165189,0.14740080908687847,0.019126324459465632],
[0.9229982539853561,0.7460859638726951,0.3801458213271649,0.03334526072323071],
[0.7361097425040213,0.5459962444290374,0.7264403815741275,0.03027104556666512],
[0.3651523508107296,0.39298891946294867,0.26399360956481244,0.01719595902578793],
[0.4245101881881037,0.593444297739147,0.06398818071177836,0.02412624549448706],
[0.015158725595776912,0.5591826109161886,0.9463061732912282,0.03801008180588167],
[0.11406655558046819,0.21420031353278657,0.14056032337557955,0.025329732447491135],
[0.9780550442282896,0.26981800150150825,0.32030909234651184,0.08856730697125564],
[0.4527720405458373,0.09659359813220314,0.2864128521264303,0.026774113095923494],
[0.5522585697521326,0.46364193786236896,0.4429230728030643,0.018820872540580486],
[0.3998574964282744,0.8195878234924218,0.04411707969360301,0.02208095305291661],
[0.8716573552572683,0.26014614294199057,0.09050941945258584,0.0256855220421931],
[0.1624086706651373,0.9559439052393651,0.4249316045834304,0.021463897401425673],
[0.4674439367983282,0.5499540588709827,0.8888928640024842,0.02270851358509965],
[0.7470731249482779,0.6086085876452118,0.9831172272936796,0.06172887187391342],
[0.4271541969833951,0.20538256783478492,0.6072470067729737,0.017574316269250365],
[0.23835557282801856,0.6997155860690077,0.3509345651235085,0.05210063580963456],
[0.40723969007138283,0.3907161729931894,0.43575732580489857,0.03246207099792885],
[0.27204997326646185,0.9199333333737206,0.3710962291493767,0.02866547798822852],
[0.44199111341854824,0.7195184358413138,0.6682266536027448,0.01768474397732874],
[0.16867769528449106,0.9849824116130906,0.6809194843812536,0.07998629765353826],
[0.19428240580449518,0.5275813538962464,0.36716180706756885,0.03499621899102599],
[0.35135502919009254,0.1122699000149785,0.060522245986468826,0.06122720666963477],
[0.3164758802816525,0.5542308719239186,0.7587529171692697,0.0210056558038725],
[0.4009609577229316,0.39788280519310326,0.9997436052212104,0.0461267988090954],
[0.7586781233923262,0.6515488521452998,0.26786234839101886,0.06835987180316401],
[0.44588886720603693,0.5963549669636043,0.6864464799905842,0.023153402461439036],
[0.16410798458271825,0.23111746182445725,0.14952589371659963,0.03598964067613734],
[0.6170657262722397,0.12382948445513176,0.8207561111147894,0.023290376150750643],
[0.4072045941644731,0.5479887252825816,0.053887708586990546,0.04771276894356029],
[0.1186430389122256,0.3117457408498363,0.7644559996977227,0.09217726168639688],
[0.7160087804752673,0.4870177771957669,0.12214000718946894,0.02172646804636167],
[0.9201769802304247,0.9025172293079516,0.4628643218821904,0.026907905676539147],
[0.9046351387468073,0.5497614257822055,0.7366238302346467,0.0344759246234262],
[0.11817401469692967,0.36856459985010137,0.8495890190302234,0.03386094894907791],
[0.8793780305428551,0.13337238523038142,0.3870954189520276,0.05215897920786411],
[0.19292518528015068,0.17298323800640703,0.42814244618247344,0.017370951197216898],
[0.08416215586205111,0.4988760921493415,0.7295265426599266,0.029343532471848913],
[0.22255209283094501,0.16572223513958395,0.36161717791055814,0.0313159468701679],
[0.3889570485848727,0.29038854143506354,0.6443181684975133,0.020928414909732324],
[0.15915390990210632,0.49657756050996005,0.16606160258280456,0.03005489937069896],
[0.20875991363459379,0.0801430753769542,0.6224534492690811,0.04429041090521223],
[0.4638812901541748,0.9135937152593823,0.9726753887354181,0.025143488085371188],
[0.7969222831755222,0.2690677868124288,0.6556119049442405,0.059331545639708036],
[0.5099534316850612,0.03877600402531167,0.5010609384861099,0.04152241868567019],
[0.39709695765493813,0.1379265154717304,0.3568138683703346,0.02477705682963844],
[0.6425962604482788,0.8013769739469785,0.9022238383377691,0.06900035457988386],
[0.015108423980863983,0.152322788528657,0.5835924998781208,0.027144512530205285],
[0.45083372318259796,0.09482450095159345,0.741789914587659,0.020333685613508623],
[0.2486259445902569,0.40508070284995723,0.18275954035831432,0.018394498857298533],
[0.7800825799385082,0.4737373246980521,0.5770360561438511,0.034388012880569134],
[0.48812080445985506,0.8473089575762691,0.8988897186354046,0.04293100947756666],
[0.917478246950077,0.77054017170488,0.7972639640096619,0.05243063132570994],
[0.5978873278821252,0.8078219299065591,0.7275029691969122,0.04530276820482105],
[0.2071620580877186,0.22768864797745214,0.2118181892413059,0.018568424394871295],
[0.24372192995817354,0.38104435288844973,0.3210910016641292,0.03187219861035063],
[0.04627993100905903,0.30763800680897646,0.047239104501544116,0.07665953141148941],
[0.8378357827206053,0.13596391223778126,0.6303237113015725,0.028627228273680624],
[0.73383404148947,0.2213147527601319,0.2833804218733673,0.03795163060914958],
[0.5506929396069246,0.2489489397235296,0.19772338754168783,0.01836364541651867],
[0.048719891725111486,0.11399902323116828,0.600987998534932,0.01985884865427564],
[0.6234891557874744,0.028835211760415036,0.009695876760759115,0.021716098882755067],
[0.47228690110805205,0.9928281599806803,0.11301132135431746,0.02173953205840444],
[0.6201850811842893,0.9607392173360041,0.3527521857560043,0.02772744665862211],
[0.898289569688876,0.11322723437893478,0.0906193937398464,0.033579672746937995],
[0.6502581592102684,0.3327398346602891,0.08938789642068723,0.03826420177000702],
[0.0912493285328767,0.907916312279193,0.60889887361734,0.027554683732246947],
[0.5120505055524571,0.574161350816694,0.6069650829269189,0.020148974811786777],
[0.8329329922490296,0.4358700939435197,0.7191070043509262,0.020935250199597813],
[0.3155337739410281,0.6978942849505788,0.09684761398830866,0.09185978236924403],
[0.2961428744676847,0.39766666683209717,0.43228225595649916,0.02489547196672106],
[0.4652150140819714,0.042407819369569166,0.05660553706264271,0.02590595555714343],
[0.5829360451314137,0.9931417882248026,0.40894017057239596,0.02522233597230812],
[0.5866947192733271,0.015165415475038913,0.31942796800559536,0.026255896227858254],
[0.9197748605607869,0.9600652510802029,0.7801635350423051,0.01734056759602747],
[0.5343086572587835,0.23812100898430366,0.7968791723159506,0.021647379066605438],
[0.055017656856688135,0.5070551700368943,0.1193386519428622,0.03306387760321219],
[0.39682715827834103,0.9930941972408169,0.6899110062272459,0.04347596328437045],
[0.3108785894953886,0.8401082989573184,0.7122937178181681,0.03669600566781859],
[0.9721841761221363,0.39733998752067934,0.4907656094415832,0.03649711813069013],
[0.396720169055808,0.05547035098038022,0.9647380714498779,0.030344596345679],
[0.29803358959032045,0.9529929991532741,0.17375229168191975,0.06721700800295145],
[0.4279779615141174,0.6155958727314365,0.7981922039141642,0.020950812414109468],
[0.7793840019501892,0.350296263964586,0.6037253333678141,0.019586310787696334],
[0.21036119885752402,0.2059302392952398,0.6010468862070438,0.04987915434375538],
[0.2815523324316016,0.9026692619053677,0.3424206887771686,0.049407280657787336],
[0.9746951952185389,0.7143126213217224,0.8399252510786572,0.11230577868114273],
[0.8991495440578094,0.5598903200441442,0.517345346820828,0.017864585514781588],
[0.7432914596892978,0.2826968858295599,0.4625264220770672,0.01967711827681943],
[0.8560040740493948,0.43815529627114647,0.06245814167504882,0.0199328092496055],
[0.011197333125699926,0.25936001687899235,0.40229048034898074,0.04911333057032727],
[0.32300387572102807,0.5374004666412677,0.9939466156203135,0.02205763331214513],
[0.8666883274993333,0.18853202278808512,0.4128360405707976,0.034832906343078805],
[0.19689859988608593,0.9663200279676313,0.5345054028794467,0.03683845233237101],
[0.7845498040507475,0.8829773761597831,0.7196093613837627,0.03187868761230285],
[0.5234428323163389,0.38058212515709544,0.4162678477488967,0.029203996588815083],
[0.20805207230917944,0.07628331679376588,0.21376731619999845,0.025067381339345385],
[0.8163892116174917,0.46813279540885433,0.48873562353208133,0.02111391422755949],
[0.223777741407593,0.12198639548734214,0.040902764992118645,0.0254244197148664],
[0.3111827523479659,0.38018166712615653,0.26537306233263414,0.03290762322639095],
[0.7218259012251589,0.7788395821249745,0.8627309744121613,0.07354728481292247],
[0.6111780555973626,0.8355248674615183,0.3568391180506987,0.027101986230433306],
[0.4355946191369211,0.9099911392787324,0.045119011143236465,0.022286048888312752],
[0.5206207361001597,0.6164950635744757,0.5886681370785228,0.02384899867952077],
[0.18259091874370414,0.10336185990848734,0.3650037194058573,0.021401017689734535],
[0.021181529134516763,0.32256658589884124,0.8192845624524391,0.06304332531867729],
[0.3795135059473028,0.7828612687319493,0.9723103095213003,0.037145531733063716],
[0.13622475174373716,0.372987212195093,0.13017172815052047,0.03100117490399512],
[0.7720585393090003,0.4273867886020922,0.34679152106297995,0.027276248193133977],
[0.637954978235252,0.725178863316187,0.9063593049705587,0.06072033863278757],
[0.25896643267046593,0.9760389230541741,0.32155993444472464,0.06851946830636374],
[0.4230878049263025,0.19114603402778252,0.1400927417859117,0.01967001431757113],
[0.04977021589851405,0.29578048928741263,0.3871548945325065,0.0493029334189309],
[0.9554188036596987,0.45627421861845574,0.5186211253619969,0.019066463192853662],
[0.36220831354868177,0.12470382541083525,0.32751338726975976,0.05901086890069411],
[0.1049187861360843,0.972532162107088,0.8756469817548208,0.239812492454965],
[0.9494591107487199,0.9689283399062474,0.8921628210514104,0.01968424147344075],
[0.4036054378368791,0.29105635378508776,0.93209195492174,0.02243028871073273],
[0.26000773268903543,0.5224951111627713,0.6247132350437795,0.024574936937284922],
[0.6793323900999385,0.8727120468501774,0.8324145879188707,0.03340577842139678],
[0.9357341594167012,0.6473749824530116,0.735030787565435,0.0456464400423299],
[0.6869561101591702,0.9573736209167545,0.47276478463961014,0.02932446808967038],
[0.8971469344403546,0.8695190959796072,0.947939273010181,0.06431475285330149],
[0.9115776374720472,0.8631955748069843,0.4849128859430071,0.02241083914789404],
[0.3620066345006775,0.6088549877977002,0.35271848913668125,0.042422277401341794],
[0.8316852621184568,0.5587258688752689,0.42703782653105526,0.026301650001509032],
[0.6659109686599015,0.13462608226309414,0.004383623845505835,0.032027000221610764],
[0.12166920072834508,0.30016769804433985,0.34041002133171383,0.03786750326345957],
[0.21489181382184586,0.8098212942405577,0.42675120293287994,0.02768910771957063],
[0.5054844665240787,0.028358822934143157,0.8132147510763499,0.02217370284171393],
[0.6132618417235162,0.7970087377943672,0.41953901688821127,0.029666614545234386],
[0.5447599190531551,0.1580949925334063,0.6251627285565274,0.02448574474755546],
[0.9207164250952536,0.5550122460081057,0.9266152861890257,0.023339633884265083],
[0.27228240293809114,0.0829545480453403,0.5508386559665976,0.02956072832069643],
[0.5052455205538066,0.6668297463630949,0.9415021577048601,0.017552964342354233],
[0.9907957990579755,0.8833285084675934,0.7544439547494447,0.04529038992182292],
[0.042806687154813616,0.40059268547188376,0.5953738704275038,0.022193082842520737],
[0.05137047048886856,0.6986996941385205,0.4537623871880051,0.029329251067101096],
[0.553882745590045,0.8276782439308598,0.2060550786481966,0.021775386140216638],
[0.3890463348022549,0.735350047392586,0.4157413685712077,0.025529570930593916],
[0.9131225305621787,0.43430112840972523,0.45460671971236244,0.018325083202695838],
[0.1715302648179392,0.6891775792317903,0.35706364542914437,0.050613519964204934],
[0.41819006318081686,0.7291265051839277,0.00019868153634172714,0.040350908720753344],
[0.7283158476403928,0.9598625830770925,0.6163831987060991,0.02603423379410933],
[0.6277231500037244,0.4919802404380852,0.995570784513736,0.02640611787171209],
[0.33837941263268356,0.33182480304063,0.2857004895126716,0.06484340487589123],
[0.24369872627745526,0.6012553727561099,0.7979627241832099,0.04464720122462259],
[0.13306773924311865,0.6702396296876665,0.29506752290238214,0.07037055193508085],
[0.7077212244933301,0.339786811753519,0.30752809520053825,0.03635298590795179],
[0.012486042061320424,0.7754214081979857,0.39559465860001175,0.06968648975996827],
[0.7663206901916922,0.9012398838479965,0.557855571155355,0.03190347191852685],
[0.05389477955867761,0.0796671474495918,0.382389249137815,0.025901824160382857],
[0.23991605443919406,0.6396743793376115,0.9549742684336082,0.051193031049721935],
[0.5659336644913355,0.6857240835449723,0.07792632248340703,0.01782935420254122],
[0.3422992347712658,0.6023976779309934,0.765431105240363,0.022431508554457948],
[0.7090134714763617,0.9065003305057606,0.7428802510057826,0.08130769798882052],
[0.2048178829505526,0.38408529852326134,0.08473236847527632,0.04411692277501938],
[0.11164673034451622,0.17060408560764484,0.13457882743884708,0.03608242672674822],
[0.6344848019718318,0.1328289163306593,0.2763536870330361,0.03603168078835188],
[0.36809912057113237,0.22618676946578564,0.2166037676434983,0.035666663205143126],
[0.6117908228502263,0.6129922480284686,0.35352790780880805,0.023731778752280726],
[0.6472460688375062,0.9661146291796868,0.003456510986652672,0.06965223027074305],
[0.24064492162772022,0.6324220106566769,0.7541817287306233,0.031651927988182296],
[0.7591374072601702,0.354114314081857,0.5848436089304767,0.023512081614855795],
[0.2341574124312059,0.3403042634277256,0.06320659952320518,0.055803877951780365],
[0.3753797227141522,0.5437856732217822,0.8908708527219097,0.0219777200557884],
[0.041419073504438075,0.5261732270844799,0.9318310575014263,0.019211708132151215],
[0.09355703191713505,0.2416828958577476,0.2824329532947061,0.019991127444525074],
[0.3421526157361193,0.8534445157088186,0.4343745043803581,0.03533923147838247],
[0.3382577509217355,0.46516152747233264,0.08039954619031175,0.02425145224558558],
[0.35788899337142155,0.8336593037213998,0.15720800143120905,0.06368762351275956],
[0.7792963853398852,0.716055939402119,0.4330025111182034,0.031922147077827756],
[0.57023921295592,0.5639891606469623,0.8882750956477291,0.026688131554493948],
[0.9742161072285649,0.6402324764567674,0.5146756739208109,0.02933635868343379],
[0.35584265975253493,0.9743900517931308,0.8186921759441588,0.0566949303752816],
[0.16079160699890727,0.597722403398654,0.22483256927428352,0.01893164808643545],
[0.8959969623328631,0.32357389334292863,0.3564672364821092,0.05587741651111837],
[0.6991070764561059,0.8653631845884903,0.615656574327385,0.01956863480496606],
[0.8858701942771084,0.5162024183661503,0.7041640448758492,0.029682718947258574],
[0.6409834632639072,0.3233159908693253,0.4502682666593222,0.028408236324218877],
[0.6984260470094106,0.24936102226889467,0.252080308605221,0.03582581654671998],
[0.8237669843221862,0.4020101952759888,0.617060259491,0.020924250357217684],
[0.3901585387974328,0.22637319352063967,0.6950632844245587,0.03741335576944664],
[0.810991545057897,0.738867494462238,0.5700656368382075,0.018735680316374126],
[0.7241080526310932,0.7212062450734887,0.5195789867609699,0.02523303843902692],
[0.2704966937520008,0.16173535288582375,0.6132330974737097,0.021792598242439988],
[0.67784305944116,0.012153643650770984,0.6640772190517272,0.059328647326420486],
[0.6746482458559996,0.40800159145264536,0.33407716452907776,0.0265499493418637],
[0.7497630896677473,0.38524484330998754,0.8280294624396604,0.029825182612692257],
[0.4422829192714339,0.14129344968194735,0.821935106506533,0.018251865916269337],
[0.5784824948556005,0.9199997555582922,0.8206680130245048,0.039169502677937326],
[0.6519245045506266,0.9346200292274938,0.076324754442878,0.060791523849787504],
[0.1704934551421221,0.31863138910467337,0.5721516665504449,0.021829389399874874],
[0.49570749702254835,0.4628942398402628,0.8328722064891175,0.033449583009401616],
[0.7216035496910942,0.24560333746297625,0.18662125407427577,0.05436158475130749],
[0.7246175148114032,0.15528566732022098,0.19414106542019927,0.04666665178827985],
[0.5804578385590663,0.10337736989816149,0.7550411888001086,0.027709623185041762],
[0.35156178865738064,0.8783249056774324,0.7766150541887461,0.04390294069607176],
[0.6626193663344808,0.7462414296438914,0.7096990193644578,0.02641793807625486],
[0.47569261946632324,0.11447893973380519,0.7268402781833675,0.020380311787358718],
[0.5433055256622965,0.28236854307156145,0.6336675416649818,0.030562242226609783],
[0.964928906236226,0.8345763866028911,0.9584067122377032,0.07216355197152227],
[0.32740421497451444,0.23220520861672245,0.33124850581430065,0.021704349452951188],
[0.5247065420995133,0.756028827891939,0.36901178279907243,0.02322179469518977],
[0.44277248575370387,0.12268806677999822,0.6814904740199738,0.028188726472411607],
[0.8375138668931009,0.37330030830454153,0.3708671513176224,0.03046230797338905],
[0.8863660201291934,0.5280463076195929,0.6767672551482471,0.038611275715810585],
[0.2670307990418963,0.5612718048040611,0.40441387588442623,0.028020605617590066],
[0.6729065113070617,0.3067584269639927,0.7415656319708321,0.07873298567055008],
[0.3389272480423995,0.8580039913414936,0.2646705189472093,0.05210104655009748],
[0.2872975502573696,0.10410469524634602,0.27153410430304337,0.020534417432526257],
[0.4777041781779183,0.48832203083588843,0.30234501082016874,0.02740195782019479],
[0.2345785412254351,0.33343140436308705,0.3222337346939691,0.038468710656468987],
[0.8039514960765898,0.9100563048760288,0.7086872181001717,0.02734686830619016],
[0.768504187784808,0.6380660079177106,0.18524479090153334,0.04460872242896344],
[0.4664055211036301,0.4602750266202186,0.3763200607323416,0.031222876939675723],
[0.6173647107433456,0.3159600388209479,0.31427703360397286,0.02915375753432771],
[0.44313683960842987,0.9726485202371061,0.022297596688370058,0.02256420006391923],
[0.6076924252268288,0.664473612973558,0.31081611696541944,0.021969876620512648],
[0.8318472364835974,0.20421919568165592,0.3713678311957793,0.032424187315726605],
[0.5503839070397747,0.8885621987526103,0.2387216925210941,0.028734839490071537],
[0.5602367780490309,0.5648886395165044,0.7424505588079353,0.0267518503454625],
[0.7719431608508249,0.07943830510586525,0.314927675436911,0.02454269366260848],
[0.07401660955821876,0.538853708092864,0.6325236900872863,0.02249799866852987],
[0.3969499209164007,0.567221622272228,0.686464777032221,0.018434057257140056],
[0.8209681418562476,0.9696404285048904,0.9608313146826022,0.08879939926934001],
[0.517138425510114,0.6186429017787869,0.08597372965630057,0.02862430201636034],
[0.5203411708532077,0.4137379396891466,0.14605994284572066,0.028669785053489105],
[0.8973482459468429,0.6352437642671145,0.17812548212798385,0.044691094319097825],
[0.6526956808415578,0.7942926727624549,0.32864950197967446,0.06649979018382832],
[0.42908845475568247,0.3272174040536614,0.7940888565502906,0.018130199940553253],
[0.3686871875836013,0.7432104390619608,0.3130998920545739,0.03229820209092198],
[0.16469081904046223,0.8713386701981036,0.5395271341182994,0.024681802982050874],
[0.11335552962374229,0.46253078970654626,0.6478229540254209,0.01720932230826041],
[0.5065076739305211,0.46116951365085546,0.28821871555893175,0.0195557801603242],
[0.3843668402901512,0.23183497182292523,0.031975903703940656,0.029101256195857947],
[0.3499543792476364,0.3780793035412269,0.44091300167921177,0.03013362103773297],
[0.5856867247705015,0.9959778054861353,0.27895548525984504,0.031197864941669422],
[0.8275659837701982,0.3251138338137459,0.24407943618267058,0.021028855772716175],
[0.6430431958512506,0.2686095132392392,0.34281203438921226,0.026132385213122736],
[0.15342183962298572,0.5313932512216586,0.47579995475615966,0.025581025551527567],
[0.7014768416707583,0.6777112789164678,0.7467184659007721,0.019075003764137004],
[0.4949915890444324,0.17043359858253515,0.9855224276727127,0.020933435954898334],
[0.4846326062800055,0.36245800679359064,0.7948286641908324,0.017265391290764702],
[0.1888670348530166,0.8405152635331035,0.4409004489404439,0.030275039306720167],
[0.9738379570451147,0.18097711115874182,0.6042193788197698,0.0457209189849383],
[0.6240006338101616,0.40089333634135194,0.3407630734292859,0.046261119926078065],
[0.26241486350510945,0.38539381355896396,0.10682160858317713,0.060777609023901474],
[0.35377737271631027,0.5647648725963215,0.5373782147502686,0.026492629337679006],
[0.4097700549130997,0.12413544447886737,0.38985318329376206,0.02119005588191336],
[0.05335275503772019,0.3262575005486603,0.4804664911815628,0.03558687972746988],
[0.12229502594472308,0.433683035733629,0.6578609796655513,0.01838011842633222],
[0.5812531612462387,0.5811199120294439,0.7308803613490619,0.039908764004170406],
[0.8052039371209205,0.17215378624561084,0.001037064419986633,0.05261678806232814],
[0.5550990962241543,0.251421871946638,0.25496431438895384,0.026439354739175996],
[0.8199326385486722,0.46986951829806034,0.5248945964926892,0.017829915473702475],
[0.8889019369996584,0.7692204548952801,0.38285894486665284,0.026877624297446737],
[0.13156390093573578,0.25801417254743264,0.658546768665827,0.07027035174196467],
[0.6461171224787698,0.884493614202676,0.8789222743317509,0.026871604480134592],
[0.9834299710872757,0.44083631073562923,0.40632850367446305,0.02721642559247974],
[0.5384265533480254,0.41586265903554653,0.8968216325514499,0.01973906216618934],
[0.37026590463679676,0.038088276290307754,0.25926851206522417,0.08948719230845852],
[0.4459569438891666,0.5455483965040673,0.604255587372874,0.022060090370848738],
[0.4902681530578473,0.1118527586765321,0.7085337964138775,0.0299761647540316],
[0.14354069080940546,0.9026071088228095,0.4290190177520491,0.02084868869941227],
[0.2665077350567693,0.1265998362238825,0.5797601986374763,0.03424158275867609],
[0.8430118694676677,0.21327695907570454,0.6437970939430209,0.0588474453213164],
[0.5637394524024297,0.3562080874771143,0.1674169122891236,0.02287860220684687],
[0.7326913943491223,0.5425596968330589,0.03733548968928102,0.01824674458563849],
[0.7253936247928435,0.708187543096644,0.7181181450112705,0.025369635939779485],
[0.5905921727349713,0.5940743177740919,0.40718243375810026,0.023784851756663644],
[0.4463655557728482,0.23009258738352578,0.14355848667663584,0.025980324734447995],
[0.3416816628249255,0.34010717706432625,0.8483466727596425,0.057112065576453847],
[0.16588160828670773,0.4032737917271666,0.18738709814210686,0.033536447332700864],
[0.9985247514808563,0.5731304027306978,0.2709487929378185,0.017285459954622072],
[0.3178051925201789,0.494822654463395,0.2031541804712389,0.017489875152976765],
[0.7715617955106424,0.880876684618926,0.7899841734453708,0.05975839239989744],
[0.1418955247155258,0.6010290645403219,0.8181808953820511,0.029895729254042637],
[0.6166023247887032,0.33535168269430493,0.5138873260715552,0.03294559946439315],
[0.39408959979052494,0.2897440549901811,0.35329833792699306,0.032760013811603234],
[0.12917191077025492,0.46277616307846237,0.31845214488807105,0.020003413600444886],
[0.20030051006262373,0.4879947595557621,0.20445023754880987,0.029557744429774664],
[0.9331917882583288,0.45649323573777967,0.5266015589369253,0.021087136034233817],
[0.6555954785299948,0.6474570099850043,0.7826780723617658,0.05161422051536835],
[0.3753564024326199,0.761164258848456,0.8828715590850646,0.018956465076196347],
[0.8633308876186974,0.4757123966022374,0.32129622738963803,0.02194542658061248],
[0.12758876828396948,0.4865537571215174,0.9726668054764874,0.025207931081707366],
[0.1974450318189922,0.6739611580024988,0.5685209578853345,0.020348614976709534],
[0.20301026451445137,0.3272767384097578,0.003403614987947612,0.06338731027566868],
[0.9030060614808125,0.19439661068273806,0.11743080104131964,0.05665983318761733],
[0.8741819667820437,0.9839298566973023,0.7774848241497458,0.02296511156470181],
[0.054103939911336885,0.5010769552846414,0.03981552808468891,0.0184552827191804],
[0.5325565915473156,0.3080051620590989,0.3592707737633002,0.020792228074150522],
[0.3555287432237275,0.9888475595501861,0.09484949528805187,0.060081966543061804],
[0.22736491347769472,0.666076818028903,0.4774639343595366,0.022438421877412622],
[0.7870811976565529,0.9083618638202627,0.3259384067138811,0.048544827781042243],
[0.5941080400689801,0.11804847476718783,0.04578176184021854,0.023562361460708094],
[0.5208565021313136,0.5851524633711174,0.9295253901031754,0.030651115854372885],
[0.501130178736272,0.5184027632358335,0.3781965777791544,0.030323169826459752],
[0.5894446091391801,0.13612224525928684,0.9959921187291528,0.02860510866640282],
[0.39455373475261635,0.860252805649077,0.3897314406149438,0.021719600481966195],
[0.17988294488167944,0.6140277875489173,0.8339715263448851,0.05157265128101879],
[0.13214577341189093,0.6054689253508906,0.7232447306325182,0.04264875511251207],
[0.8504570198064919,0.6993370865781773,0.9997656437129631,0.12698203242502032],
[0.6668984266914034,0.5716721182678298,0.7150010040063416,0.019078922850725877],
[0.39718349814022647,0.8058206507679533,0.443697231494134,0.02504338590151528],
[0.37065545672912215,0.3831884076050568,0.31179675991535827,0.023683600537055573],
[0.7858222384278241,0.006153077485147929,0.5021244072764903,0.03402161598160443],
[0.035986262927067636,0.6798916476661592,0.9928759788758708,0.08760513407286669],
[0.5177769806410015,0.46758306210783174,0.07223553605493904,0.024314337749564922],
[0.6152700345164364,0.8867648353141789,0.9472183952075337,0.05402946796965993],
[0.19601102210936638,0.3064846941922108,0.5413350425192954,0.027702426385756047],
[0.31510141538864855,0.5877076480827867,0.6683651210189832,0.02814632869593555],
[0.780879143412301,0.3516463006956787,0.31566903085717124,0.0370805081782501],
[0.0480367618066192,0.6681064515688238,0.6018853872990895,0.035176481323091695],
[0.6063772049302951,0.6226331567916517,0.5798927869390826,0.01933289831184394],
[0.667531971233788,0.28516702514047176,0.08550693157393463,0.034729684367657256],
[0.28668931344445125,0.05932618828693503,0.2259366059686816,0.028618130670632923],
[0.7426533045765562,0.07911473931623669,0.343251214332459,0.05281216559490569],
[0.7422328523479977,0.8563596677337486,0.6316634277083679,0.029047108310017687],
[0.18745650796080804,0.3990991456714651,0.9147384597416263,0.03993180955863481],
[0.4993590781250513,0.8026786788271373,0.10775039892075755,0.022340621983386356],
[0.3371907365982031,0.8652477228783092,0.9962387970696782,0.0475176715530799],
[0.6711442962336339,0.8067759153533484,0.4256789067153194,0.019182653859931925],
[0.6074607059578429,0.955547298941568,0.6572825835831283,0.04547027032669765],
[0.5057691362993862,0.2967367475865824,0.6513011779539424,0.029688406786030554],
[0.8455768460053809,0.21761986739515748,0.08596086031495043,0.019035218236262336],
[0.46332123778891,0.07822161411223982,0.7479880235273773,0.02673030574275928],
[0.8148838584264023,0.381164489970208,0.17491272440289285,0.027448755009530562],
[0.2801110079019369,0.17908076539697992,0.1230257285891625,0.03014499513088382],
[0.15033994270230677,0.008271203599548027,0.2836697029520461,0.06387336775497716],
[0.8371722331340107,0.13090674992655738,0.2310746831853947,0.02251505212323366],
[0.36914416104654113,0.5419506836123976,0.5402925116562985,0.021836768840211282],
[0.7302150635645035,0.9895230361260549,0.6705423675226793,0.07245165209524183],
[0.02313576293164843,0.6703299803302579,0.4728196391433759,0.03254174279379105],
[0.46144632268707975,0.13231339562280642,0.49046169287345276,0.019796809304188867],
[0.3865196295156439,0.537928317730083,0.7260314454505373,0.026985231139496524],
[0.5639341944995946,0.7726563961582704,0.7636475212092544,0.03231570024505616],
[0.12437463703138307,0.3523235604335401,0.24112293907378657,0.04324095267061148],
[0.50524164109418,0.6245129990781082,0.9523529212089084,0.0247839721891465],
[0.5143015019267753,0.45395974679970574,0.6095119507499308,0.04133693761780119],
[0.27833602175847383,0.6049932302543869,0.4029696681546181,0.017604249851266372],
[0.8298306781251499,0.19832951324105985,0.5625207711979268,0.02976066380662954],
[0.5243234263269447,0.5176578290855455,0.10230437213786658,0.022254384857119176],
[0.20309875928909227,0.37005362144020704,0.31330417740771754,0.045020337286405816],
[0.39743297338066297,0.28385949590318893,0.18115442086635214,0.04810967320306443],
[0.1981852097061757,0.6369004758318499,0.4734637282713917,0.01903649414900621],
[0.6781822216915487,0.9433734302994197,0.8525220241562257,0.022661763997360328],
[0.3362837219209863,0.6003267568754123,0.11608852594498054,0.02593104525374959],
[0.35036524771864996,0.711099106625278,0.3224512791657934,0.05083814682552243],
[0.40907718127864523,0.31181408566367474,0.08529225651422911,0.021428188884339595],
[0.6663024283825724,0.6336007235390676,0.022402197996905904,0.03525241300694883],
[0.3253828142028178,0.6803247871244149,0.7443642786243561,0.07951240079713967],
[0.49418476448250237,0.7179335845292351,0.5046313802707116,0.02230348115200062],
[0.9959980492156283,0.06932122346234881,0.5178959229276681,0.04254453171964613],
[0.6103667738880075,0.8325066203762601,0.04915329261816381,0.035278704346380446],
[0.5459541028530288,0.8703999063963915,0.282283212343159,0.02533265749111148],
[0.36864365213350136,0.6338782680667318,0.6542586399664017,0.030863571087203556],
[0.604363864790261,0.889236256432809,0.3781741729027921,0.02638326790475768],
[0.6024669576581553,0.797390339743129,0.7909817499873654,0.03349143063382353],
[0.8275162180985289,0.4109950435655575,0.9702225324612922,0.02695796246939327],
[0.012277098863361813,0.24593302720676236,0.11998149881207665,0.052491383646288414],
[0.5821189695083586,0.033410817412372174,0.7943842156746695,0.02604759035713506],
[0.285661737423764,0.013454331158267108,0.3656284128618663,0.03769210678205191],
[0.6045386006261659,0.5233466269458799,0.9948504743895461,0.0262176665296905],
[0.7238906957497582,0.7418460759957174,0.32011498746487344,0.08747170813476844],
[0.9026143975985808,0.34821446256167865,0.24683668533094516,0.052768590667388635],
[0.6400533871606033,0.21564568725518762,0.4555349841721381,0.021384117352844755],
[0.8667867505437633,0.27993426173182345,0.4261711361706477,0.017917938494976263],
[0.7396725793643789,0.01829439685388068,0.6696703948642914,0.06604588665906587],
[0.9804528002098931,0.929774911576998,0.2535718559291975,0.08685435820850772],
[0.10548941025735803,0.8034777718353785,0.5627546416064008,0.017612414619321497],
[0.30486081631155815,0.0006130564425529395,0.40596829176236293,0.02117860114820993],
[0.7313255057897935,0.0005444717275207012,0.2263774486668475,0.03298903675477778],
[0.9367470376361043,0.5592109880864958,0.6461111343253695,0.03585287704495111],
[0.7311923980088347,0.528624352262346,0.8264431389084884,0.03228398721783667],
[0.030086888284183044,0.45634435736549894,0.6808917777876291,0.020114288007401594],
[0.6802516600433308,0.3821009187511336,0.6868052767232787,0.020733042944628376],
[0.06389039496666282,0.018060117122921326,0.491256770370347,0.028177266467889817],
[0.6144989059274476,0.5822430728909714,0.8222307998811426,0.023996459956951793],
[0.5602244289677296,0.13261740035073766,0.7066902942526206,0.023645161562903964],
[0.268505275294184,0.8107899201705581,0.46162711123847944,0.018675709863037723],
[0.28768254317920916,0.7470536494741119,0.35857097618492584,0.05374648739425161],
[0.8979663936957322,0.9329285148987633,0.5350606231895912,0.023315565709444236],
[0.5319138842633155,0.013646715179167934,0.2817160469947444,0.021549915653919977],
[0.9021052764790476,0.6839312981703798,0.3702308133944402,0.037593141982984433],
[0.756004227496285,0.4149497715843591,0.3684626175074589,0.0380816855844151],
[0.292100346661161,0.4841012429283441,0.30903909260771667,0.01804176219147733],
[0.9609936604396577,0.6135651212373582,0.21050126910762024,0.020499912745543185],
[0.01954312263846203,0.677964890188623,0.6629356017911087,0.08121238051515031],
[0.49670785457190525,0.40456838845580045,0.3804063386741747,0.024216977733653465],
[0.020512826056707234,0.8472798868581586,0.46098046048909336,0.031037106104281384],
[0.5287331223948416,0.6297608325616796,0.23496731035286256,0.02255427618401632],
[0.1744338209483104,0.34591808523668244,0.13442879411141817,0.017138772526748183],
[0.5893813758458875,0.8965444076437618,0.2467484449622248,0.0350919578215187],
[0.638729263953142,0.777980893587888,0.5140333144635334,0.0176482642288042],
[0.9178627893404109,0.7472936657065783,0.5097911638870639,0.017149703126930246],
[0.4034705981849037,0.7088443163114679,0.7183901032105132,0.04165276789516676],
[0.969686398439349,0.3244343484612219,0.6606894393113464,0.07432337060216627],
[0.6847580752678721,0.014127335191325252,0.0623127212772997,0.06248212030094742],
[0.846201573989396,0.595028257419938,0.30761861498160337,0.019031313811311276],
[0.20334430383286062,0.1531268009249518,0.2405523205873492,0.02989963006410716],
[0.016641965781244772,0.7643444598862689,0.9722010605301797,0.16708616231720264],
[0.39178207100359985,0.9382760365162155,0.7766046331064516,0.023229549012338396],
[0.9334376494586583,0.9447298411491225,0.9200272438521856,0.024892915723804913],
[0.4566013746690637,0.9568931567727953,0.2072024522637298,0.02809582221857327],
[0.38903437541283314,0.2901853335743807,0.9767099415365951,0.03448414341113962],
[0.2369012127781217,0.048946148891956476,0.6432594589946165,0.06230237350738914],
[0.06210315373874964,0.4440694277506766,0.20127581804380612,0.022684020910985814],
[0.8870588589109888,0.814006544408082,0.5554617628869503,0.020882959286313972],
[0.09165791155407321,0.6337172487373465,0.6984773303860483,0.032218596917229315],
[0.3203874511668816,0.7741577674230883,0.22360739941919894,0.10624629071424506],
[0.13703204037472017,0.21158336046937976,0.5959383982880438,0.023662637046504266],
[0.5006993912073224,0.49381890300954,0.0056596293772878115,0.025023835921535433],
[0.9067007920328817,0.7476004941682054,0.6406236715548783,0.04592713504937643],
[0.9561054960759915,0.5312503810484123,0.07851823096343802,0.01897384799616513],
[0.37556839106997986,0.1953827207761345,0.9429227018967359,0.03179860912985057],
[0.4005300596994762,0.9704261493262858,0.26668589958760713,0.034548666080673376],
[0.9084257278455243,0.5858481772168487,0.7184104214285837,0.02604713513786354],
[0.06594615229561629,0.7478983862526264,0.5968885472065663,0.021267268511014785],
[0.8270949981520724,0.9178242220280678,0.27703431033822734,0.035159054942366146],
[0.681087024928042,0.4162251012705145,0.4431214085373242,0.02704938003529654],
[0.32939943304342,0.5595663428934424,0.5929096480648088,0.017611780583384792],
[0.10857210359618341,0.2997805043936098,0.37989846331858235,0.03887049969666619],
[0.22682634422468395,0.23653137573096383,0.32533232381115973,0.033527933153317105],
[0.9588264335425959,0.3985134484467988,0.2172049461705915,0.028822885353150307],
[0.8020081581900369,0.033607993108731304,0.4320285602150573,0.01779518121510721],
[0.47819970922191135,0.26392068907426414,0.3048259367566678,0.028988148938269592],
[0.5170868637147277,0.9180048270114604,0.7484819782121903,0.03259163331518544],
[0.9403443707182159,0.21403100319759105,0.6438812600201939,0.06036478853580986],
[0.13091144248169484,0.7564107760839804,0.3183659565907726,0.0742087346599677],
[0.7946078429302985,0.30837008915527975,0.36840380722163313,0.04227432193264299],
[0.10376299929598143,0.45825158891979123,0.7400144234620247,0.036873981746281044],
[0.49102032063887036,0.3060380220520523,0.726701233452555,0.03305997181229799],
[0.6260493482521292,0.5306337161258641,0.3510762039091554,0.025763683220813308],
[0.7739200120549284,0.1765611164057902,0.0962506621594188,0.020274678879468114],
[0.02688258032512203,0.39392985502801003,0.1297930847699288,0.025779298608521357],
[0.9855923474604263,0.6950593459389958,0.9764448761521342,0.12994686142618628],
[0.6185541580757559,0.6384990859448275,0.8350929776980479,0.04143605222688676],
[0.3044691768687179,0.7633119216630783,0.46444368927529556,0.022776324627364813],
[0.6634811188710396,0.6495973784864436,0.44144242420092583,0.02004586621167998],
[0.7684630089855162,0.6203699558181298,0.036710585988503075,0.02064596262719734],
[0.2636640197871566,0.4971784374399282,0.37312464918480204,0.03194409658969304],
[0.09457012861915037,0.22203541074225885,0.0999528198128885,0.030059679284146885],
[0.04437421317355672,0.972943896553624,0.45154266731192294,0.029270758993210265],
[0.48978153537384295,0.09114895096409215,0.1976173171874327,0.03219506395221305],
[0.8155708228256583,0.2731324465587147,0.2672655352112403,0.02329252261801175],
[0.49249320445948386,0.7843714509296378,0.3747645738291717,0.0200456061176556],
[0.9722271279858526,0.16802554147264404,0.4939606173492216,0.020974615009860108],
[0.6598340588513024,0.40105651842730816,0.24358062425861304,0.01907131585310208],
[0.395626905990488,0.5143777641561138,0.7932681916672073,0.018625327602964918],
[0.4095106403123848,0.5671431439689317,0.9730018146175646,0.018106436469287515],
[0.551807666397757,0.592504139920106,0.032617118956091984,0.025303633610949033],
[0.8019865578694204,0.4472218309026379,0.010221800496678535,0.0324791409572303],
[0.6678175960622151,0.6878575815688254,0.8217906503082643,0.05245583529876707],
[0.010846935269010816,0.6895209500841587,0.7761124967801731,0.08698041560973618],
[0.7002854077385418,0.7513996825798994,0.5367774680966926,0.02462922805224045],
[0.43617985929307557,0.26489637630421337,0.3420416783583503,0.021067608755009196],
[0.3044680643330804,0.8525391786863404,0.4828141874859859,0.024665862916455686],
[0.7703702251136123,0.8183854909129573,0.752785507058331,0.053312210591729275],
[0.39394583651725934,0.6882238406524808,0.1827385828610586,0.027102143233775244],
[0.8503021753258213,0.6307781329484522,0.30121885283849614,0.03860860955538087],
[0.6931028120449538,0.5752613142956441,0.6560202868380387,0.031425031043775184],
[0.3916438310708853,0.6583487063766839,0.029369853767798104,0.024283886499387577],
[0.7498213269502273,0.8594037168492438,0.3495965798492443,0.05804332287858047],
[0.9859691790985562,0.7344926234369,0.6041498432632987,0.019981505300753787],
[0.7403258650265214,0.13549736944904545,0.38269143636612357,0.030497252651344363],
[0.7328098958396527,0.8206986560494269,0.7134733659830247,0.03160070859224949],
[0.5389837917810943,0.5727993134818136,0.9527980592402938,0.025068053005817645],
[0.978982004761031,0.2345700244836919,0.4037244690041376,0.03226878914130948],
[0.5623399354778658,0.4694732576057785,0.8746724798204605,0.02101962256156905],
[0.26251411394859714,0.7569673966161136,0.5975148672748172,0.0186595975800126],
[0.11385932198364335,0.5003151093602046,0.350812617303352,0.036449098842638056],
[0.49672775597048735,0.8885842134659536,0.4079877660427941,0.03362204155837369],
[0.9930441671391549,0.38987484163658326,0.3477774603931456,0.017011535681310086],
[0.36209755056469617,0.9436010538846894,0.7709473749937262,0.04029771957727845],
[0.5252951494739538,0.3169183905810321,0.379171527643113,0.029385979007235198],
[0.4777657901151854,0.5557083217684727,0.6256641989032613,0.03812911711396839],
[0.29591457535740584,0.7854098441379931,0.6751180317155682,0.062340717202260296],
[0.20020646938723308,0.4004454557235211,0.81855154101052,0.031318385745454626],
[0.12292503965813517,0.6698439754934885,0.6037468428181796,0.04555193441831093],
[0.966200244231956,0.361636895638637,0.5757281422744076,0.021712384475223383],
[0.9837703802090493,0.9123848293930059,0.9297023892653387,0.045526863233283796],
[0.25867699982369485,0.3281882000449191,0.4703322825453353,0.02025139303886333],
[0.5269848644715505,0.055406070845272715,0.4644318768555862,0.03714673337531725],
[0.7405466590040612,0.3664412064761312,0.03522255412310438,0.038901222764855026],
[0.007404927659953597,0.14283024456580806,0.1443608652645999,0.04256490583876325],
[0.0362883536569536,0.5731479275140183,0.9886601079796038,0.019625118817727542],
[0.6638411368643056,0.1545667516232775,0.7989128165509698,0.061104584907724815],
[0.44196425594715283,0.20952161160499638,0.23923366665132662,0.01852215381793125],
[0.9956140561082281,0.8931007974689212,0.8243980094471008,0.030468863275268862],
[0.5403548136050843,0.537598443231773,0.6788071010568749,0.02719815939245581],
[0.5019355869549423,0.7305046261110061,0.299699877341998,0.02422633267845202],
[0.47145915789441684,0.4773281021847613,0.01425585310245392,0.0328490960261655],
[0.9505514437420731,0.4546163747273474,0.7953831935236066,0.01860367559971786],
[0.6367718754443595,0.9360782755326148,0.5364183976506814,0.01857576840215719],
[0.6532471092877807,0.4036707144286751,0.571246116425587,0.020432724096866833],
[0.445836672874533,0.0524074202655016,0.6578586443487774,0.036314748348816574],
[0.6979524226137521,0.35091228546564723,0.8278358765247615,0.07001643358104559],
[0.3470027543661839,0.7454221295837538,0.37529033340024587,0.030170630945196175],
[0.08214890943484399,0.5357462921563175,0.016357781988316944,0.043296531260096104],
[0.34224651706157216,0.2723409875725641,0.9202422248612071,0.0541426973086878],
[0.536869659505498,0.9105770918123219,0.027995882983456455,0.023661403960678368],
[0.9482638077597716,0.5641605764308989,0.22591773210638721,0.0229174357030578],
[0.3231028035184662,0.17797663765282679,0.3493116599559424,0.031413991988334326],
[0.2703886187093454,0.8889636980883974,0.4497918108558282,0.02072877405368633],
[0.4403492108439492,0.4962124894223402,0.10918771402233651,0.024956315882915456],
[0.4971597940437449,0.47559133623673877,0.9510590835380733,0.01855105587286298],
[0.29629863614494856,0.3187170974326302,0.5484705105949543,0.024804867213789904],
[0.13225015966504572,0.6745084670200955,0.43911939375077924,0.018054548307868304],
[0.8153954430223529,0.4952541702385135,0.5365605992729859,0.018460090931148816],
[0.013669016329216244,0.7155171617297392,0.34785530885541227,0.059686973159223985],
[0.18025269647067022,0.11214330508187142,0.07985944972390824,0.027398504038618723],
[0.4146397190455202,0.30793752711164935,0.6883867944107137,0.018791303579692442],
[0.033133902415820926,0.3913123190935598,0.6904097865658692,0.025181540321870068],
[0.9557805831034574,0.4221139194333914,0.43314903449934405,0.031181557323503854],
[0.9953939422921416,0.38783842793039014,0.062420785271915524,0.04457599249334858],
[0.44198926743590006,0.39513118555422544,0.8487364120212572,0.02089955702478171],
[0.5384488971516834,0.5736005181298067,0.06581080171394027,0.02002455279071448],
[0.9862008275550165,0.18971104540827854,0.46764805092370687,0.027052844045518616],
[0.26043023977741264,0.2672540250865004,0.5969576963688514,0.028775995553452123],
[0.9420673039320095,0.052887058419866295,0.4998252521438633,0.03303076831371385],
[0.5505208931833716,0.5771804152419442,0.7047937814096972,0.020779770520261358],
[0.8213296996208216,0.8569946519161773,0.7447874372847484,0.0424536540921962],
[0.460827198436656,0.9499641614446298,0.46465559537565226,0.023477681715429494],
[0.5540506812070018,0.40248126711053633,0.10158478077969246,0.020209616590602983],
[0.2421660658906578,0.37118893203209413,0.6366378185226139,0.02249234878883711],
[0.8162429169792742,0.37304401140886845,0.6578376450275671,0.037097774364446896],
[0.48540155513964667,0.6301640415382357,0.37218386776550716,0.025769349972281246],
[0.36217498733640285,0.9955660444023553,0.554257367163771,0.036675670174979365],
[0.8026448095267881,0.8327018645613385,0.6410344238991635,0.041885191452816405],
[0.8635993833652758,0.5290135428066736,0.13931528338536514,0.034932520574725116],
[0.3674681899990462,0.06762359857742473,0.35226753903795116,0.060455695656612685],
[0.8387759232321222,0.7048023817750066,0.2953753160548436,0.10265265407828701],
[0.6256687005093955,0.04447338506381493,0.7625308194711876,0.034268749938062705],
[0.27519492500204057,0.6267213797700102,0.3349900605378604,0.05102730700495503],
[0.6435710531173587,0.14103734240529398,0.4579799184705323,0.02000533725223419],
[0.6230989257815122,0.8139446894044545,0.6832211611198044,0.025421861305153073],
[0.8100630686061325,0.9581660736726058,0.6954591819195445,0.02595083499509849],
[0.5883488205086667,0.6442046348796661,0.44422775468348663,0.026211735524046036],
[0.592742493376349,0.9352808301419507,0.8994727070519236,0.03754213137018358],
[0.5290261788234839,0.6187180619650006,0.9683309344294269,0.038797347099023584],
[0.44050867259704407,0.8225141670076708,0.77560539795917,0.03443575130731048],
[0.4760448491688871,0.9479762417993184,0.5458213442394255,0.01998100683728854],
[0.5580591563862266,0.44710963895133504,0.8235982093517018,0.022672591661610765],
[0.3958875944532686,0.0901202735072919,0.020520355896874065,0.03314522718574574],
[0.43750547204453993,0.9550668353755093,0.8223443811895348,0.02882048118545369],
[0.538539459250152,0.41245425734056307,0.8011192133660908,0.024624675706903153],
[0.6344426029724463,0.255704869676173,0.007867539232167098,0.05303454589590996],
[0.6644344092548199,0.6065593711120345,0.6427226688940119,0.018668779261734325],
[0.450984212411515,0.5350208317514749,0.4004947844363129,0.02733140749908408],
[0.510968847105753,0.7645228825732684,0.6284368580618652,0.01945336706593423],
[0.19474344742338523,0.19938289346681937,0.02426417331179964,0.03909170421702518],
[0.5174604296923301,0.5863247833291093,0.8938705693514837,0.028312738729984237],
[0.6805523973490802,0.4657945333088902,0.027667927282045146,0.042995974636877946],
[0.6009915760364317,0.983500472337682,0.5602803024908656,0.02928168568302287],
[0.5806787614140697,0.3824505553408982,0.6557875401650717,0.01983888522488632],
[0.39915439828326393,0.8251059893945066,0.29129002791611336,0.01950604300826203],
[0.5494251484800091,0.9108252571335148,0.30655181049143576,0.02055236172077069],
[0.8427606293241556,0.6139472853826932,0.4323583863931868,0.029383583240612403],
[0.5034538852863251,0.44918733494564456,0.5312951249437903,0.021665626929980482],
[0.2628157104664668,0.5605324868653891,0.007823394272967077,0.035488684190662874],
[0.5613090021240565,0.5196908843076378,0.8841500652773149,0.03736509975814203],
[0.5960323126248496,0.6446148405546493,0.6942887003098388,0.021892333718652505],
[0.716065969946709,0.1552734723950545,0.546644073630015,0.04216191090322361],
[0.4083778487075097,0.535322313303128,0.48035171608435834,0.017648263484848936],
[0.8334921191789917,0.4865097295136799,0.60296136807158,0.02833736180418943],
[0.28365023941080736,0.09008700595422858,0.633248271757222,0.056827895109770876],
[0.8238428310372939,0.22653247806811116,0.2994027974696305,0.023830068366675804],
[0.12460979455944199,0.30497039455734687,0.2557269413082134,0.0228086064712347],
[0.19602584617445062,0.28104111363502127,0.398045408381963,0.0256915937106384],
[0.6169748290132452,0.19664756731349087,0.2817131857384879,0.027459269514965343],
[0.4591592663042915,0.712188791160181,0.8245270738071095,0.01823046784911212],
[0.6268506340973485,0.3619259543331117,0.3862777490806407,0.029681545181659094],
[0.8071782067546622,0.39339464247686173,0.39815780207451423,0.022946969531141108],
[0.6749677840442695,0.2525815334047341,0.3944451224361575,0.03543196005693872],
[0.4278756547196144,0.7114061906640977,0.12544401583317555,0.03253210961731238],
[0.36488879868502677,0.1974022538566389,0.9025853576418803,0.035209039907227235],
[0.6919665346971446,0.04053825577719561,0.7263930262779386,0.08829072624599836],
[0.7075426252020157,0.539776421317177,0.681701391562655,0.02810475423796096],
[0.924483430366396,0.2847487149476866,0.10321954958284285,0.03280672952066555],
[0.07705760752877466,0.5107205510436033,0.19770323695982306,0.023907655739605738],
[0.4784967477533477,0.6268383240252619,0.6454303121168211,0.021020097297398024],
[0.9546348104410332,0.3357068956669408,0.5735389191526666,0.02193752484142312],
[0.5718673394600484,0.7367908383927299,0.777354554479839,0.01818115363858617],
[0.716389628100681,0.8808427538763122,0.5551799241021245,0.021231291506812022],
[0.48737229628653767,0.42684066689453615,0.9046141994232808,0.019843149435772915],
[0.8008743114035016,0.5947275576166929,0.034541812262011695,0.024536679605822856],
[0.5245976951437256,0.8832534275071952,0.7608869230941002,0.03218215126147598],
[0.6746935072625603,0.035289842462093546,0.5118974918161556,0.01793837902733885],
[0.004731974517474757,0.3661500970049627,0.5868998694082956,0.020670694004917244],
[0.6490813110172614,0.4820816211047082,0.5216274615988479,0.01851786385167383],
[0.06943169797743376,0.5678672893769665,0.8044221167971156,0.01963116320731121],
[0.06373387055995805,0.031926095292704515,0.05520355769766949,0.12044746952384479],
[0.9532623824340419,0.7214673638064062,0.6213850975286391,0.03650714110402476],
[0.793350463837015,0.492321484158447,0.6045095839878525,0.033126288504587306],
[0.6116260703585517,0.1981241015567804,0.22053869669170156,0.04625074163897511],
[0.8190531187914047,0.011693010752882427,0.2987136425318597,0.045879504335864546],
[0.12682767181199384,0.24377087179902224,0.00837568231293373,0.04822497423510859],
[0.512215592670225,0.6595846939978777,0.9934884240823153,0.03131180742851793],
[0.5545225354063854,0.46116681876146104,0.6204757273028432,0.019922979107622404],
[0.8067834497315584,0.04294292381514642,0.11229038184295193,0.020467089416631966],
[0.048529523624884274,0.46964876941570377,0.6798312661659442,0.019602828599391352],
[0.9909226750456204,0.9914953874175713,0.8381977788501834,0.05029254427920184],
[0.7178346547712381,0.7122602481404077,0.6889931222888803,0.027580519611454725],
[0.7892756696692564,0.00029110595170767084,0.02584845575517969,0.08709323244798096],
[0.9616996108070979,0.5677930134777481,0.9457601200875699,0.017464606888892543],
[0.40765633809531643,0.3586384372637499,0.8999963985527523,0.020709415061667236],
[0.9922321268751453,0.6291005629221835,0.7128429637953594,0.04072937516602108],
[0.3851995940949,0.6287486723753827,0.5720464698075268,0.032624517041273664],
[0.3178966037137474,0.47309672100416067,0.9174569377168793,0.021129785089045665],
[0.633613619250673,0.7316866767465289,0.7390604386272251,0.03341655985773789],
[0.7099472123041791,0.6160612725961696,0.8592725442562767,0.03185490798340046],
[0.4146696291602102,0.5478895500743883,0.4012192613957367,0.020725426919353515],
[0.6529063164325486,0.9815355730615481,0.9329328158617319,0.0566093108260204],
[0.32270342919603845,0.16644349283491622,0.22464197680312648,0.022066982915630293],
[0.6865859716749797,0.8289353001084139,0.6688149322056798,0.04556602445934896],
[0.6685072934617101,0.6683848987125441,0.9108505045102909,0.07367206175846633],
[0.9477467983625797,0.36166632750632144,0.10132938266497538,0.04499894181859589],
[0.9690122741539197,0.5685756439751508,0.19353023705975803,0.020129920083716737],
[0.3923537225554157,0.4567952301344991,0.7737427310468623,0.02392412750920727],
[0.24202101275967447,0.19733111649170698,0.12056497245596742,0.031247757279473265],
[0.6060003128697576,0.33859951136121536,0.2413996240717191,0.01846088777441765],
[0.23292370039569443,0.30540392269910066,0.4484058731254047,0.01979122496568341],
[0.35149637123617317,0.4336738351534357,0.38235104518554575,0.025322779011451843],
[0.5099003063614018,0.004791719775572356,0.12203423535181745,0.0364787437847951],
[0.6557284182959985,0.1923479280827055,0.2822156311165084,0.025134558376410092],
[0.8824622585216806,0.1757226548374886,0.45830063684635725,0.02639974436869337],
[0.46203293352883623,0.6758119149986785,0.5575285614434282,0.0177713511638216],
[0.9938000773968799,0.8666623818260026,0.471921899694832,0.031647908633151194],
[0.6320566727370077,0.39088993698245844,0.289913160124468,0.027171164131381917],
[0.6066570166008749,0.8542337638750455,0.08447312592565714,0.04072672271287021],
[0.14918338038137402,0.28814652210442737,0.5959005786057551,0.0189672802984511],
[0.8653414354778839,0.37983951478421785,0.9402178998283524,0.017744383460965192],
[0.4376759241137683,0.09904831741011644,0.146570181838938,0.024894534543639435],
[0.6109458928708104,0.20584502032430374,0.6460007785256956,0.023420331527028868],
[0.6406771571508283,0.6999298643742821,0.3075173234885952,0.04475872326912852],
[0.5407764683810722,0.8739675326127885,0.1140617383714938,0.032518250481648886],
[0.5293347256487984,0.670236396855884,0.36166149126388325,0.03369233020165229],
[0.4959663131012615,0.8931530073731407,0.8694901147683909,0.021228627352478525],
[0.7236718804185004,0.7350328108540619,0.48205190399268516,0.03181573821295147],
[0.4612534935181746,0.7857444626941504,0.11297614279215318,0.01960925824904139],
[0.033920768273796975,0.35956748414243933,0.6651861022171375,0.04187987200960557],
[0.8612495300418589,0.6034763168741142,0.6133777998219874,0.0196426784914654],
[0.7834131968449698,0.5470007704040751,0.15451471992043642,0.021302186308015142],
[0.15751681938856488,0.8396136594688739,0.3606455936619217,0.025229579262243215],
[0.6229292438177487,0.23594998267719236,0.8255968157592306,0.0492209647148515],
[0.8342408846793514,0.044828989819110876,0.0959504316405031,0.026386259867558465],
[0.4007035504159685,0.6769067701286001,0.25027211288177886,0.028825133079917936],
[0.5004048352215702,0.8558127981922398,0.11276788767655077,0.024042419933339637],
[0.5321624870810627,0.1316841458831941,0.8666361568075525,0.02700842568771973],
[0.6114606219247376,0.6391991902163969,0.1697156951316806,0.024120626797999964],
[0.00012095034569070684,0.44747848875935037,0.25323487147997303,0.021793480268509635],
[0.1509566838632087,0.8090337348820212,0.46295916858416764,0.027181415864653453],
[0.9120994473122503,0.3229726081365961,0.01113645070506808,0.09074705772772607],
[0.9750842425034384,0.29930112426667765,0.46025599815516904,0.03386819145881258],
[0.6939019213722109,0.32881217890591075,0.5293582066845132,0.01768400594154551],
[0.7139628699429259,0.7468174777106429,0.5612878769256884,0.019105682487209133],
[0.8488580256750888,0.9624961968957082,0.7512413285593156,0.028399756068637746],
[0.2960791881912319,0.29395369027443163,0.12273585752264105,0.017104738510838075],
[0.38470858215283266,0.581552344892134,0.022810396466939498,0.027456894012756736],
[0.8799816465172055,0.2697450254333553,0.4494484607338489,0.02446578516438032],
[0.6983527137100242,0.3259578413573988,0.4717636447435768,0.030840488057634126],
[0.2344092665121683,0.9966531151744323,0.44610396560652743,0.018351036421082087],
[0.12058827064028221,0.38130227373413317,0.18592084057632496,0.025013902607883512],
[0.5099344090900564,0.6478627423885469,0.03610052302794464,0.017336894501420175],
[0.5327672952007898,0.4744340176725742,0.26948697750401573,0.03243300415253771],
[0.710067236432522,0.5177458603965547,0.5322111596510585,0.03237565661001766],
[0.8919704017721144,0.49943373675565783,0.9501378131157685,0.025276776896904343],
[0.17618307538084998,0.09355463794027596,0.5116374010454249,0.026109495462804055],
[0.6150492425024305,0.9538726741537338,0.5725281049346264,0.042960090451706505],
[0.4385813988720826,0.985025740161178,0.1590848765620918,0.03629623752732044],
[0.918687250952043,0.9612591271926214,0.723481901755925,0.018557896114568477],
[0.6233535769881549,0.2784735037152304,0.5203550600946967,0.03847113359633418],
[0.9068051049204696,0.1376973920165252,0.13379765938574828,0.03725414836085488],
[0.6440355337903042,0.3597574863964864,0.9384738222746412,0.07051100287343225],
[0.7155133173373938,0.24768827618587885,0.10103632674497731,0.019548074395085803],
[0.12037892512860704,0.60392404759017,0.39342029512498533,0.01945476337238424],
[0.6289433009175954,0.24415659280779411,0.38521969861121375,0.028371834985542972],
[0.1087123282957938,0.10826509377805626,0.36500013604567594,0.03985575554392542],
[0.6439540245329387,0.8223164082983496,0.6278189845832151,0.04860428687460357],
[0.4838337208785105,0.8050757590548691,0.9607720716868513,0.01951384031032216],
[0.005662509602874177,0.44745797949261756,0.456874233096384,0.03369151164292843],
[0.4730231868444964,0.920872854472562,0.9503201160837145,0.01768836279018661],
[0.2410453079960453,0.12541485998286117,0.6137480824303702,0.0526669840325799],
[0.5439128275669816,0.10659830070399268,0.2741134615728732,0.024913935881547833],
[0.840116212016286,0.9138526023344613,0.37211678041551477,0.019993017705856556],
[0.21888308541127732,0.2833552435147272,0.14438785973392898,0.01959883884611676],
[0.20585899887640657,0.45847496478188343,0.7718171916259433,0.01907205306398773],
[0.5790648486187425,0.6787448516833856,0.11979573525773446,0.03154917397792839],
[0.3710222893217414,0.17666238844504856,0.6333492527201477,0.025410695898072197],
[0.40858429484284087,0.14523854191468044,0.127499516692547,0.036475304437510535],
[0.41364249387217766,0.38134898242603255,0.18865094400535287,0.020078515152532568],
[0.21699310856412246,0.5818464993218655,0.7592577822805835,0.017983913628524556],
[0.38727561833997703,0.07107399648289547,0.634870216156909,0.024117079039023465],
[0.5780286503939785,0.48860419659031384,0.2540725509227887,0.02568096094172033],
[0.5020368457299935,0.6876898683303533,0.9699224563055738,0.02895221642216876],
[0.7124208887056463,0.5153128144150398,0.5758273707987344,0.029795975087161357],
[0.9244964438251405,0.0444400117002447,0.18165599806962796,0.07566484360327161],
[0.6742624290066518,0.30462788127254536,0.12669670245627762,0.028073804083916],
[0.5211270202316263,0.17632540203564906,0.1660419752962331,0.02057459828479339],
[0.6072785343700128,0.28611883442802555,0.3839970987733601,0.024419516683496248],
[0.5895131132613349,0.43415723386750926,0.7489083210173704,0.01955417851916453],
[0.015499441745062126,0.33347278698932836,0.5743379446019644,0.026305357902757967],
[0.6241872976162776,0.5239983136657954,0.534918245234113,0.023999813450220536],
[0.7826656503439813,0.12537026755657632,0.2021546651840297,0.030048377131364608],
[0.46106755749310746,0.4453572781967523,0.5336552362152516,0.0226389606163832],
[0.9861824966417173,0.46394654648402944,0.9561011257662636,0.02221533439844566],
[0.22130305795873206,0.25384522764326556,0.4745999435099465,0.020807809632842657],
[0.2851564765061324,0.7159324106148685,0.9953385661860414,0.11450234385349879],
[0.11724409967139948,0.45064761655345853,0.2379296295091342,0.02873491707534591],
[0.5555762448887299,0.0017843162568594861,0.4815739017062518,0.03228062295152681],
[0.22401803674341347,0.30858350647302557,0.5288730964012748,0.02146340392919934],
[0.5093955478891385,0.9922457842198827,0.2014181168271465,0.04561307873896177],
[0.36601115680085583,0.5157522307122591,0.055470178985810525,0.03555122639697622],
[0.9517582631811888,0.9567805329025866,0.5158527000889416,0.023041181804528625],
[0.36030279379106156,0.5054224785987232,0.16716030310022545,0.03383524630064366],
[0.837792223518008,0.3421151062371913,0.3143321865913097,0.030192673243661768],
[0.4454642110354733,0.8116544335452635,0.9813404227442869,0.02557943253326439],
[0.20606090679316325,0.8201864549179788,0.3484729250754892,0.02187812749687376],
[0.45588119552341533,0.5031587622179383,0.7469022912053855,0.019332144433885062],
[0.8089550686014564,0.6123829711879117,0.0935987875175186,0.022351304795238586],
[0.8937960838498679,0.5159344550617633,0.36353137191016793,0.02242741869306225],
[0.25365390785435094,0.015858807553730037,0.3347560545981437,0.06604693526319451],
[0.3445657903555812,0.9257409713583437,0.9135017230282907,0.04154402207825743],
[0.04605444514399126,0.0296203486751917,0.39388310100062784,0.018785673579573003],
[0.47472812348401505,0.2807568589764051,0.5599236375562509,0.027988112073651684],
[0.4902806144528836,0.7447388994600759,0.6397846840781032,0.036486536272420086],
[0.11874640372706591,0.40639215016182595,0.05118071130593327,0.03723453965870583],
[0.3318910378686428,0.4986559684330014,0.0049026694048601716,0.04994031136810191],
[0.904713448128753,0.9350295827439392,0.9362368490847173,0.04844918306357017],
[0.4279767789422436,0.24232236668695928,0.013029707672206126,0.018536213099676527],
[0.4122346700884262,0.759493697777021,0.06585956495330625,0.019922404442134577],
[0.48840998677896086,0.9125785439458117,0.4936876917526012,0.02215225031390238],
[0.04681912155976653,0.5887924973712163,0.1714147564893641,0.018269429565859405],
[0.6675470465692155,0.770391124946744,0.623656438919956,0.022119023083039077],
[0.7253224082087586,0.6508179842570342,0.5023334745585737,0.02021525626576809],
[0.8964524134279721,0.6339085834605325,0.7078323644384892,0.031923107000171175],
[0.6907545294909392,0.5584324744037487,0.18288165287192504,0.024753086773457916],
[0.5198677580736459,0.2645496039170431,0.3278187476776214,0.021947192407230483],
[0.7056540490036878,0.5936107470394,0.41915419806252807,0.02889708316615678],
[0.14862875441198753,0.027953000268405526,0.19637532801540136,0.04193646740825885],
[0.4531267960708619,0.808823918682929,0.18756017796758462,0.04374780203562518],
[0.033404354251188595,0.5186378339555546,0.7135898188437823,0.02212018515366969],
[0.8693535022315221,0.0920375223267037,0.6228355138481988,0.031699015683542116],
[0.8074832500682099,0.23715182752114616,0.18025534223786077,0.04966457458510777],
[0.220142039647088,0.7334408382058598,0.6351356432161072,0.06791748495194991],
[0.52292622336154,0.037215584521011924,0.07071065994997916,0.01806668850194846],
[0.9678216617166419,0.29707796840884115,0.09091606779106509,0.07145232936653338],
[0.45377826071288674,0.8329811875958808,0.28921863571200546,0.022902548968882018],
[0.4723096991662584,0.14547466365590278,0.3505845775036752,0.01734429912039464],
[0.6334795639770602,0.9171304970269972,0.8919856082443728,0.029202340490862712],
[0.13699166795727602,0.9231933625733555,0.6312415060531281,0.04629369281686116],
[0.9124773495958974,0.15021403960925228,0.304419781183526,0.026416538530712394],
[0.9091082145902751,0.9375065449653172,0.4658742455841889,0.018460750889593543],
[0.3402086909560249,0.5914758518281914,0.4769971227817491,0.019113942711477393],
[0.4005666915520736,0.34980712624598187,0.2944889360419918,0.03533453433436941],
[0.6340001953933344,0.9950892087522526,0.5938357571172638,0.02884604203272731],
[0.5941402648887562,0.8690274091092051,0.8835039749862849,0.019712705762878535],
[0.37278694357285636,0.4248014504050496,0.807111666099144,0.019063222111188424],
[0.3767703162581634,0.038398740389243735,0.8726054839557398,0.05483236650965402],
[0.6095560413344894,0.9725973315707998,0.9765954059636969,0.022190461265492588],
[0.7311047801043505,0.38037514351234314,0.9608735665341777,0.026714197875515863],
[0.04119057013493421,0.1376978271784558,0.21312099472093315,0.03315982395441034],
[0.8136108385008448,0.9960925976430084,0.7109134714395594,0.04270393784824061],
[0.7657374795469267,0.9515540538124153,0.5508637331325897,0.02934734077637889],
[0.27332230509830613,0.6209792236992244,0.04371541630863607,0.061203987937224646],
[0.29962573957343286,0.4106589081835642,0.1599580969408816,0.02302151761654852],
[0.018172257947410175,0.46888032557047576,0.3850794769921747,0.02458483085979636],
[0.3040158593236232,0.5547437338155756,0.4239669342357687,0.021228937111131267],
[0.1761880444177526,0.3817969713321151,0.041077562361103714,0.03127819153415195],
[0.21593677399483635,0.19787371325863778,0.4696332654418026,0.020689256912405037],
[0.2020802687187735,0.9444549387556358,0.3756544096433887,0.04263371866895021],
[0.18561766365406063,0.44622922078523797,0.998973745969354,0.028321156003624455],
[0.3991968273908846,0.6099010863019135,0.030963516604319286,0.018693858066686088],
[0.24041784545161038,0.6060083955144592,0.6806093321885458,0.023745325818492674],
[0.9874889688879295,0.3983392534241095,0.1877998378975575,0.019928366100581393],
[0.2591320945514797,0.7935415234060831,0.35075669122516573,0.04862406830383842],
[0.7487744190838547,0.24091452866030538,0.07489707442889515,0.02393765731279928],
[0.11123038141894104,0.6318101934531579,0.8218812169795033,0.04189273556196952],
[0.2639948463399785,0.9032745233214674,0.24509129815275976,0.030300948926620858],
[0.753889102570487,0.20299887888852863,0.22566495123012098,0.07448962822211946],
[0.21668077158431154,0.6441100264774966,0.5609640376162109,0.020254070459302116]
