username = nchw73
detector set
algorithm code = VD
dimension = 3
self-radius = 0.017
number of detectors = 1000 (from an intended number of 1000)
training time = 7.0
[0.5518547378644851,0.7073729913668455,0.8918943064827238,0.027917472560196645],
[0.3696002973015502,0.1984589893869546,0.7145486526917908,0.04946288936226366],
[0.03382089866184512,0.6795493917609292,0.08336475548656463,0.07070542826063786],
[0.23874576413437443,0.33592801082523027,0.8830870318956491,0.07697254504489141],
[0.34418005091966397,0.9837472223169611,0.40378835924081236,0.026087187372029266],
[0.9717637118764809,0.6541967638441568,0.588272879353884,0.01908514097534035],
[0.3511300045060345,0.3327588320634932,0.989442201200062,0.06334095810350404],
[0.7316766231865204,0.09038981984055494,0.39145499274658513,0.02945118719768535],
[0.69595994520199,0.4018150615295263,0.7626883618082457,0.03857523722148478],
[0.6209659942397162,0.7946055632935686,0.9029884182288455,0.0530016685035789],
[0.15220013615680295,0.11489537619629231,0.5262646388697436,0.020837726758650733],
[0.8975254677303539,0.16486337916220462,0.8360818134952506,0.2323138456159879],
[0.1474563136798226,0.6608813082048496,0.7376255932035627,0.08172122013035675],
[0.18288039504086906,0.236863285075119,0.2702908795511312,0.028195296224467196],
[0.7927309585929246,0.5001885839907545,0.30653049842105895,0.02588063287462268],
[0.7770386395129475,0.6768124753872071,0.7822276143870597,0.023422927295463032],
[0.7766724208432355,0.8919541174818324,0.565052919106233,0.024202708488126896],
[0.970046400294885,0.7901233331864603,0.48335248254016794,0.03587186499814297],
[0.5377104442922735,0.6683040524117241,0.34178208814487165,0.02832151362147174],
[0.6707420606974855,0.8395286134503543,0.6783018814808112,0.05918158889054172],
[0.3791768625518296,0.10022926790722464,0.8254729291003504,0.06085958415815404],
[0.6834516449132719,0.9804797790972726,0.3825074754957877,0.025920264804629473],
[0.0786143737778463,0.7232813435791893,0.9928414381614398,0.12603617489741153],
[0.36599850551086,0.12352583171686382,0.10151926057116567,0.05230358834306195],
[0.16122835853485995,0.876922483884666,0.3795876196446444,0.027900230239296178],
[0.22846892235835692,0.6830594937909955,0.8087626965408329,0.103592329000959],
[0.27781363060327413,0.8887004096857678,0.4390183775963624,0.018643279633192733],
[0.60838041774622,0.9497158557014206,0.25882349696428153,0.05289172754113064],
[0.1614628366254225,0.13397578742514704,0.14658466039544205,0.034389478477105745],
[0.6500171536522377,0.34548554436779777,0.7441303621366699,0.07232064004209351],
[0.011545826851632968,0.9363108732776225,0.7369407680482367,0.1251047948261541],
[0.804528182321751,0.07691457294488502,0.3371960771383564,0.03201679594648866],
[0.6234911728567398,0.8566195008746992,0.7534297945419699,0.034476126876205514],
[0.3792118970596916,0.8630548270750541,0.31269977164440443,0.01831667791570215],
[0.36857299693519263,0.09884115424273554,0.4711082337749827,0.03372364668840505],
[0.15794179249640727,0.14599720399008898,0.2099854952199901,0.02346994157198464],
[0.9137414063480208,0.9914481639891237,0.8138158953667022,0.03692586222512125],
[0.12702953072811407,0.7714523678682587,0.7493562968548633,0.14081122283041364],
[0.04208183637268992,0.0682590795381891,0.14890143982162918,0.0751412369252791],
[0.9622649649144287,0.9999089874059277,0.021762421245431707,0.29567940264794423],
[0.14591582973694006,0.18756683961670495,0.47461788058436427,0.01807389271884309],
[0.4268957356255457,0.22932447597479844,0.6839266469761114,0.027072422551539875],
[0.9991288409720597,0.27386548576915937,0.17441687211087598,0.08252581093100302],
[0.20829503191837584,0.029148163509527758,0.8257929036179829,0.21294003665470812],
[0.40292691074234166,0.2281043404810723,0.9950603289269506,0.035691941789415274],
[0.23947145709342121,0.9459508309436664,0.28861350946415487,0.04488921341662512],
[0.3522237012897005,0.2556886948527479,0.12621914032254156,0.018638915940025085],
[0.33990972092983507,0.7970738259726796,0.9518360278867686,0.05192821264979336],
[0.31525868241225685,0.6531198195067581,0.39214229680153034,0.01923161508315919],
[0.6700711745836526,0.05764291199705118,0.6081635102887908,0.019441851193447823],
[0.79991502983455,0.6986036920681139,0.9161071938741497,0.10481986725567713],
[0.17363867780234077,0.2564248014346153,0.37087576956228163,0.0234718529463792],
[0.283649831604772,0.7976442402492008,0.2700850531156743,0.08787599456184776],
[0.07771670626241933,0.24712001178281096,0.2808703272526719,0.018226897643545473],
[0.3354875355246485,0.00815563035057354,0.17439279621909742,0.07570508719918469],
[0.08445706684579202,0.4264670668068399,0.3613499772341574,0.023973622212756174],
[0.007875832161099217,0.8125547104484981,0.4183131144856992,0.053716851988977604],
[0.41930646384391745,0.36342414108070065,0.8460029673087156,0.021128327340621825],
[0.41561281548882634,0.42218971237207237,0.709775334748707,0.021808823722596286],
[0.6989269804785545,0.3977315685823326,0.9291165169937691,0.030042164638437868],
[0.935087786591108,0.08214512462252133,0.448407906273653,0.024839352540253996],
[0.34301912238810217,0.28742201214556873,0.015686458622591548,0.07888292373708855],
[0.6045009752531643,0.6566715439608737,0.6010074369324009,0.018837525111959665],
[0.23105248857189364,0.042898628692455754,0.3988537668480876,0.02471945187490853],
[0.10159285296607101,0.5071945292833256,0.4817641210512331,0.03637317474688892],
[0.7049503918661025,0.9977671152302391,0.45990902733956585,0.021296742849444376],
[0.49040891179371926,0.0879803132871807,0.7178006960047658,0.03154909014216287],
[0.5004338932351374,0.3139070501075265,0.5977378793396908,0.025252250599168073],
[0.20092829583196026,0.6665621836934181,0.33393396673183184,0.06324490305047799],
[0.11387216680229162,0.9542483786238976,0.903699761564492,0.23098705113446283],
[0.37264622879736453,0.902648279988535,0.7695989847165625,0.03672579860101638],
[0.5100939387663531,0.6438834179192867,0.172557886811599,0.020591106510528714],
[0.4529977999942708,0.7017310370822252,0.26660625955464645,0.02710706706098715],
[0.06744946413005382,0.3073726966171131,0.36761485860059795,0.0600375719307575],
[0.16770268168117353,0.1536876463027963,0.24262521142937377,0.017622793785949907],
[0.39526358130202477,0.657690597339896,0.7445017755523985,0.023774057067854862],
[0.8153187191381013,0.8069763637899954,0.736541414237039,0.055832717411102434],
[0.25591775641464654,0.9610156059637313,0.4142763406244252,0.03108537690006303],
[0.18439897103992475,0.17843096284778148,0.6562207703639584,0.08097624148393247],
[0.6225441255251498,0.10692926806423608,0.9230184382401079,0.02878811842980327],
[0.7152860407671764,0.8158399485875393,0.10670489788698367,0.13559380330653814],
[0.8416174909553663,0.8469853538435885,0.8344614273646672,0.045867439627972975],
[0.3726031959922711,0.3135048653555018,0.5299680806832862,0.027585074035432505],
[0.7344785562199543,0.1822872467745501,0.21512890557309494,0.06244320338475569],
[0.2717586000885819,0.6082472073374211,0.21155212843290339,0.03977798026065342],
[0.19501045833883368,0.7140845900674303,0.1436650754229446,0.11190508850445986],
[0.45470332315795725,0.5973506977836096,0.19389328657966942,0.019471799535499837],
[0.3256080741946886,0.1366095853262913,0.2904156373665685,0.04940493438060614],
[0.6221154153950452,0.624675821671145,0.5519127208786538,0.020988982457275276],
[0.45309753537323105,0.16385723473993874,0.4907965601723696,0.022764393668326367],
[0.312725364080367,0.3076706737965035,0.8470507865387583,0.08918126214258862],
[0.8812268742555418,0.3906736381724192,0.7625613505271571,0.03554419832303475],
[0.21061499448881937,0.6840162851549003,0.9210027185302412,0.07486371025289104],
[0.3679218862705578,0.9020282307071869,0.2709529483123877,0.023319397552957866],
[0.030382837986070887,0.19848835125094455,0.24124846421349733,0.03213829593148098],
[0.3933237597356324,0.1507876245261377,0.3543224490794983,0.02903094574228228],
[0.6036846119418028,0.7958683314227665,0.003947793558491952,0.02668693012552656],
[0.621470762547236,0.6425338789159607,0.9744074579313045,0.045722323505933526],
[0.9942439877850004,0.952467132948148,0.34387470061820813,0.06729620955729092],
[0.9811823666316265,0.9899137958604689,0.7943228393586963,0.05426559232442961],
[0.48735250970106125,0.9722165200511372,0.845609180921957,0.020991396142179923],
[0.13439517324321038,0.6713260271372156,0.3654790165117592,0.05150287469533829],
[0.4879300450128943,0.005113250683590476,0.49642280648821213,0.021416689834486448],
[0.8144177527149438,0.7620700615432513,0.7015848486694451,0.02486149953176306],
[0.7940999788086528,0.6841372573871637,0.0031663250475618687,0.0848742108198043],
[0.06903901757850683,0.6112941044838183,0.7001485521008934,0.033569059298130796],
[0.6222808814379253,0.8050702785297841,0.5836341408238931,0.019435957889646693],
[0.13576100286392756,0.06486819156654122,0.4809538408804057,0.0190200975484209],
[0.9828437509521829,0.2896772030635201,0.08207960529332103,0.08681108724306351],
[0.005319817875497956,0.4660401109219652,0.3845753029230421,0.025813956252107785],
[0.3492477349284744,0.71569940286865,0.000894637286876443,0.06525413532189824],
[0.9222724020223223,0.6616413929261887,0.60602400252881,0.03409339008484096],
[0.24061857300531841,0.3788514838265644,0.7602979888573378,0.029116990936426675],
[0.9293542009910117,0.08602701016684677,0.5037368844128626,0.03794654500235191],
[0.9780744211201147,0.3822885934099801,0.2210215133839919,0.031105770490277677],
[0.1350880061632852,0.30463428084951194,0.3704403620137182,0.04568721349824427],
[0.9590773279841428,0.14830110423497445,0.10956762954751464,0.08938576046186772],
[0.5321429952037362,0.5374107356116076,0.2549382059138642,0.01946503548213937],
[0.015965971492961417,0.6851273680952016,0.5574544354000481,0.02619737804296155],
[0.6224956342353157,0.32668474927504276,0.548289747406379,0.026494716191454257],
[0.6858138568680856,0.9736868864318438,0.8319408274827476,0.053039806509933424],
[0.8648596691094769,0.6531426234246909,0.08202424692412236,0.062116711157954044],
[0.26893666137113625,0.3189952850867782,0.3185983830164322,0.05591524634717403],
[0.016645451954822366,0.3426448930419813,0.1336485802338544,0.05626238243427871],
[0.8819113988655827,0.7166116908092981,0.5760757701298171,0.01936404360330228],
[0.5437612092178435,0.9074243106613956,0.43548476567163263,0.0358052394086131],
[0.3180202237592594,0.33809913090526933,0.38109526838733887,0.0395397675222269],
[0.1917148314081707,0.5895113301227262,0.127493917331981,0.019164679794227306],
[0.7955457095693106,0.33513080139700935,0.2430951987897566,0.020520346139473414],
[0.48157082559596887,0.5093273152061774,0.7566888280086098,0.01741752101415575],
[0.6387474964398567,0.0321056675787037,0.9340938593402719,0.03008360088324362],
[0.16090437077096897,0.20069732355354597,0.9799584427042239,0.21704424124747584],
[0.9399192904776481,0.048081845661037126,0.21821684530932128,0.08992715595805811],
[0.120499976093145,0.578103255882526,0.014656039602122473,0.044427304824119454],
[0.5504677836388469,0.2055909189119165,0.02008429050642535,0.028798686115061117],
[0.6161568200735019,0.657735448323961,0.7311709160583146,0.01790920613530049],
[0.7021251552822811,0.9804323445401835,0.698614209252562,0.08822434867743219],
[0.1674139078949093,0.42959499309356197,0.9828733180891115,0.02725935250860511],
[0.04147781972027842,0.17214411868652535,0.2952356316892202,0.03676393385574765],
[0.8521519232348513,0.6442141417141809,0.8154034458792914,0.07358119502735253],
[0.20093568436538245,0.22625931746572225,0.18383240972160286,0.01762375274553727],
[0.4092883219421778,0.9907480306095613,0.8632129964573665,0.03841762148153666],
[0.1338969322022069,0.8377830311628339,0.32029722024750984,0.05201104094505184],
[0.20109748123081117,0.35038933187146726,0.06645019915628936,0.04986783114293118],
[0.35716020722668806,0.9747122895003607,0.7933539463892059,0.04688788337141639],
[0.5012996451720492,0.3050443201071943,0.5414821336031161,0.03381016420759934],
[0.01178786117191577,0.0301027798591752,0.9567941400343007,0.35074889905364875],
[0.7647620764447267,0.603211797985333,0.08502691043499855,0.020691326363575124],
[0.3434619011494072,0.3638660280317353,0.7634255881771443,0.05585597753640675],
[0.6976639554038059,0.3351810798890801,0.623261507412817,0.05680820847832818],
[0.1419067431466987,0.6030437221013589,0.365693875427093,0.027043235929111523],
[0.0019041278726728006,0.571833087223995,0.6979403975355715,0.02557831639620592],
[0.8984984110256466,0.5859584504481729,0.2936134953062811,0.022148629990140174],
[0.661593779808311,0.8931840655110487,0.7049525964598566,0.06113061236669848],
[0.2135970172112338,0.5098362532744526,0.2984729133063676,0.023279239172643455],
[0.18054946850620646,0.9054738645944364,0.318580996998474,0.02006574502925692],
[0.6503631251052997,0.9494393281154371,0.19840311010582867,0.07055276382887589],
[0.22564803109526244,0.6828599942212816,0.6867607020971226,0.08347724926498366],
[0.9921402624426774,0.7180490150293737,0.27182804425112694,0.11449564288649251],
[0.2191617975416268,0.8108932107080434,0.5484754262132914,0.02100931854546237],
[0.6602163710562153,0.4710876389886892,0.966341279130487,0.02995216403095284],
[0.9057415914375674,0.7006531402906454,0.977992805286858,0.11640575928972251],
[0.4512700946078405,0.5898334228504093,0.6354660769457406,0.0217804240076531],
[0.46982365827113426,0.4929111533989945,0.7067049693741397,0.020736809629291357],
[0.36509058108184145,0.6105524197641005,0.9349203172668381,0.027484401007773475],
[0.9318806882535795,0.37230937153764265,0.33423165978072056,0.04746739354250677],
[0.8321942620674448,0.6793439187346243,0.14301369928051688,0.09000491134163965],
[0.7847870250277177,0.9352805249819399,0.5813991708003753,0.03588262110111954],
[0.07672376008259496,0.8381674613547854,0.0030753968126991937,0.2323617587714586],
[0.3119741065355577,0.9813502591035344,0.6390334442971041,0.05200676836743855],
[0.9990771752220524,0.36296449835163125,0.4498770850751741,0.06767236365372753],
[0.7319008418329821,0.9797212581311833,0.5452644944053481,0.024285569951065344],
[0.4149323188589801,0.4431710020464278,0.3173272762398911,0.024896405111504344],
[0.5882071062676847,0.12774835828508124,0.42665965210183443,0.018417338987580995],
[0.2709635590345535,0.3102988348914313,0.7443629629378472,0.08659543107527502],
[0.20303387133033468,0.9634666295348894,0.6249603769672453,0.03870669309216295],
[0.9264529722788538,0.682997927443384,0.06791877786904921,0.10715865940549711],
[0.21185033447630597,0.12417706004580187,0.2513547432263169,0.03422262276310819],
[0.29481969924486473,0.9553986811353322,0.28470631318652007,0.03581962434301885],
[0.38521977628379145,0.7015933090412018,0.5129687063015353,0.019992327662353572],
[0.12139771132326382,0.32164570708155626,0.6602573443872543,0.05984903715185856],
[0.7243850167332618,0.4756649576416615,0.48189964110581174,0.02155459364534805],
[0.7872278289038537,0.3886440117806099,0.7213067956447573,0.02415268057097919],
[0.4390238625524634,0.5584079717348716,0.36324245111026576,0.023967442733078742],
[0.5738912341285114,0.27658445664879894,0.8263142979353456,0.019840088408247816],
[0.3677873552842339,0.24567852044813543,0.10574572712821295,0.03759567128593998],
[0.7267297588604724,0.2870304536630738,0.024298391257684404,0.01811348539842251],
[0.3177810291491677,0.960526424042305,0.4171366168365378,0.03565652039588037],
[0.5280860392749553,0.8908458091165579,0.32887177826080916,0.019744899833112728],
[0.3243355928433177,0.631589374150119,0.17631083071922193,0.050677495921497714],
[0.37995352573508767,0.7529817081900683,0.5633704158274462,0.018794839789912816],
[0.29991858477721434,0.816843558368111,0.3950170734579208,0.018351115852662997],
[0.8524442125584457,0.8149455160675664,0.6310293128483193,0.017758167106983656],
[0.6127484883507315,0.7416742977754782,0.7214949366004704,0.019319574792846017],
[0.824603690815956,0.33460208616166276,0.6914526923362337,0.08037336304054556],
[0.5806937014566016,0.08441277914466205,0.4073211616107576,0.017576536333823917],
[0.26795872231485707,0.6219070361985407,0.27259349349037787,0.04279985831899275],
[0.2376886676672565,0.9439901120184884,0.38911699777810904,0.02939911435263621],
[0.7728958382053749,0.39850876568647253,0.47332514692760075,0.022073965287046637],
[0.7741856150028701,0.2733240066431625,0.13191681607780903,0.03402705651283908],
[0.39337922326304287,0.08472381019826214,0.2048955572408434,0.05031418130658896],
[0.7296124312461267,0.8877680600801866,0.22272898243900252,0.07838035366696769],
[0.008343418381157708,0.7131180693785389,0.26496019031791007,0.10779557531722982],
[0.953121406784498,0.8112804071382408,0.8284373267306776,0.025807976839331427],
[0.4603253974086683,0.46323662947856814,0.3922856067845034,0.03476825986176371],
[0.3768627109930095,0.34564723380619145,0.6368603229702455,0.046330562046933685],
[0.47225290401473274,0.9416649333757877,0.5068069201464438,0.024606798088777235],
[0.968583147822826,0.2597122734649957,0.4869805223106497,0.03421693469074094],
[0.39906018220090833,0.05397949835189497,0.47839202248593227,0.03503889126871269],
[0.6688193781382211,0.3950047420422542,0.5036241530113394,0.017878299279342674],
[0.8332991237407658,0.5190358727413164,0.6656386825638478,0.02798287250094067],
[0.3664200046313103,0.8080634198026306,0.3650327378624014,0.03431210152882189],
[0.707605237771643,0.9370581169474645,0.4639496334024884,0.032944378942294066],
[0.5684166889036528,0.6845177384620058,0.23497228431992545,0.022374326416065148],
[0.3441778038908718,0.8131192972129893,0.44923917967107396,0.02597705925377268],
[0.7647305949259474,0.9173235849288843,0.9283364805485268,0.07591285116732245],
[0.6837292541395193,0.6672152879279281,0.3697913542289497,0.03642187504240681],
[0.1733707719490296,0.7342231459750074,0.570932206243538,0.024949268479953178],
[0.4329712269661802,0.4077412091929572,0.2999517741396398,0.017150414161445908],
[0.7758370664082644,0.03545635156935367,0.0424410866952164,0.05298569705878295],
[0.21197586806106217,0.437520437673509,0.3918764710453376,0.01971195262427035],
[0.651979924106855,0.013586344520726046,0.5453453401896352,0.02863276862982237],
[0.15985653934163235,0.05542877639395416,0.3676502431380586,0.035624687146489496],
[0.3382280672096869,0.9572340219511357,0.33699448990049063,0.04838540261830768],
[0.7318557374505658,0.39170641319996347,0.09842822655731687,0.035732778896354046],
[0.10073080219518138,0.521166105533844,0.6757417574744239,0.02271079465091007],
[0.6316330460860263,0.6739266370558922,0.14651983024605897,0.05333745425848932],
[0.3987176436321028,0.9736687579235963,0.363447699180647,0.036089309258013624],
[0.6623545170641177,0.656504374598027,0.7812155790107889,0.0584652135275647],
[0.8365117382881138,0.004417926670782557,0.06530203024219605,0.06532443446109464],
[0.3416372152213534,0.06107977374457463,0.08863858939912994,0.06370706409966635],
[0.3977058613276593,0.5262218675802297,0.6620519109349138,0.018349870845361],
[0.6293686584911602,0.6701877223625444,0.6158359712915458,0.02607780293631789],
[0.6404503485478401,0.16875901356976086,0.4274970306474213,0.02068722935513819],
[0.16408893280338088,0.267263444810353,0.09808312328926472,0.03794450519394076],
[0.7044276485877105,0.6022463328244148,0.4125763022401834,0.02807292357951577],
[0.6137359204451484,0.21988924547779531,0.7498639945196953,0.02238862134454453],
[0.29723725002757717,0.5583755243524045,0.5482626627082418,0.01727913332281364],
[0.003362513481612761,0.9441123458943271,0.411071243558886,0.058917596304932804],
[0.4082109954349996,0.3120198869591432,0.3595310767016556,0.02627270130126115],
[0.2376614847133568,0.47800511704761894,0.4896893440628578,0.027024066539063016],
[0.8621525573907578,0.700628081750843,0.39146906409995597,0.0281021359619354],
[0.1589928124972142,0.6004850568389632,0.03190332582466138,0.028796018887723603],
[0.6911172772031718,0.4355871946808134,0.39302730065907243,0.044901979951850295],
[0.7637592809860808,0.3120319771076333,0.08005072314954054,0.02973276122412513],
[0.3068695031373846,0.1184845887473327,0.18066804639366596,0.01716447677081713],
[0.40294174049931175,0.1202854492935268,0.6996208249043123,0.03718291742618804],
[0.2361382540513285,0.07148484938648114,0.3232481784576362,0.024880372527457104],
[0.9296471277078677,0.118988996833026,0.588773635585543,0.017777970609333345],
[0.49649064332363657,0.9504135759257067,0.46389150848494387,0.01999389195631906],
[0.7222263969720212,0.2532731529796296,0.6306711513554956,0.03576195314311825],
[0.9046759362495594,0.36768197883837905,0.09222316604232883,0.037352494119974156],
[0.49299159665562486,0.6391993122010101,0.9455015478922192,0.01805326127039905],
[0.3510379766101761,0.5978957757579768,0.10239780762692319,0.03225268202137048],
[0.8130438401835639,0.614610509567964,0.9854882358351844,0.06836361540730149],
[0.682333187520265,0.21139724284578487,0.1737708777707031,0.04347565048066321],
[0.5022960526428262,0.34486776250579376,0.9726280787070107,0.01701443586549005],
[0.4866607892734972,0.29701048219210346,0.7351806591223914,0.02347970821531089],
[0.35484702034013527,0.7425155831897196,0.4851747458751645,0.021756401577245198],
[0.6923222070839969,0.8858297694758543,0.822450886541572,0.029797586055576704],
[0.14416367379938444,0.8448258672668664,0.6264483590060073,0.029444574227545373],
[0.5270131250318708,0.26226099720114004,0.17478194708028127,0.023517586812858822],
[0.10356478057484209,0.9732624766241845,0.32807567120899017,0.07921326124836676],
[0.6075033689119924,0.40254972736520267,0.9058269201456289,0.029834917492984572],
[0.7107714880489673,0.20050798732253783,0.31269190702954663,0.02898539251030354],
[0.9835000267104508,0.7497970249075316,0.8745013090424679,0.07462866637990169],
[0.42012918776661,0.31295344949822745,0.4865373322801517,0.018190767558173795],
[0.24614160073728164,0.3334971834934498,0.4122275736585327,0.02044765830677983],
[0.2768762741812669,0.9286987574643315,0.6772875829948701,0.026801958590575096],
[0.2838783347610645,0.9928273713157374,0.396558473195325,0.04318310600138935],
[0.8293813356283932,0.2760538380911821,0.6278340365204433,0.03377681475948709],
[0.4977865257527596,0.07486516198490711,0.2866132780953162,0.02680679816727806],
[0.3475275322297052,0.18301064651036902,0.27793313948474185,0.05252308054041735],
[0.09930923351439858,0.4621052782840922,0.4331865471909099,0.03984472796277608],
[0.8889237114691391,0.37985401458740986,0.3818314398773661,0.036741171338462345],
[0.26609515180620436,0.37085131540762506,0.3952210186624515,0.025277809362367377],
[0.7107791055383715,0.3112665880709786,0.012189334563891152,0.044205461557179145],
[0.9131334691781858,0.5037341001727293,0.48126675107907546,0.01892616946148041],
[0.23629210697073288,0.3720607003652281,0.29760626108430555,0.034179822992146586],
[0.4629967910411247,0.8731726365026377,0.47697819660356633,0.019926271573585667],
[0.40555302117764236,0.7629505683685731,0.044904578267881745,0.026438218420397244],
[0.6276311525233496,0.16015801867128054,0.17967130015183963,0.017156644942045884],
[0.8967501378198839,0.8603697355804407,0.7971608749840141,0.023848919397492244],
[0.6446044144152268,0.30118950097778796,0.08672657432593844,0.04170927989037909],
[0.12230019125051106,0.4264008147724275,0.5725368517915699,0.02948969276455203],
[0.6547983865321823,0.13147147225553213,0.7549227432748954,0.044361335928793856],
[0.9996587208928945,0.37608007219753214,0.7569541143835321,0.0335194740143039],
[0.18719397864815956,0.5539046579741923,0.13552807767110708,0.040300076324467235],
[0.6521341882957428,0.3902291882745441,0.5424674369215754,0.026998457742697178],
[0.34261618467838206,0.1829783209928334,0.6208482609002302,0.026039100781059206],
[0.207248868482119,0.8618878200393154,0.4202917705489342,0.024128591850736354],
[0.240060402976631,0.3212727162225162,0.5537988704741359,0.02002858833061376],
[0.5355766622194985,0.133794078126944,0.9884573306201649,0.031041473194102394],
[0.2445428079016112,0.6004690762186696,0.6029731145921358,0.021118285498464347],
[0.2526882152300126,0.45868486228620275,0.3312316581802146,0.023953299804795512],
[0.7740787507937352,0.6539594565908564,0.6645966982526544,0.01929615880607699],
[0.43504527354563316,0.01959342390315233,0.0813832019373375,0.03221101610113218],
[0.6597517395800402,0.788421234194685,0.29048821386620594,0.06051865289513293],
[0.6294262670097067,0.12575815402059065,0.9911029421324485,0.05593138547882828],
[0.6433685558281897,0.3849407992282011,0.10023857029248173,0.03016435873878784],
[0.6972397348316512,0.7360845921058476,0.8571300758160868,0.05485080993437594],
[0.6502550444925289,0.3245572934725788,0.8690670533180966,0.045437766985080334],
[0.19583749883858004,0.36517688010683746,0.3047294670424763,0.048003459357348136],
[0.3809185084986122,0.26597967215930507,0.7266767439677242,0.037558529048671824],
[0.33518046171566884,0.3654014092243286,0.9308522158473503,0.040027340214988175],
[0.08282765489266963,0.6388304014064351,0.12273919192861249,0.05280129200656479],
[0.6975280887022517,0.1594694506797083,0.008012067822080748,0.030888362810698795],
[0.2302333997203032,0.9747330873186438,0.3224951965771655,0.05726630488040904],
[0.42100174633281495,0.9765801790260306,0.279353370335908,0.02735169639224995],
[0.2079232805972029,0.17620538676875508,0.5045364604742287,0.02366550519220626],
[0.7869502145295106,0.38627539515329645,0.6390133365288543,0.02807261645849564],
[0.3593999625739791,0.35493285192556645,0.31098038818371765,0.05373563907297607],
[0.7236150409976934,0.5854281646124583,0.7150413669366594,0.020797134384025834],
[0.15003403698581275,0.8803919718505395,0.22454337820210446,0.105908744750495],
[0.516167497243685,0.6617714786129307,0.3944726829152002,0.017869205191900973],
[0.2388484675268734,0.32247150378281264,0.48926191118036777,0.02324001393702499],
[0.7494968422670869,0.8161407746671785,0.6929945960213787,0.030832933227027737],
[0.5531919305595524,0.5847421490456016,0.2330989936015676,0.026960572571158595],
[0.7461732513603179,0.7564657516035855,0.44443557614021834,0.031166893304793337],
[0.34867330892585413,0.13316391499594926,0.18984824073279938,0.025850797087098726],
[0.8257520101222738,0.5172255852906739,0.723721363751735,0.025580720050355617],
[0.8956137072076914,0.8234207042824234,0.4290958319846796,0.020651760081889535],
[0.6345656112270497,0.2911653071605146,0.1931023437853021,0.026715450331422815],
[0.9614273546934711,0.8068629803354634,0.7624233226597271,0.020064604650750426],
[0.531962110734843,0.8299939830629256,0.9396252117160434,0.03227893575474713],
[0.6567953663863192,0.9161186930624353,0.554808754469972,0.017908508648269962],
[0.4556870248187911,0.13837883299413511,0.9110352392443241,0.021612915911312904],
[0.5837499883901025,0.23922954695557985,0.6726007990898871,0.017106753715760002],
[0.7449150641689993,0.13366073416177338,0.38453415508401023,0.029389888733475825],
[0.9016685977480569,0.11829200942517482,0.3826535392490742,0.06339496598769916],
[0.005314493795277819,0.9260180703219906,0.31553020112180685,0.10338199666748489],
[0.7303676541287463,0.7997602653130345,0.3143490584642048,0.06925819697540045],
[0.6507447037731303,0.12400325305470628,0.3163141588986482,0.043903104155768716],
[0.16866376318656717,0.2307678885079586,0.03168116122273523,0.028897792595210782],
[0.9452931218100848,0.9449719231296116,0.41514849501686346,0.026500840858352276],
[0.30309990879476556,0.4943359627164251,0.797353295987622,0.028572882666469804],
[0.6574087570615482,0.12278504362997467,0.010733096390800667,0.0354029672057844],
[0.8095170019416368,0.9028385182976545,0.28057180778092616,0.0504538829721138],
[0.27343983761437995,0.8248456732759945,0.792058381250543,0.1059029805545018],
[0.5428768101932586,0.34803186908264094,0.6562019014191703,0.02360326406595749],
[0.04396892006426101,0.9857352526212741,0.40150989390039094,0.02783521441628918],
[0.5564232988527684,0.7132602086327183,0.06343849199354779,0.03148376510664113],
[0.5883637947424736,0.1957520268076154,0.6056083622555758,0.033717595978410675],
[0.714085970972521,0.3793644697714872,0.2247048604148313,0.02706819422618713],
[0.7831932011819299,0.32208266323794,0.44890157118328944,0.020253025128008244],
[0.5671964267314505,0.1534175129383787,0.9212812053358381,0.023769671795844625],
[0.4612995618983067,0.5978828619656347,0.48156295876698374,0.02254693745243927],
[0.07182699804990367,0.37011055439727825,0.6656432165957971,0.03270941745203567],
[0.7932060158552807,0.6048875744612479,0.7040204385254992,0.028156919550640848],
[0.35057555568439314,0.8377005502428072,0.17635120825001238,0.0687042192709966],
[0.5547360804874499,0.33943953108611935,0.40200256316762184,0.020373276557455182],
[0.385957722634902,0.62751186182915,0.3481390251365193,0.03509910940071126],
[0.3258028489850049,0.18855709449348546,0.6694891715239902,0.06210386546150831],
[0.06601500542536498,0.2764350980298146,0.010095255388642754,0.09340817700062339],
[0.8351023065671762,0.0005178476122197351,0.3576641902456835,0.05702903273609346],
[0.7979728906857142,0.4708569906881501,0.6760775266018906,0.017318508384410465],
[0.22876695603717268,0.3907821997166556,0.19226926366323838,0.03378556218869806],
[0.607152174100276,0.3007378015851059,0.2087631169543569,0.02753438579477254],
[0.3322571628816976,0.6046376899669813,0.8521649284307665,0.042128517066403484],
[0.9279825868252077,0.6430739461339453,0.6785357709475487,0.03248935472715644],
[0.48074604845872526,0.20219252393592313,0.6575848208071332,0.021722854536129967],
[0.9915635842527885,0.5456103076021077,0.9432704289151266,0.023992991181324183],
[0.08044537266937068,0.10831765970536655,0.06607739911266064,0.04840839314655365],
[0.30116394075238395,0.5870151155257275,0.25021434096117945,0.028564499211877176],
[0.3113351922758203,0.8807506244454072,0.24716717513461917,0.020716729534028894],
[0.17018662013074592,0.8862210640450793,0.34405856966210424,0.020794051988449413],
[0.892754601414065,0.7663737236302989,0.20188855646769632,0.1403444708101872],
[0.2793871890670867,0.2199927100621648,0.7092487403554117,0.09660951088993025],
[0.8049934835742083,0.5366369085699503,0.48402368474600144,0.017294841211150512],
[0.26827197549221493,0.7442655608768726,0.35047971571910086,0.06455620925171872],
[0.41219390896756214,0.8212471291490661,0.5741554161868095,0.028613111371741058],
[0.19734672424493194,0.4716734074984804,0.2445703982490285,0.017090469925402807],
[0.6582700628039478,0.35696335126900525,0.5757179632253,0.0432589853642567],
[0.35897175215015975,0.801563489759311,0.6396161484520541,0.05112654347953832],
[0.7489765959487408,0.9274356783959515,0.3673618025104569,0.049523488578126704],
[0.912683877130525,0.6887444183457138,0.7358683451121586,0.09272943255770259],
[0.3253083165893256,0.4505968846819467,0.0875768629660959,0.02030270515044144],
[0.4771403382238303,0.9080787488329894,0.1249436944970026,0.024370745963957663],
[0.5173277967410974,0.038691058796473055,0.9152536720514604,0.01740207918092511],
[0.3722205540162833,0.369889891629136,0.14991407305482984,0.019646979716786986],
[0.2615356571505475,0.2831889862949206,0.0633525110934251,0.038896196349923466],
[0.9464342499329834,0.4846338861667079,0.8879820928114719,0.01823418215774833],
[0.7598836222908977,0.6461818474362422,0.4508842034002861,0.02621215624737728],
[0.4899099052478245,0.6641375547675779,0.3245710010640962,0.03333395976969331],
[0.7341479738061322,0.20115271668507817,0.6231184882186331,0.02963197083390825],
[0.317669470271259,0.31076681380043214,0.6496530706596862,0.05628481257766964],
[0.06961580106728504,0.05824828207615129,0.38788486841420067,0.030319365214749976],
[0.9453191400838862,0.9271475362868826,0.6748034641865849,0.02059965046947073],
[0.9851315458792675,0.32411037491107064,0.31357267846254366,0.08911932859840971],
[0.7256727559775124,0.25836392569852085,0.21259049323335888,0.039909785877094234],
[0.28163458736469926,0.38235830349692757,0.6086391371627139,0.03271737007136063],
[0.5580947589349031,0.6640915894409436,0.22701326353034113,0.023623637734149085],
[0.9291749215394305,0.6808307674029365,0.37370035322736495,0.02191628412087667],
[0.47973918698712326,0.6124677589215672,0.35957796216170446,0.017498308030853296],
[0.7153154861665799,0.6150840452744736,0.0873755791953893,0.02378866556339563],
[0.7124945674471889,0.6280864394612815,0.03996958787222271,0.032406629766400914],
[0.613005654789262,0.2846375980051632,0.9505867326343765,0.02639178369719252],
[0.37589646206952976,0.8180120627814615,0.8309197783536982,0.030535323074488113],
[0.8543602032262092,0.3149793175639226,0.34283577490317185,0.054765782260895735],
[0.5262037930279009,0.7603697034464182,0.8374702086774166,0.025449643569075413],
[0.28504157802780417,0.5254922756714332,0.048970689597708894,0.028386088322028435],
[0.19693865545349043,0.49311999831001074,0.7713583807944138,0.023296839541721855],
[0.06720251412395684,0.45269150897416655,0.027009939713001474,0.018984070319819885],
[0.7433620003254318,0.4520850538230565,0.2578310770186074,0.022215873635613004],
[0.014212915330035769,0.53742471199774,0.9018297336851175,0.03990168857426941],
[0.7603559819478575,0.9348821862230962,0.6452471179549122,0.0462951102300735],
[0.7375072189920122,0.00794012650262721,0.3140689910740543,0.05813988981753247],
[0.6393701934838838,0.5384240769294444,0.9783230134632133,0.02066439594142895],
[0.26423147866987284,0.666483074284593,0.0412030243778122,0.09433291855950474],
[0.7165437638936681,0.4424580879532296,0.9361479528199529,0.018180093058146718],
[0.09251063317786223,0.5941313729857356,0.8280389020033401,0.028598345449303036],
[0.5816389341163726,0.2439504376329893,0.38294330805831267,0.025922566513394495],
[0.587028130610285,0.9335885703685654,0.5840406473543401,0.047336387332873],
[0.18821215784688927,0.9896670879181898,0.2238132559034235,0.12043168575486816],
[0.5498926528713781,0.8299802504586268,0.4618011541073551,0.040277974178436475],
[0.9708575325893295,0.9055051851772402,0.6441335585973372,0.03169619827102053],
[0.6108197543130959,0.20906508253821743,0.23757704676992009,0.027499488719187837],
[0.40449187180885415,0.07792338652196917,0.5745527302173258,0.02047166965105162],
[0.917880467844737,0.42016477440193345,0.21576076168915603,0.019108949783232833],
[0.3440810268591509,0.06431348205894794,0.3992725831006787,0.04067539174593148],
[0.6745445822918948,0.400939063592738,0.14611549629885245,0.055563548936358814],
[0.3887851293415673,0.15411254914082062,0.24326227770644615,0.032474923565567755],
[0.20134039560078953,0.053832664663523544,0.35324356898737275,0.05007026615945186],
[0.5842712442908119,0.4291139059335697,0.5804158561782795,0.02068459034917662],
[0.4106430240922656,0.3669942545076663,0.9962090466494222,0.030082898050584207],
[0.18878080073139825,0.6133701467975038,0.21611369202703123,0.049095737845009924],
[0.6693383425340709,0.04626302027844398,0.01153599036515085,0.0639733080644201],
[0.928559434120309,0.8296153346954616,0.9962614756559969,0.11354102979993992],
[0.6541006208121205,0.0691249632075821,0.26425400133109633,0.01827197642656552],
[0.8495021044064014,0.8861243077776247,0.6086398071615117,0.019260365660740512],
[0.6354930959819676,0.14134776444264152,0.6969625179864047,0.049772804933964854],
[0.9731173429621389,0.3107265625063971,0.6678880664600475,0.08773608627266834],
[0.9413552398394386,0.8196074191162621,0.42600090062789275,0.03369708796557506],
[0.8999369724236883,0.783666912893914,0.6126996662332534,0.02792296228865318],
[0.48288257131601187,0.5123534936349301,0.23504845487738713,0.023240485326507826],
[0.07784881213981931,0.14462879503358395,0.12207549054731814,0.04940908547781074],
[0.8170997650827543,0.9712687113159502,0.9968844955276375,0.12212403809308799],
[0.03548202928891342,0.2204378488333233,0.39498112568434973,0.03385300808007327],
[0.7802273313106948,0.37992085712740153,0.2154100871085708,0.02912502249888299],
[0.9839311316661904,0.40652058875193187,0.08845926892264022,0.04215557361256296],
[0.4386544985761921,0.09446419739549083,0.13935255086882625,0.018724370759354805],
[0.0026905235792311633,0.36792930730760076,0.7625485400907955,0.03768514849784067],
[0.2014467147395962,0.07344331033962093,0.444995129593197,0.026909215519430568],
[0.5195396075563675,0.9653028469348034,0.36805213164737993,0.028299578526067272],
[0.9709574412707275,0.39522684429324595,0.25680113968520235,0.02110004552116277],
[0.5905461526081793,0.5295413260025621,0.6967313687007277,0.022699343149156066],
[0.125036207949353,0.7030376525703319,0.5979623488060003,0.02764369997863702],
[0.0030916043284877626,0.48753183329150085,0.30692887207987674,0.04092213974133706],
[0.8613746322924096,0.7029296791889679,0.3624886437176865,0.04766847381115741],
[0.8417092760640885,0.34749121917495396,0.014242859020848986,0.056039853083951346],
[0.533904370357609,0.5533572829512914,0.8890956450384346,0.0289011460744839],
[0.7802007856452365,0.825091909922236,0.8835225388070499,0.09479216491440856],
[0.38132117959470957,0.05710728123497244,0.5096441950622729,0.04088650709617958],
[0.04529119875614618,0.48133415512673017,0.6526580464572919,0.02118918589803223],
[0.6580003643108371,0.30929227257126235,0.4414682069616489,0.01823775594823185],
[0.6728078181402686,0.13138388648548216,0.9026437591188198,0.07126118015962891],
[0.9352430730151665,0.5457557189628162,0.5872704165025299,0.022379006706913396],
[0.4498003825974851,0.539020040883547,0.10048186139738069,0.030407258556233163],
[0.8138924271085388,0.25534813474453455,0.3082724036208675,0.03581853596684608],
[0.10257806952793758,0.5326372710514666,0.9289887696320437,0.01704311748473917],
[0.057739385672954224,0.415919311709283,0.7077054336218789,0.03410533602349572],
[0.6519793864032036,0.024189370240523478,0.196830249922748,0.028525763077153293],
[0.8313906704774447,0.9586014886603048,0.545599486359906,0.017108265982854254],
[0.5971945284321939,0.26690859127771693,0.48739032913923097,0.023903687150963623],
[0.4424861307886234,0.12674756982718371,0.40141307498287715,0.018850788878079144],
[0.28903058558294237,0.5941344154699494,0.3266195679117977,0.05436168349132864],
[0.43247803626567827,0.8435025078316607,0.30773616943789417,0.02235754720501574],
[0.9600713005114653,0.6315247900193316,0.7958000101837401,0.0525510622911779],
[0.762512896212863,0.7031453664944478,0.8056682435111465,0.024856387666754354],
[0.45760139054819193,0.6849387575154915,0.8968720320331837,0.017597791644267856],
[0.7443953917728475,0.3606996935685953,0.9359454405121524,0.057546981217724724],
[0.6076608380447411,0.4069597380798624,0.4448185753696501,0.022942555057489072],
[0.5265875338959574,0.7012520281347628,0.8261896143573185,0.028852896979338807],
[0.6575899517060522,0.607176944659859,0.7030795187812288,0.018138998014718806],
[0.3015271978900289,0.375307658064725,0.6634273593772799,0.04912792111741447],
[0.3635286552671023,0.5124685699682935,0.1955604217167679,0.019028054946075554],
[0.4670819838824384,0.21229988438274083,0.1447560022826132,0.0343760574747375],
[0.7498663951517883,0.33908686044746905,0.7632347845540016,0.056244622857405],
[0.6107581841670514,0.161032367890104,0.3767210302500045,0.02251611660016075],
[0.24887245252900658,0.5664323635888154,0.8467479968092362,0.027176058104152738],
[0.5328990913716791,0.040109999602721325,0.9429937390384793,0.017761796363747646],
[0.6593351862060594,0.09514313037624023,0.35948998207851157,0.05382612863629117],
[0.7474066831467524,0.38455260451130713,0.6228244462723792,0.043297710863662076],
[0.5710849953772922,0.6402512898958169,0.9854060931889409,0.01988869183356487],
[0.19721248478222375,0.31654331333127095,0.688156444390148,0.07693674976029112],
[0.5895108809517123,0.040684480974216175,0.47681950031964626,0.021260407770743818],
[0.9763580597816933,0.6953312802192786,0.5240623968655155,0.029815744917097847],
[0.5666977290565947,0.2632560892649519,0.48589664274726074,0.02743748524416533],
[0.27041849935798656,0.7304562925891075,0.9897625816860119,0.13022420654685046],
[0.012617457167993451,0.00745161209999512,0.05936100611032802,0.16866321477982033],
[0.95024429298868,0.938769153944246,0.5176514878826175,0.03228733217897441],
[0.281203902317813,0.6957419027216994,0.24037011039748912,0.10210419318436031],
[0.5378120806441369,0.028929351923651647,0.17602454056034966,0.029263074051367438],
[0.7913893057372631,0.8715225281327985,0.7872896879788205,0.04755663196987141],
[0.9458555932332471,0.3992966922969391,0.4850003138598894,0.023201007649010348],
[0.7247247081792975,0.441634145976035,0.15976018021039218,0.031906532146185905],
[0.7164176624966755,0.6830342715034105,0.38067869130026966,0.036592866388412484],
[0.46642403585727876,0.6905844530960693,0.35764270627435757,0.02222770357934893],
[0.2485527898570946,0.019405561647661496,0.1969435641876005,0.03617822441199707],
[0.0681520435771551,0.05235839373737772,0.2980202167484767,0.0685493256947858],
[0.8985938218601464,0.7730183366836754,0.5477881658344149,0.03238612867398474],
[0.40907398364586933,0.9308557330125916,0.598614658389867,0.023136780929659685],
[0.7830840955203023,0.6891719827470391,0.41439626383621575,0.0431700107560894],
[0.7239076297604042,0.6913279601244112,0.6903620620835849,0.03577730159649199],
[0.8244381648376162,0.7345951360501237,0.8115049783852458,0.07245730015296732],
[0.5362157828356903,0.7171869174821656,0.0013484716526989127,0.024912485622109244],
[0.9064242026140763,0.4065676182207377,0.8803628278875,0.02517829075364101],
[0.6645406628265622,0.038215564050190776,0.14948019952760128,0.026347630301075592],
[0.9960715256151906,0.2692692168378551,0.5690172035689552,0.058282409064795454],
[0.4979530278113694,0.06379959793863033,0.20369332472044754,0.03980144207690567],
[0.7526804871803451,0.9936435414116582,0.49712283255744305,0.03024809244963099],
[0.31950938345445334,0.9674098911663939,0.15794457225784098,0.08163955383333324],
[0.6545445681085769,0.8445260769276438,0.8291710460563688,0.05562549158103132],
[0.3688528074275499,0.8325823510960452,0.7014052692986942,0.028257912251619402],
[0.6019278906092909,0.8121734390068261,0.5970491009559572,0.03645553436205297],
[0.3933846477037619,0.17831389008944576,0.7765140296464578,0.022296631915316382],
[0.7405404566433516,0.36425521681166484,0.997840894844015,0.04023754874383041],
[0.6671732789911518,0.3178443036084665,0.42622653604363103,0.031260199262713874],
[0.21381837488860267,0.1575796221689849,0.02406332695067559,0.028904904638132188],
[0.9375876392772419,0.38518663094243444,0.7253174503533504,0.02682259502274134],
[0.4067807970966808,0.5770186911669204,0.9342591871481729,0.029365751342238483],
[0.8177338574195943,0.39413647793863904,0.16816893473663663,0.01917533196013302],
[0.029872889801945135,0.5571040487647785,0.3781888119002793,0.026347039563671404],
[0.5857170847847375,0.4564121093398724,0.9418991782735443,0.03371289888268692],
[0.6659114313549822,0.2749138761985247,0.854961083836252,0.07152314224032813],
[0.7522914680948076,0.5894369904018364,0.2600130599776379,0.025629935640349433],
[0.0022055858297967967,0.30665087434643334,0.6753603268638831,0.0967875424277819],
[0.9269678614855182,0.2539126560948468,0.5522439624412417,0.029604832177070065],
[0.3935584886253988,0.8852798646167858,0.1012996347402193,0.022811269618871546],
[0.3957921209024352,0.6642693812780462,0.21951490095172466,0.027014300824334807],
[0.12001304245598043,0.5186371208752439,0.40676873774296296,0.04632340169142832],
[0.7335514183455561,0.6722355803344886,0.29654918012672093,0.07734905370539773],
[0.6082519042442927,0.17347726527164065,0.9030656389551306,0.029423810392854598],
[0.5971192856713938,0.9532985093762635,0.054574623855377036,0.03740285919242591],
[0.7222584967130152,0.3546854993196279,0.7030518816100653,0.039190579561883085],
[0.700654528297488,0.2490069958420459,0.6863945024774255,0.08902668932146154],
[0.5796716272845482,0.026304120918710483,0.43208289241593534,0.02585931339578868],
[0.3106487654663701,0.46293918573099235,0.2722717601992959,0.023221063853499646],
[0.6646835604419769,0.8813801157497636,0.5047653836095235,0.024414468092579404],
[0.6298196058324811,0.5823368388142435,0.7087818374538265,0.04303548750668194],
[0.4191554532396198,0.5428281444351784,0.45653514633970615,0.01922993138247011],
[0.9652027120601486,0.9399944642361916,0.7394607288805984,0.030489719052827283],
[0.9099730690842894,0.7753477762336622,0.3962633040579273,0.03918481645204936],
[0.07423521630576357,0.35660070665895705,0.822891273063841,0.04487667363097797],
[0.4691292110954298,0.3256876277809996,0.5547366977956844,0.02146340504146106],
[0.17279820792238743,0.32246757548659855,0.7746524341746489,0.07497693516321476],
[0.4462783167061328,0.04036016383685026,0.22618984778563478,0.05444049595188097],
[0.3697962978908391,0.14815970435302395,0.18047494636674066,0.028118525593969615],
[0.6090297100166367,0.9955887447077859,0.6565846687866049,0.05855805428899338],
[0.6302617204088802,0.67908202191699,0.8576138961554459,0.0429796999622555],
[0.8863500374994262,0.5362698154415788,0.09791478089594174,0.017328496748862797],
[0.4367358865405926,0.7376925932454131,0.09477630915880553,0.02157858449186796],
[0.15803285290604985,0.44213225366663633,0.7166004755348128,0.034784052820008855],
[0.20915510058442965,0.3703558647682559,0.5475723998053151,0.017793294392727338],
[0.5577836831247545,0.9035629547339842,0.8110832904321469,0.03663310212836574],
[0.4803949419560102,0.36269983535302763,0.9319903582269616,0.017715381462001828],
[0.3498788116381576,0.8763762430595817,0.9144382465572994,0.05020465521943848],
[0.39075329086153177,0.5358067092750618,0.5943979038984566,0.01721272872194117],
[0.9923615254830067,0.6115927608501671,0.35024431524281874,0.018169834464119426],
[0.6583750757539609,0.16966430836216417,0.6370640788106829,0.06162532572233097],
[0.6734690244602686,0.012614524592873377,0.09621686819037623,0.07003883622323984],
[0.6861337839741597,0.3078205673425197,0.3746257392846466,0.036586006901530625],
[0.6929982452941843,0.8563128554715219,0.6095056995509486,0.026205515071939668],
[0.3339127006746401,0.005509179687326893,0.4198640032468497,0.029808039839522488],
[0.9323755480698268,0.3692372080787052,0.20260484335083817,0.024335532045463446],
[0.4781371967425596,0.5444060964076896,0.5697151445095774,0.01855108238149189],
[0.12482381157218081,0.6814594833163787,0.5665131812142482,0.024874386081884664],
[0.924916747376589,0.7547311261380499,0.4638363060393579,0.019374633731865862],
[0.3747922028166929,0.6536810115334473,0.9241636042058853,0.024130842178275547],
[0.6191910186122809,0.6034275869853488,0.8647836334645587,0.025134630355874134],
[0.757721168706181,0.21668198448335307,0.31206778707042815,0.018254465953491762],
[0.5315071717461529,0.7192000284221738,0.46759557369019533,0.03109588610475631],
[0.41476336257058155,0.6524907087633396,0.2530726113066708,0.03256700358653264],
[0.16535844995162163,0.6087608507755294,0.00012371315554404738,0.05670055864141424],
[0.4965766365321521,0.4726795582918224,0.6028836328987792,0.03028440362365649],
[0.8065996351707538,0.6383618512197033,0.25208818193204363,0.05979965046512911],
[0.28200420277466276,0.523465064618496,0.31079610860438445,0.03653916815386669],
[0.678966181168887,0.8067193781340933,0.92867024448997,0.10161117716601788],
[0.5759461741483562,0.15710469815901018,0.25058520802973927,0.027052056307208264],
[0.25351562977673625,0.2534732706674462,0.39790581707277595,0.04047262017179677],
[0.792533482810347,0.21497008695731745,0.41657632771178676,0.03512893742167608],
[0.9428765016932691,0.6044272153138215,0.4465668207211895,0.01898567984011975],
[0.24264052512905265,0.2783234185130973,0.2665302631961807,0.029045478979358316],
[0.17131389699376154,0.309733456570775,0.1587492407505341,0.025513686163219702],
[0.7329971943438275,0.38372236530718207,0.01403147016147055,0.03202494104621642],
[0.5877988242152604,0.20762304703617618,0.33186565232414034,0.024604881203497513],
[0.9394069935664603,0.860355744394474,0.6919330750717296,0.01965991063672879],
[0.7667843981601334,0.5956604776576774,0.5349301609345656,0.02119734311484487],
[0.25376509557313154,0.1954968475294866,0.32535742983840255,0.027572164672885938],
[0.6037174783860476,0.9952751631796911,0.512060600503547,0.028411072296666576],
[0.3910329241042133,0.6784743883839328,0.34264541388263803,0.025825429773048775],
[0.3949611379391743,0.24583283578609616,0.32312207180702135,0.023566383043057],
[0.27013210837172175,0.14519438273227914,0.629047657104893,0.04350904051079395],
[0.8348282305903507,0.4408116389077922,0.29905288867148017,0.022329032844010686],
[0.6405884361494948,0.7891004115375143,0.645503948747112,0.021144833136293298],
[0.6228025830992397,0.4498543255815842,0.9070018763226032,0.03315949526418505],
[0.5702122789141788,0.20147073644949975,0.2610794370375339,0.018219070937926046],
[0.061428386095420784,0.7996077232303879,0.348103386769267,0.07390061196695726],
[0.6060690871625907,0.071594912313798,0.7802581505862209,0.02935827852925494],
[0.5856717036838195,0.654472875601726,0.8895587857547554,0.03209778867116408],
[0.24952023088380726,0.30667050895510706,0.2511553575217116,0.03967607764132324],
[0.6000253379684581,0.6764725419306774,0.26543255305652436,0.023015025584005734],
[0.4786129371583412,0.7674441605034232,0.9728786419693048,0.017373740688131835],
[0.6940157980864946,0.3388657306657563,0.31775627841645826,0.035733429709659266],
[0.25754801671652394,0.10022895087111627,0.5377152724589789,0.027540937335125894],
[0.41614106922289784,0.8962293743268988,0.6383125283487344,0.01760063648537167],
[0.27597642074020823,0.2475532299310843,0.27905332165489194,0.022885537629390704],
[0.6503583454950002,0.6957854368055096,0.20890404384596106,0.06381046016029836],
[0.3981793255168323,0.8227530461368052,0.12207392195847933,0.039648401707439516],
[0.35713756296140564,0.8921564948263759,0.12881508533471708,0.028668213621727882],
[0.2710445930587787,0.7168602332049439,0.5578869688712023,0.024046485908133894],
[0.5645010216722601,0.9857841045200499,0.29196755924376205,0.01862455414276319],
[0.3548780323262368,0.8521147656967647,0.2505810849164747,0.04450570919478425],
[0.4616315520748826,0.3504408164378734,0.8970340383907051,0.02670972819543644],
[0.23447551365862895,0.6798128906443137,0.5584681339179369,0.04279182983302902],
[0.6213986710286474,0.9878473330074131,0.7465476007909425,0.059105452832429226],
[0.6849201745477715,0.692702336195098,0.7270542520263861,0.023758393699587668],
[0.5449527466926204,0.30863601923999584,0.9791962155077018,0.040168308383841556],
[0.8078837619767946,0.47347204129827214,0.31906087414141704,0.03789474212781526],
[0.11517122446301464,0.8914373016251774,0.38873205228550434,0.02717504672571041],
[0.5734771765185107,0.8301062820765146,0.13043859828642768,0.020439439999459817],
[0.32145820595943775,0.36631790986836,0.5897265794055361,0.030080072113082536],
[0.9599670225131998,0.22748566974737627,0.5266030287494317,0.03189182818776559],
[0.8697865488053363,0.25785369317869433,0.5703636697568844,0.03307267796776001],
[0.6177943891982194,0.36679782330621047,0.9972240215798884,0.06762308953017862],
[0.05863917728824253,0.26565291070368247,0.24271730349529497,0.0429756165726293],
[0.6058813948483365,0.26093021533612304,0.1903605780689409,0.04008571254495404],
[0.23232687798232798,0.3833752261484983,0.10516406399272216,0.055951929110362356],
[0.3171889949803005,0.49701712908203977,0.7673117851264524,0.019006742741717576],
[0.9922764828792175,0.7508446588035406,0.5704008732098267,0.023607182358447762],
[0.8523077760666872,0.26940747178738456,0.47758412293417074,0.017297894526883052],
[0.8725873820086157,0.478712123512397,0.8533798947513669,0.019095104964400623],
[0.520053004229604,0.7004621962197543,0.7336661988268819,0.017531133500676727],
[0.9963899118501147,0.969674667308636,0.427711572397821,0.04608048185821019],
[0.5221740750924894,0.7076165609923464,0.04936854448235384,0.039372382549285496],
[0.534635089063907,0.6110111356182514,0.22684183748918518,0.02485397228188012],
[0.3963634088080209,0.7358576718942521,0.43541198635585865,0.017055115876631444],
[0.6048739825812498,0.5410964361629683,0.07039891610064386,0.019100869156799108],
[0.3732608946192968,0.06073047425252287,0.008038858993625664,0.052919642982487705],
[0.07004109488018484,0.14564235069426468,0.25207565424399314,0.032292313974890234],
[0.3688285695933977,0.24508531793525878,0.3762018160806827,0.01976215408274206],
[0.6829400907790845,0.3226386446246886,0.9484139198991555,0.07530852702871389],
[0.21646802603232396,0.3952619827276125,0.44410436658759445,0.028797851196232724],
[0.7981791312929244,0.5411279825944161,0.05867630383203637,0.020266277604643584],
[0.4944910603402559,0.2813141736440683,0.31736209011983196,0.025749745985846395],
[0.14235794541132607,0.3757173357622925,0.21082974313201508,0.04804041481792963],
[0.09076939021414787,0.05907634857081645,0.5806423386907615,0.0198870592396548],
[0.8463780852712777,0.5507644395878452,0.5815617932557594,0.02119696362323626],
[0.2910039684342747,0.8887405213700478,0.15393986400528625,0.08479457404276645],
[0.4441471616059246,0.8115302364928757,0.16485487434692325,0.029897884790930383],
[0.9545146589802451,0.2820940334494464,0.42216715898504076,0.04915895997888643],
[0.6600042595902518,0.7726702948811627,0.7470932001695995,0.03843894484585512],
[0.3607298731510027,0.6482341513733011,0.32616774133732407,0.0558833650309324],
[0.6187732720606259,0.6393280697015806,0.8888415228370994,0.034573181425281756],
[0.22854396009175315,0.37680999106183444,0.33824564152237435,0.048171383805120926],
[0.6104395912564492,0.49912390719878386,0.4453128380878534,0.021222468927320284],
[0.23798067360416186,0.08521869174280328,0.17381856867491774,0.023207041042630917],
[0.4256732301308531,0.08167654605356933,0.4077101476223758,0.037346407212364326],
[0.48555063546013943,0.5834002560381457,0.3133393363318283,0.026115041974747705],
[0.47596234442728935,0.8157679035199882,0.1154958591759152,0.020822212249246942],
[0.5872269068663954,0.04051136427062585,0.24333965450630912,0.02154680497408632],
[0.2780241637964087,0.24636939467784047,0.05373606134800679,0.021458121875851367],
[0.6616927735873606,0.6025993583300231,0.2973553225417501,0.0335761740525807],
[0.276024522207875,0.45699371704501524,0.20103384399864033,0.0182906939755169],
[0.6209245919810106,0.5267497562841169,0.6504025560453304,0.022277267603936807],
[0.6118634336710814,0.6197141688469635,0.7353932196089883,0.03926610342834518],
[0.4018479112704545,0.2627929363832011,0.30247680604299587,0.01728308860679721],
[0.7271963148466505,0.9788258146332032,0.4605934651572272,0.032918506673934894],
[0.5910053169297464,0.06852289200253403,0.2599232407341755,0.018100493056342072],
[0.848392518995926,0.1616684859495353,0.4256786002364179,0.026301175925268143],
[0.5704320167178409,0.7477003848131374,0.4578280904823483,0.023077451526631904],
[0.753366290655692,0.5835370677352565,0.5216325766665141,0.017170338264387658],
[0.3979201114614169,0.6754265369718263,0.6460896592165061,0.019008305809171733],
[0.3701676500048787,0.9986801005856554,0.5284978888347993,0.03212924632300869],
[0.2954670218264561,0.8224724498059506,0.6759679346114602,0.031892212483749655],
[0.7729623870356409,0.47015794678153866,0.9116097278544253,0.029952425720735316],
[0.5285175898211601,0.8997632776857607,0.5872332829927306,0.025340051017554467],
[0.21594863893297833,0.2124859390021706,0.03514448129035286,0.020435007763438547],
[0.5803908057225304,0.6469665132224535,0.682264212015177,0.0184951429441226],
[0.33740167062631576,0.9274168448392023,0.5530425858044786,0.020646773722205865],
[0.9562824370979492,0.4150064776946649,0.8360344172616228,0.01842003339810583],
[0.9822431314736362,0.018028682513730576,0.39174925443870157,0.035824758380174807],
[0.12751948303419391,0.5832187367763776,0.28174622292652163,0.020536104056753095],
[0.47727239015976775,0.08745051634534295,0.8648894655746345,0.031638637392003864],
[0.08288519918187931,0.6397570390658026,0.8186861734159695,0.052713960923992706],
[0.7548790341221749,0.013358682563035629,0.950301849643814,0.14823420069641546],
[0.31530425604814205,0.6633518025882876,0.3587216571826902,0.04499527326620741],
[0.6980722292722521,0.6515393115784303,0.22246710690317462,0.05899129858538542],
[0.304910450084081,0.40190148780574375,0.1522650509980351,0.03504627209387965],
[0.7261715826070233,0.7823566956344954,0.633688252175807,0.034282400066284836],
[0.8008577131334108,0.7995782134803339,0.38085146810865,0.029874234923038367],
[0.6935291993981377,0.07154558442348635,0.6799564835824986,0.07429726458709489],
[0.012192307171610017,0.7161446074336237,0.6536251724283693,0.05829347791130232],
[0.18333036402745229,0.11352468078276101,0.3780731018488762,0.025367551365525126],
[0.23808508502713266,0.9230987555757874,0.6102954833575551,0.046907282875829306],
[0.7236570355238419,0.7080174272055092,0.4979319103387494,0.0219590318458103],
[0.9179856355499905,0.2991672820183189,0.016382019917218882,0.08005024097270874],
[0.9342487356448915,0.30750781389628645,0.23927334622567764,0.05887784814158359],
[0.3642801272962004,0.31907539973225607,0.1727802108296651,0.05276049957754188],
[0.4641318684612282,0.179421338123827,0.9298321790090236,0.035068283070830264],
[0.25480710272916296,0.5424575145772037,0.37118608961413524,0.047197434338062755],
[0.45774841566854907,0.5735481448516607,0.2419885480243047,0.02358961715192591],
[0.41213735501682647,0.9525195343240491,0.9284019460109034,0.030792341864933105],
[0.537567308093094,0.6054697846773778,0.5392399912611001,0.018415861444827757],
[0.5329124969873063,0.6008324979338573,0.10435680133187375,0.022600012567025596],
[0.02674488558495114,0.6300792186848974,0.8671840521289575,0.017629168015172746],
[0.2524777769074853,0.8140717943401329,0.6105940607935822,0.024066284605111378],
[0.005514817191459742,0.7801294313025954,0.6548315124022335,0.07199701081041585],
[0.9466931491835211,0.8177456602061699,0.48358855074268836,0.026214151784098548],
[0.5204932115742295,0.30329022311788634,0.23490861903050897,0.01832239849621778],
[0.4946027270849439,0.2978747386720655,0.48595202505590673,0.02023388022601663],
[0.9877526729443661,0.8711514833254833,0.4949384808298598,0.021702702469162866],
[0.9652588322301703,0.4836535130672551,0.8277300004555463,0.030510735172504362],
[0.11819360573285598,0.38265339765893347,0.12576873497900432,0.03156980526700356],
[0.9090774597883722,0.05610101267555134,0.03923726974683517,0.08731170468382746],
[0.667229209356487,0.6281905756141516,0.06858965965508423,0.0321918328012405],
[0.475865047294573,0.3395544925779702,0.815726862792949,0.021761198890743738],
[0.529655023147872,0.9209210097997559,0.725764699559495,0.01749555498801686],
[0.6414323690613541,0.008744530921054872,0.6781667076170279,0.044595498206676035],
[0.1974464393085681,0.3977762880745601,0.855699064728475,0.040681737838745735],
[0.6113766293275098,0.2846981270858505,0.5553634900329596,0.02041770662693993],
[0.8318747616219018,0.054051494928051835,0.4088110120837737,0.024849849385219884],
[0.9119825640719316,0.3685538073757926,0.2654858964752671,0.03267140735078778],
[0.94339738593408,0.7869614193800533,0.6547948058280582,0.035340141176773775],
[0.4010427733933465,0.8640800192830163,0.1303342432165172,0.02583085087666171],
[0.16118122601890228,0.477619581432116,0.25803615933102975,0.02798450983304767],
[0.9794748014982798,0.06701085886445746,0.3702767330625123,0.04656169624165625],
[0.8783337374702745,0.2734330124410157,0.3727092312091522,0.0312468776462295],
[0.5083938417930551,0.906677343217955,0.8459363342698073,0.01837478341513682],
[0.35474293683240543,0.18966854374766118,0.030085645167125752,0.04539910121003354],
[0.41864665713495497,0.34472148395110525,0.010845004777708,0.019324442407524595],
[0.4772816361383043,0.30622086275886784,0.5058836619057773,0.02296816395420139],
[0.04153420493669213,0.40896988597553297,0.19938183338528126,0.02053878722973132],
[0.7050584149062309,0.18915873403040562,0.5759101066238478,0.021447874679904902],
[0.41326203961884056,0.6553938198926446,0.1838346786834194,0.022319744170098202],
[0.0003672003600604379,0.35810175068154115,0.8072316471546546,0.02544465752686135],
[0.287213155326261,0.06988869359967409,0.5804430256624002,0.029866611580900877],
[0.722820737702624,0.8690170455354753,0.4784150103342739,0.03217823364269064],
[0.4005586638298432,0.033279755625643004,0.5389687295593216,0.03158028107869494],
[0.11922840228507958,0.11772807906582605,0.3920858914595533,0.027296132193817893],
[0.917172444086794,0.9862280102074638,0.7617694679589132,0.044185127686189644],
[0.7817841793892193,0.05056551599293635,0.6162390468906508,0.028971806125864787],
[0.44266033457964493,0.08899009354233733,0.8880143697912616,0.023606403915966835],
[0.5524576169339134,0.6899341940127222,0.16612696506831603,0.019630696345275166],
[0.6400231765129676,0.9300260017488642,0.3739036794372299,0.04046096499176615],
[0.9273775589732093,0.4698124578216275,0.45334854378823397,0.017449192501863338],
[0.5316630257005311,0.2434834243575429,0.7205011281378001,0.021590343994540566],
[0.6678694538436222,0.038785496663629404,0.4698172893523308,0.02200072985988394],
[0.8092197252801671,0.44220667038738737,0.012243379075699057,0.031761515241501115],
[0.247944054765333,0.1599274990549706,0.3500151830140553,0.04401906441758321],
[0.4211401463370317,0.8588095404191659,0.46837855360674563,0.017028354225963632],
[0.09431483663682827,0.3787120049237508,0.30844443498265695,0.04012353343980343],
[0.6704369737569863,0.9032118947496158,0.41014134253350576,0.02218159627954952],
[0.8228978962615833,0.273259434697691,0.03248991122131073,0.021385793286755363],
[0.766990793948516,0.3513058905393085,0.22838210689185567,0.034112055738778284],
[0.3562840284220379,0.22594874978016322,0.8237151286179349,0.053355275323455575],
[0.7764685427512718,0.5388465408597258,0.8106048541273443,0.020328311962815676],
[0.4601586580184148,0.4204177389602928,0.07168929940799806,0.017125283873483298],
[0.7772300268369539,0.932094254180865,0.8000695833393943,0.056329845866633074],
[0.3713908358647211,0.8830748734008658,0.5143969866451064,0.02778876199251059],
[0.8978358241680345,0.803324192794825,0.7429835484642136,0.0223962517925703],
[0.9787091345187642,0.39728071829999223,0.6813143808080098,0.040194704919147964],
[0.20353948212006545,0.34980626544217497,0.142692767618685,0.04021150205480011],
[0.0883471680751664,0.030146019730208362,0.4017956452244684,0.018154239043683802],
[0.17405854567342194,0.49794017297406123,0.06358312589108794,0.01964369346903925],
[0.16882103973499718,0.8823322686100279,0.6145006131642754,0.048685410083856545],
[0.3685717768705177,0.3054478944827992,0.9205482463617287,0.04800154729082],
[0.3959797868818411,0.3856026098368466,0.9442152056666478,0.04156307701833556],
[0.2775611693365705,0.6266711101273227,0.43087003688425907,0.017715506027422598],
[0.23567932821182402,0.9636380681541389,0.4669821888710278,0.020690928206559225],
[0.8771042964232496,0.6993043307830045,0.5491061774658649,0.027101821330253448],
[0.03328073140809218,0.21576724264150937,0.08061520349941453,0.06088739289795486],
[0.1510102188265472,0.699843913590578,0.28271474061626733,0.10675116812835701],
[0.6901894139804123,0.507482922031433,0.601547596891156,0.02565142327973314],
[0.9527007240458021,0.48317281001959433,0.7193266228166842,0.017061051506119793],
[0.5181543507768834,0.8574138140099257,0.9264836588572777,0.02893116308124572],
[0.19689437444779656,0.03083346376645746,0.022287229690993282,0.10343073598072224],
[0.03461019158626144,0.0369781830569017,0.6028177611512747,0.05086840551261264],
[0.3453410048562391,0.15127177637695266,0.348486135852326,0.05119756859622075],
[0.6088196205069795,0.470999167440575,0.6012146531167589,0.017932964259550356],
[0.5824246461603535,0.7476588748760058,0.36981906601241243,0.017759256520268316],
[0.6760365359595625,0.26414473346291223,0.02945971770475464,0.03505942527131116],
[0.9553116101961916,0.6312649834143937,0.5914524356487771,0.03265161159089834],
[0.8590443427685884,0.9127200569974218,0.30222781819825706,0.03824057741401367],
[0.14667686525931767,0.7618478152701421,0.4921225308704873,0.025717187497938068],
[0.6909820555522733,0.4838656363351487,0.4319440597972496,0.02034340173371818],
[0.6330983598209622,0.3775596765667516,0.228697821282426,0.02565724311965397],
[0.41029941483233556,0.510345178868681,0.786372582853158,0.025876718419048463],
[0.3484578630051556,0.9292925413115931,0.2394618259145791,0.025602520796651436],
[0.6369401143107607,0.971148797622271,0.5845744975693012,0.03399477003855254],
[0.6557016473818359,0.39205570084203556,0.33258202547183424,0.0414257065057204],
[0.4182614047950698,0.3766836588427096,0.47475692034654715,0.01953201033251501],
[0.4776787028792119,0.6080078193133764,0.8105178688509455,0.02169995407558993],
[0.6348803745856623,0.04580022223123292,0.3046142677675052,0.03722230827627608],
[0.4116181380739443,0.7545130619457399,0.4196023517423707,0.038637396327722395],
[0.5691918810933682,0.9411968462056269,0.7528227194922753,0.025905713703237028],
[0.006679286400720574,0.42993568488992384,0.24331582814429575,0.017886115048943788],
[0.6304631027844217,0.2462470397304488,0.9395182029745603,0.05108771258184874],
[0.6055090326479885,0.01680680530135259,0.8878365545349357,0.020374718511969182],
[0.4326008902368703,0.02125989276989837,0.6501857188533279,0.035788766432816435],
[0.007635878351110903,0.1638214556262907,0.25317511735160103,0.0559596144859419],
[0.7933269126356496,0.9593408331091117,0.36365131606675805,0.023399112386465186],
[0.8529322617957333,0.4362264298075105,0.10214747307287275,0.033310523426731214],
[0.4637397714902106,0.8290100172147035,0.4052647586126641,0.01802156188307486],
[0.8294291281551887,0.9931161100455668,0.8613159671552831,0.04481783152257272],
[0.8507286988915708,0.6077128693013163,0.22263862401093393,0.020987488838978517],
[0.6825182483551381,0.4471992750716107,0.046160947900182436,0.027483237886099632],
[0.5344066056404356,0.7935437727506868,0.6980383481790652,0.023074784022754702],
[0.22975157494938558,0.1367183207721161,0.5862173250428855,0.03266197766528276],
[0.4697609380163237,0.8537782130556747,0.5895903087485848,0.019843719920895647],
[0.9678458435290309,0.4999365865361758,0.7878377452764708,0.022946937303716615],
[0.5950656935589046,0.9379787379867125,0.796646005661645,0.0291353582814029],
[0.9613148108183318,0.9932222417200985,0.7241671672147569,0.06196090676150148],
[0.5603748131861241,0.16039339949205766,0.1198656148599434,0.031425600230509575],
[0.43758914713360675,0.48363542490317146,0.2760921458122988,0.031139072558236225],
[0.4709974999736505,0.5440435625156239,0.6936995026952828,0.02663763260103296],
[0.049300121116897966,0.5003382248043641,0.27204965671286774,0.01988097125873279],
[0.7299060299345732,0.23207341078669919,0.5209035604059679,0.02194001539858991],
[0.06373665176529963,0.4488698348500366,0.18887610759957296,0.027897811345888777],
[0.9179917160195752,0.2811766193379379,0.4877061118462651,0.017606315526430577],
[0.3385946175047335,0.9845786131043366,0.5436032100289405,0.025818512381740773],
[0.7597072892941689,0.20463657876247587,0.1477545156089798,0.06406008247600865],
[0.7128041172605785,0.7327762917276996,0.519577813610416,0.02359312105197365],
[0.03793191102668869,0.3816907845586224,0.3379114527098107,0.025565949693427112],
[0.23474496923613009,0.20965834001615236,0.18981769545353067,0.021194506630660574],
[0.7764412985929191,0.6431703526453989,0.8000661364655782,0.043778465290185024],
[0.05302196418597849,0.6093909249155618,0.871091042709948,0.0221263650810029],
[0.8089451561563551,0.628236673408497,0.7238385908500823,0.03383853107487827],
[0.3140696224709546,0.1286651782380338,0.07015745431275977,0.03165384712334049],
[0.518474935671552,0.9786859347032147,0.0050827893225340315,0.05847206215172672],
[0.3965884841548719,0.8181509561160399,0.6954697825777219,0.038015210090326094],
[0.424625956976317,0.4504040620341766,0.909853516856723,0.018268847355000742],
[0.8109257884280427,0.40387288876281424,0.2238760741513417,0.01940342025675342],
[0.4837323190010142,0.7096459394973986,0.6059362610599173,0.033305404405676496],
[0.3139351515718224,0.9495759202637862,0.7692899469003712,0.044685558734662255],
[0.5437755818528152,0.15344129220956582,0.17380839550810323,0.02286448817694675],
[0.720026161575188,0.6323339324622234,0.6385056084613918,0.02288174648732797],
[0.5547666412050524,0.6002659020459356,0.18136352413722145,0.021575363059077403],
[0.1025230022124426,0.13444869251479707,0.36542473563930955,0.03995495989866544],
[0.627187094824507,0.5147128464665931,0.30718136312202615,0.02437250258026094],
[0.5303038147269467,0.09573936436100106,0.6935562615580538,0.022530586267632845],
[0.1359374972447257,0.45493633939842637,0.22059901222828593,0.026468224570665368],
[0.9361817111756541,0.8591923556049059,0.8014945309477252,0.017018803646532535],
[0.38686378500155594,0.14565845022092916,0.5056825291352393,0.027142501213486867],
[0.7467773626808839,0.34347349893516943,0.8446281903120071,0.05929608518030849],
[0.9585869824960076,0.17162578385767124,0.38963888828190596,0.04438972361385074],
[0.018761337545877832,0.764483571530395,0.5684544353693597,0.019458214876245744],
[0.0035461890425545484,0.06055388025805741,0.5423087542324802,0.043348631904728624],
[0.6418760275535734,0.46650107522110884,0.12555319893274197,0.045278405457761475],
[0.18891738149790804,0.1401971193060162,0.019707086124281625,0.04156542653076914],
[0.6131287564988855,0.7844658146304043,0.8434687224179678,0.018645840214190766],
[0.13608132106319903,0.24958521210209728,0.23636734178248342,0.023172940376880072],
[0.1907220933729714,0.7996105628309116,0.2896094485428726,0.06525366334534688],
[0.834677714285615,0.2953904468887504,0.485872392718121,0.02735428598324277],
[0.11730991546674996,0.1365717285421525,0.514256578079581,0.02316742412134415],
[0.3327960325523881,0.7660255099877986,0.7053312828844245,0.08987398807985729],
[0.03209556707345862,0.37762576663435654,0.9097482566061996,0.06055737355475879],
[0.4524271543578303,0.9638377807661851,0.44011545011968045,0.017971667744352257],
[0.44793165268709834,0.947356585063194,0.6391642321184553,0.017618922125861913],
[0.6120408198296106,0.03599242391316437,0.21029452559038497,0.02289544055459724],
[0.8252287814009659,0.23303877899588443,0.36363494891912485,0.037796225486938166],
[0.7553975529322626,0.09257343959089603,0.027978122085664303,0.028313994414407975],
[0.5222698905720136,0.214529670140997,0.8820167936779629,0.029681155808900246],
[0.8886338093884321,0.4568574302509453,0.2683343666454542,0.01987568092535015],
[0.5895787160158248,0.017086862799045366,0.2711797313182035,0.028019332115665464],
[0.6672855556277737,0.25037133624883046,0.31256843564399683,0.021102593688132117],
[0.4373071272057216,0.6681142903521897,0.5744968924461744,0.01759214374455552],
[0.9240177036593344,0.8812387316538068,0.5495231600748701,0.022052801783933804],
[0.10894817552361746,0.013118690006562406,0.5741417118325992,0.03683283795821826],
[0.3534580256252019,0.9246874573446885,0.6540097046832039,0.02888822725479461],
[0.8933272660797258,0.5412039916598697,0.45108277910427486,0.028500132775897608],
[0.674921765275344,0.9174123016331759,0.7620532133181361,0.043454750356523915],
[0.39319483843520087,0.5592977305560519,0.042677579473252125,0.034260562807155205],
[0.7106999262224672,0.06326596252185734,0.19286673680549216,0.022350205387030725],
[0.46993024914870574,0.04265583433655207,0.4879595810253752,0.024109684711704465],
[0.6256132172609874,0.6848056465381176,0.5475915263709175,0.01785737561844221],
[0.43379295695064557,0.7048169749495303,0.34443472915976703,0.020984281430305125],
[0.6002117250910031,0.18982712880934083,0.4060787729988502,0.018994836540017553],
[0.5400965577907311,0.7574287457920833,0.42848049662675813,0.03763897081445869],
[0.179671974606475,0.4079830028847551,0.1826076680432771,0.03410829280048641],
[0.35476437928586724,0.6500336699800289,0.06699978388674799,0.039789949856078755],
[0.45504838844572615,0.748826168138697,0.9418912437164537,0.020749991008191734],
[0.21793956833203298,0.43089203808534926,0.49447059563818785,0.023384154870203358],
[0.5109028599016506,0.26146362702723636,0.9150341231366618,0.028384560670983272],
[0.8683330426674548,0.2286662577215519,0.3645858663314939,0.025459646066364472],
[0.5688006100908044,0.10795438992029904,0.2560642142463949,0.03370100903167895],
[0.4004439391575577,0.7572040862337752,0.1774834945820406,0.03434147379335466],
[0.4211683279058974,0.53233437255654,0.28622281786157133,0.022523049948827624],
[0.5076269036263731,0.4002473196401717,0.6205487144664658,0.01992450199919149],
[0.3050382148145079,0.7588720185837067,0.14741346276106437,0.10675498863853247],
[0.1879600174015964,0.5097999003840186,0.26646013032808535,0.030526302511790435],
[0.025040976500969925,0.7386204441908547,0.8536945406701517,0.1250796222366125],
[0.9178633072512733,0.4593850992061248,0.8144484735215166,0.01974854627045145],
[0.38510429590730777,0.6498701461898161,0.9826171684333127,0.04623120994951714],
[0.475920915008457,0.49539207163367494,0.8863102226592865,0.019176098368404428],
[0.7481278920249965,0.2630585601019967,0.001327856543866246,0.029679103573176685],
[0.5093505168187601,0.18525125029843836,0.3459418776769241,0.03190603032430103],
[0.7401315418509853,0.5671662043830517,0.9540979420064024,0.036847793567367476],
[0.4841291335373833,0.08471154004583914,0.25172544126652996,0.017735417981557554],
[0.9524253343720137,0.5150058479313786,0.9189029499538449,0.021040525911939896],
[0.5707980262064933,0.07936174063253165,0.7321075500898742,0.01795302259745208],
[0.5325050213672381,0.7805710530282496,0.8022530653740133,0.02124873055206073],
[0.6025586099586988,0.8412860849211948,0.555100779999553,0.022407280802300124],
[0.6629768067288166,0.48291468721286146,0.6015546480635947,0.01840070597606782],
[0.32458288660350754,0.6460231037689926,0.41438936040400043,0.018992835976654562],
[0.5965950067005522,0.1531640452145877,0.19160775056402568,0.022920958992018653],
[0.20811157955452575,0.41641622391411803,0.16185014825369937,0.02684632628797258],
[0.7724482192838017,0.24146602264001937,0.005153677145535718,0.04154696703605773],
[0.5379850282105766,0.0873732329614344,0.24691201091606285,0.03254105629727218],
[0.77786479677471,0.34993154905333534,0.2701855630831169,0.020512772905312712],
[0.0668432985480849,0.5044225565239079,0.291131007314813,0.02512476586136564],
[0.5461295026652581,0.0030358938515891998,0.47483117900914795,0.03851097909834461],
[0.5843383930005862,0.3201354122296015,0.325990391213657,0.01868831224624369],
[0.4551564290946797,0.9974063932387613,0.4081308550714423,0.024882120235632403],
[0.9207119614273073,0.1790500967298866,0.32369029954581385,0.053516476673899874],
[0.4784466889224017,0.8985580279444101,0.5215518627655648,0.019237206810624602],
[0.19654064815116634,0.5884811750037517,0.8486948882749367,0.03580345665008739],
[0.3012933256472109,0.09698116293186998,0.39574434076181975,0.023970980299653777],
[0.627268178667717,0.15061627616773254,0.07574103157863066,0.026387569559368898],
[0.285708391139329,0.058293522802441045,0.34927804241051486,0.05226428805833716],
[0.44172176502892446,0.2837375535693124,0.3133389417722974,0.017735042096067674],
[0.3739138419865641,0.6326012736972685,0.9020010075780105,0.021993540615763515],
[0.41854590298413663,0.22085608742805507,0.15137497144716716,0.02690089072956752],
[0.5410189201055077,0.4251547204472199,0.32038334849841277,0.026480990192141042],
[0.4671006986968572,0.37769692865734406,0.2833867779104621,0.029855914680695483],
[0.346055783521393,0.7292516268759537,0.45538812560672126,0.03295061519876585],
[0.372885177826352,0.19648266785541135,0.1484533122447913,0.03678216247973962],
[0.44056826163017415,0.4240143289631034,0.2260601005860231,0.02136378364312376],
[0.6291554536367465,0.8919796896360287,0.9957280502869438,0.06855572459155618],
[0.06600734724125856,0.895761308445263,0.6197482294445391,0.01993758188903809],
[0.4218532506393047,0.8808171776465465,0.35864612267514306,0.01900233833870408],
[0.5184842806203707,0.8037853511362876,0.05168422922661042,0.028211201012589844],
[0.5637298111215249,0.005108666359918912,0.1621359835690943,0.04103099456557407],
[0.07257033262245638,0.18898710276241393,0.30956682239553956,0.023784540638241883],
[0.41778937823106554,0.52959135903364,0.04443944525241783,0.04879510163005141],
[0.4050883930943052,0.935014559054107,0.6533827761949768,0.037438154099550806],
[0.48127881183180554,0.8461366351954824,0.9557156278605977,0.020004119635422972],
[0.32734418643496155,0.7871110794487752,0.48453207823626565,0.02329064899784162],
[0.914840092582246,0.5508521653058729,0.10723600534742261,0.021295939337822575],
[0.3902771230149552,0.6669613218959524,0.5208628832107226,0.018016553814607247],
[0.259004782061384,0.3669477191996867,0.17308816962683282,0.04944521881518896],
[0.8452924964369525,0.9393649668163614,0.38743995390973274,0.02353530146029851],
[0.47932578504275747,0.9204766240263295,0.3136280224434508,0.018422930874278896],
[0.6285077892585944,0.866969796268366,0.6017134079166768,0.03469732596521645],
[0.5299232470457598,0.8622550640701838,0.7914085462282602,0.032754003120440696],
[0.5166252383916888,0.5011085596503745,0.372152050414467,0.027976303894445394],
[0.07887629807547303,0.41324139205763943,0.1393276327651698,0.017315673040727765],
[0.8424525009914051,0.7121873652255195,0.5616934243971443,0.01723866711889742],
[0.22070534981539924,0.7747663183882493,0.6226826922562285,0.0392771564579036],
[0.015120789333177287,0.587529822045176,0.44531369543255694,0.01851341200730336],
[0.7663359926945367,0.3140657067894298,0.5950518830965376,0.035469449406175545],
[0.4521164945348356,0.00014133615063371963,0.5108128557103951,0.02399742978197921],
[0.9991343268236845,0.24858550822275705,0.38486412096805445,0.062139210232837666],
[0.5137039047491779,0.3463182166758251,0.8722224155513897,0.031568241696387],
[0.4060031283655352,0.035355758597323095,0.7297308326077387,0.045322950640578376],
[0.32035949197672675,0.7759653671123253,0.5197584333591434,0.022143200053047506],
[0.17074682208175884,0.3810026275615682,0.37049911331111063,0.022164737988940995],
[0.9603630717980195,0.5037358698269285,0.2383713144970705,0.01722259388424019],
[0.782000714457758,0.8938866865827747,0.6724873381698885,0.017703970763327026],
[0.8155011572551373,0.2542608383617989,0.17639770387719567,0.03530346592814001],
[0.13753284256040132,0.24023998002414715,0.09428777531429267,0.017091562359516185],
[0.42001630231177356,0.7496134029098636,0.7708683790277163,0.02799749694397831],
[0.910053979187996,0.17989292545393298,0.020819945359779712,0.05228085709853991],
[0.44022528215271284,0.196706157868883,0.9737612217610291,0.017855733348127664],
[0.06188663535082761,0.29751033222862844,0.11207803722014453,0.01984566936620189],
[0.5947859528148213,0.4614576272750005,0.23908883057273334,0.032669370917257454],
[0.7993884991531961,0.532269799027542,0.7217273903916336,0.027268685234712722],
[0.9990751663101651,0.5493369082523185,0.1951637372861872,0.026041434249668198],
[0.396007314934789,0.15522993167443588,0.9984327239098651,0.021932739384890335],
[0.6213057761782269,0.4432400691121976,0.15963344636919918,0.03335000839676801],
[0.29159089965678897,0.4091711776572551,0.8683189802352619,0.04387706433562828],
[0.16104792290778192,0.6590160759352034,0.4170331813411181,0.02752861550738498],
[0.32308022872791764,0.5796473165736203,0.51649306441902,0.027343417248542348],
[0.8060197859794478,0.3349088095519299,0.5754439105439232,0.0188407084796667],
[0.07267611965936893,0.39762743398633527,0.15417114889601802,0.02457866827207198],
[0.7822692117443462,0.30847406010513656,0.39291851048498105,0.04569866520149256],
[0.27845546927095766,0.6517624194748021,0.4645608839415494,0.01831183131958642],
[0.7707227937181772,0.9826843464230406,0.6408159726890196,0.05114761447487659],
[0.7375395082653227,0.5522802290612508,0.7719971734877829,0.024071970334486617],
[0.05847278346577589,0.633273587711289,0.3894708457988342,0.01880283362605808],
[0.3457849285560527,0.261761895489914,0.7715761064014222,0.057040164707033617],
[0.7209522609837288,0.564591852270105,0.6766522140558947,0.01983948834542474],
[0.7005246757823526,0.15806876117322044,0.12336720676803747,0.023870740576792282],
[0.5794877432789031,0.3964763152496038,0.7417982568526342,0.02378037817048103],
[0.4672248530447476,0.4855121740990024,0.4906396901038427,0.03576380235904233],
[0.5754675490451976,0.8427854766242193,0.17575192295302255,0.02082211639866044],
[0.29066333282027046,0.3792272469163954,0.10113887002656308,0.060430756067737484],
[0.31347996954538293,0.8486249223805903,0.3394646346345238,0.05610702265047067],
[0.6495028138206077,0.7502350705148585,0.6100262973923065,0.017131583043589145],
[0.1453120510832765,0.1073801931377859,0.6348522539270909,0.05263303862851597],
[0.9970242457193998,0.6414170781375758,0.641709942543854,0.07283367477048361],
[0.9495007909949292,0.5767955786439909,0.677752928582492,0.028506771760567554],
[0.21013201419942962,0.27533463608149256,0.03407347987706266,0.050726325999120234],
[0.5997340986327194,0.3957891851978387,0.46733142431928854,0.02083068258186644],
[0.11456152280977505,0.5172863252998716,0.9981341519187727,0.018308105735744304],
[0.40710088443727777,0.570748982324708,0.07476683373763793,0.044854568565596414],
[0.008864502126939122,0.43673463933085666,0.4443513752301306,0.03145800998374913],
[0.010853221899354781,0.01601011055322399,0.3885658595908996,0.04516273261720737],
[0.38256805862875354,0.1121614143655344,0.9896992939318272,0.02159345908187712],
[0.6265796173913489,0.4437350135328023,0.3896632502458389,0.02196820287180167]
