username = nchw73
detector set
algorithm code = VD
dimension = 3
self-radius = 0.017
number of detectors = 1000 (from an intended number of 1000)
training time = 6.8
[0.9282240251447763,0.8129387587705269,0.31511137132734135,0.03805778165747515],
[0.3085842742009184,0.9422023410108246,0.11017374335722263,0.0868277223512015],
[0.5978821910588769,0.3503258456162135,0.44659356965079966,0.02134453544785815],
[0.30840019995843826,0.4460640156202499,0.8347007117563436,0.018735517899860818],
[0.07756607372512847,0.8839398454196091,0.26858527498456797,0.12658538029930777],
[0.36423162843079127,0.040711745818095446,0.2801476317575905,0.084532534888661],
[0.6667954381419801,0.7357950915464481,0.08300288114164567,0.07698964036016476],
[0.07112151076729833,0.9010386480856512,0.9257863272313751,0.27398785026202427],
[0.4518888687862197,0.6282719672048828,0.06401472239078487,0.02776057549404514],
[0.14023351175546406,0.6263140122689339,0.44883756515126505,0.024736353051146076],
[0.9038967709075827,0.17558217981890534,0.7119960621263295,0.12007613696596355],
[0.6574795070112387,0.7163834438645286,0.9945973939423967,0.08089733764347987],
[0.6249047752412175,0.27010832308835764,0.2890085638112111,0.02261051778412662],
[0.9943062070736735,0.2481133039497051,0.6334143322541501,0.08029305053416032],
[0.6022981404118845,0.17125035255702215,0.035488749669785546,0.019516651782321655],
[0.23763917594916406,0.24154436605946938,0.6930405089610544,0.10051539523113322],
[0.17059415433039327,0.3032092908324975,0.8506702548024943,0.08684571907250767],
[0.12489397938168101,0.4351211765427062,0.3535109804323583,0.017345081841785938],
[0.5665817844652136,0.37761311538173636,0.056794911009225846,0.020492340257347787],
[0.19266739427237045,0.06018642346747838,0.3301727360397738,0.029923680617933587],
[0.032886284005331556,0.8632892418741395,0.09480494847655718,0.2528966285420487],
[0.6209843861846717,0.35969917012449515,0.7440587789750905,0.050405073630246766],
[0.6832889058979275,0.9287358644048374,0.9863552357828035,0.08737422753313655],
[0.3429334311102398,0.22557475736801103,0.05754580283556654,0.046865634928467195],
[0.3105200195202398,0.29957955034688344,0.08202274410897259,0.04167649055245232],
[0.6758639376681893,0.9163066084310538,0.680773244446667,0.04515862946335871],
[0.6426255573960626,0.23864790578778572,0.8636821257796776,0.03927464629736666],
[0.8696193684169935,0.40269322370003524,0.8105235887240114,0.02853961549554982],
[0.4225900857861692,0.002422324123968922,0.9287517508250057,0.02891342782153234],
[0.9090878396300965,0.5373583418983205,0.14638300191987463,0.020089945509077993],
[0.957944994438603,0.7912961668217415,0.8325108434428619,0.04507112816108498],
[0.8027834890141682,0.23952635917669307,0.295071273266832,0.03777478480626354],
[0.30900522765430727,0.373689396787108,0.8255944617288192,0.036270630821244994],
[0.5432410367329243,0.7958527303500561,0.45757829513798265,0.03688048959311561],
[0.7743389455113091,0.29589086746504134,0.3482905703361979,0.01826366575901351],
[0.7419244943915713,0.00534720902406105,0.7523462025368317,0.1451723742152966],
[0.22470377949943499,0.33345261814326854,0.5161331251920075,0.03309272097994953],
[0.27706986471618944,0.650280443871744,0.18178943956350302,0.07223774368864608],
[0.10274823630641083,0.5746566278663163,0.5823991959482017,0.019191712933826023],
[0.22023140472016878,0.593531198403012,0.19173454754649777,0.04437385261326612],
[0.9953629957798731,0.09492759392601269,0.4221135127623745,0.03505865412725672],
[0.7440666941172746,0.6515390212988204,0.8512294931067469,0.060040107233927095],
[0.8698987281757541,0.31301952359946217,0.8252491662436021,0.0982144378388748],
[0.005901992931214628,0.11687674850758278,0.2722786556379472,0.09276116672467025],
[0.4588452769318384,0.7806817345442089,0.22477085473564506,0.034071079806826436],
[0.0882166927525857,0.34582581136516544,0.6635365875812504,0.05154128218467541],
[0.2620097843401593,0.10267466859465202,0.9556538735320053,0.12284320315450752],
[0.5826356111373884,0.759743954123119,0.6742830761863898,0.026074889340668372],
[0.9025540373497214,0.0688046668794684,0.9118301878479115,0.29396555481629083],
[0.39335211554529126,0.531902085968585,0.2881164615579317,0.017672422165692474],
[0.6887043545916677,0.825334446612818,0.024249829204811335,0.09658655797741318],
[0.2730596069825044,0.344934767891656,0.7396178286295368,0.05493844089192618],
[0.25932615270400594,0.9592662500557021,0.2811338971874989,0.054370297047153335],
[0.3684284951784794,0.838531052255299,0.7604325236046361,0.06480837277772826],
[0.324307946959556,0.518194751318705,0.7653621427207786,0.02087958223478268],
[0.3556150711185385,0.025383458454467878,0.6909075003602152,0.08923141998179424],
[0.7767537484695616,0.7845751304960967,0.32546231590947305,0.03376258847917395],
[0.28407972574209905,0.7923675223132747,0.6920312347519635,0.06028844783557058],
[0.03148118096001118,0.3706835713472786,0.04862647813368881,0.022993349069098376],
[0.30557938512972627,0.36421946758993384,0.12753435919249578,0.06064228454063525],
[0.7895540375545345,0.7561804737676558,0.801587535938726,0.05526115516811435],
[0.9810117156944744,0.1748393794342511,0.40667847011421154,0.04739390627929847],
[0.5350257909065268,0.9333163806375747,0.23506126313749753,0.025379759683362597],
[0.7486553372862492,0.8970906476072487,0.5664987622386841,0.023427598474209284],
[0.9737098959784016,0.9089956978205339,0.6506828876387936,0.03834266248501934],
[0.8736420426305972,0.7699934250935407,0.2732105959562642,0.08305376153164273],
[0.40008873236810183,0.20071971362477403,0.1440947340385086,0.02683410687145027],
[0.9113358494462348,0.9696536438911939,0.9563910225680047,0.0734859736728247],
[0.34698891190532277,0.14434785236720882,0.3262388160823634,0.05763660238238229],
[0.40875740715327125,0.4614143902725879,0.8046570107529827,0.017579030280876366],
[0.872675183928267,0.5141173970810614,0.6805380534623953,0.038994983912640814],
[0.062067898351944484,0.30401049043589523,0.3917203654607754,0.04321869262034269],
[0.6181260142568284,0.9931593615032238,0.5032379491380388,0.02476835835833549],
[0.4155700016756573,0.781346605336156,0.7842892220284089,0.04852352643431468],
[0.690679093126812,0.34509077136729827,0.810442332061518,0.07890463283702236],
[0.791768429201922,0.8543563286026167,0.23653865926339657,0.08796312883201604],
[0.6514189098049142,0.00302920393196926,0.4789092002749141,0.03428999534776363],
[0.7370174061851048,0.3218960193582786,0.019736127481049248,0.031014329864419814],
[0.7263599112145203,0.6284157994500676,0.49210002343549497,0.021198249274081128],
[0.7360560608567457,0.40291545774344084,0.9039764451829769,0.029178209190524336],
[0.543281028806318,0.6864088855653424,0.3430692505725994,0.03047076906713396],
[0.1835019113541836,0.9239652987738917,0.6485747410077768,0.05781133080580053],
[0.37328382898448875,0.8803865895294309,0.005578760621365975,0.06208804797367126],
[0.1934002275769363,0.9959019077686542,0.5139520152127932,0.028651135015459517],
[0.9441592410463862,0.08696864870023835,0.24654640891609847,0.07287174686698225],
[0.4033837175755032,0.14828053531003316,0.40201856924082424,0.0199240037008014],
[0.9747413572902086,0.3405299422614816,0.26012882924398517,0.06955718500026566],
[0.27184106051924284,0.3725939058726817,0.6117881207670083,0.02159626052706619],
[0.921470967299035,0.6720314212068311,0.7573855956590684,0.07592261299674971],
[0.33215442533349704,0.8911491019567775,0.3100399616121836,0.04259833209353591],
[0.11186785995722048,0.4025562343616186,0.2135359645257583,0.034813121826925454],
[0.23739513480855645,0.6204455160132508,0.9462761498783834,0.03831531368388378],
[0.6905310415875261,0.6485250368629516,0.05884090118863705,0.0519484130369121],
[0.613478945629488,0.9475040156750046,0.615517171276123,0.03269545085288654],
[0.9909912220846105,0.43731867937509517,0.5740785154856701,0.04115801381415686],
[0.012043804021634852,0.24853860593312993,0.9126776818391188,0.1681312530324035],
[0.8201470196879026,0.2041201819704953,0.5271394387872114,0.028752809679034312],
[0.3309733653428195,0.6429601278878333,0.37710698719896574,0.036532853270844864],
[0.5198725702505165,0.4047552395777263,0.16520941791601085,0.01707156345753818],
[0.4026303822829248,0.21676700264623094,0.7727376520800431,0.025447068359720625],
[0.9357180756885413,0.9567614461050664,0.380225220821249,0.019115792340379703],
[0.6803528458592853,0.8179750758251955,0.18771524749576374,0.07773254225461422],
[0.1354177800620857,0.5833736473401312,0.9752227671551653,0.028228365294163657],
[0.7484870558949464,0.5420157591555342,0.08223793987271943,0.02136941030023784],
[0.41890223079791267,0.5260913801844588,0.1105379472799608,0.017056528894290296],
[0.35878348814583205,0.020772391675057622,0.5929868810176131,0.02301860628226262],
[0.3151432999636403,0.5390018421457993,0.8855661776649885,0.02406497372104896],
[0.04838907496524236,0.36253053553347914,0.10459797295645346,0.051091305233840964],
[0.47983737891853406,0.36050111946295305,0.8949182021631502,0.024818046166283872],
[0.37403505824499417,0.2270102829867645,0.7523941835744736,0.043043356650526256],
[0.9411483251556017,0.2642616292453329,0.5736966888281397,0.0187201672652835],
[0.6494847789440561,0.20682397143323394,0.9810346770213129,0.06816788482318693],
[0.8549202037513565,0.6335203412618283,0.8947526920099902,0.03524424502218677],
[0.38827732967693507,0.09758814765174573,0.910010049362821,0.03314520521008259],
[0.4007457632619408,0.9247066610031196,0.5746392907561102,0.019778684076999405],
[0.9958795946332559,0.7716177551685925,0.9545361954809183,0.09555705811318388],
[0.5178775266655146,0.3203570741547521,0.6963019834099596,0.02193265070899677],
[0.7844560051182873,0.8430424200922567,0.5301590844699874,0.018922883766746612],
[0.7668065961989676,0.5248089920222869,0.9576676412091287,0.028934098901446888],
[0.5233476379147365,0.592892455149342,0.10475121002375531,0.027498238332012773],
[0.5970454932162618,0.7986538267389169,0.7049780311315539,0.032893912335114066],
[0.8762419964946287,0.0704021785670288,0.3193127989712956,0.056271740720050575],
[0.8261571611001371,0.49871189426794416,0.6907359106689465,0.025933114852844524],
[0.0900461896415834,0.19199073247400866,0.40253179775988834,0.027793794335632893],
[0.8311319607711769,0.9253552158008154,0.9392760766640319,0.07000811970544427],
[0.974463007335727,0.39744543020413203,0.3168818058466619,0.04316175136371279],
[0.2140827899709875,0.35969899088629664,0.0673054065321349,0.04123094148322187],
[0.7749996220566672,0.4464984078899402,0.6330025932812359,0.02823339428793898],
[0.8120261088035883,0.9313718118524996,0.10168639265583745,0.18738771595060333],
[0.4471455312090804,0.4642571941979283,0.5884019931515668,0.019791798882471658],
[0.9696487851429971,0.09071917698097276,0.0648949838016285,0.10933135847640608],
[0.23361775597329104,0.5557107155047921,0.22753862341780573,0.021636979344985548],
[0.23612090157889443,0.5578376161557198,0.4689492867378007,0.020424976095775378],
[0.8032321185671863,0.5520023805315917,0.021066844402435447,0.028776326310363184],
[0.8020722703756632,0.4434121498268696,0.31436043570307515,0.017870586795726055],
[0.7177744407550242,0.6680180926852815,0.36084437891162535,0.054410038640059305],
[0.01730633295918671,0.7228749522043287,0.6150066450192628,0.0199018023505698],
[0.6157844222206227,0.43936954883439816,0.11461378590125437,0.03438506372980611],
[0.7005338684353428,0.7010873555914604,0.2483481505589593,0.09021129766766968],
[0.6019096459225473,0.5298101748359632,0.9756615069972019,0.02047478488505384],
[0.02010116142760987,0.8093532293055575,0.664392509447864,0.06748487617047201],
[0.2817747501165603,0.5239981007204014,0.9737907443817614,0.018376260066082284],
[0.24432782246162088,0.5946229729255056,0.23550956140383839,0.030003192115066732],
[0.12519662132286458,0.11631797572829539,0.8380504094364265,0.24683363595017754],
[0.203749986081319,0.5819227279976894,0.459018457295706,0.027201354507662034],
[0.6029153932275526,0.7788344246136202,0.27435515053236414,0.0313955595105518],
[0.9466481885676018,0.05567746464508927,0.4928530398518306,0.035677905697811325],
[0.18739419378726097,0.573873582018778,0.14071892473474068,0.032641934513109455],
[0.8032147868578547,0.27362238198000677,0.040098129594676735,0.03050508189114267],
[0.5957390792530757,0.8703256951777221,0.7334391145403651,0.02183663160775022],
[0.5064693199090862,0.3749901106482997,0.6116899352572766,0.023180274163346067],
[0.23471786268222505,0.6942054125000346,0.2754534394446575,0.11590609055267538],
[0.10791126595628853,0.6602363184385711,0.2514677826708115,0.06346517310769549],
[0.5807449832469905,0.5711900048949908,0.18542359594693136,0.03175670129092033],
[0.5845221092443357,0.8309766399899533,0.7352772990437608,0.02499905239579228],
[0.24475302270215205,0.21889772552919717,0.482750074083533,0.019801265989021995],
[0.4646038092316134,0.3119926534738796,0.7732147138019885,0.02220344582419577],
[0.812488729875907,0.6499593123868067,0.8998438789011961,0.06409239267273487],
[0.9350101292275189,0.34390776406880497,0.36018769538945383,0.0446426078759898],
[0.549989194001443,0.00017035573017198935,0.8109554517337586,0.027370481428422765],
[0.9423666918749575,0.8657384623259865,0.22247612062669408,0.07711603961352755],
[0.9467217818094533,0.3625319144868955,0.19625641556998452,0.02984782808872754],
[0.2092698050329448,0.7334327999548619,0.6763628701368114,0.1008889565357509],
[0.6881244120353162,0.6095745257638967,0.9690428808889802,0.029526708389024006],
[0.38963938658750075,0.4012437507235175,0.10785203978758018,0.030189903615164992],
[0.3787665170349733,0.23876922433555547,0.20127937924013795,0.03409916861968485],
[0.328497578992736,0.631409724477365,0.9374584187567335,0.0357246738348452],
[0.4137431666328303,0.6056699081407414,0.7171515419558564,0.023143258103626656],
[0.4181468286753701,0.8154485859931907,0.13202110330512162,0.02313164278684602],
[0.7890723759772943,0.3358363582623186,0.17541491528544062,0.02153093490785058],
[0.44166642058293526,0.9638082106628542,0.008413886670314286,0.028944339902694974],
[0.6489217816342997,0.3617384420916293,0.14469964593126639,0.044262607550557276],
[0.8259876646143234,0.8396893459647554,0.7590565814066441,0.03911863280014853],
[0.2371220685897839,0.7260063745059306,0.5785463915890635,0.03996443028493127],
[0.8847237076974651,0.14775588912525695,0.544220564804257,0.02938111091198415],
[0.9070878532790254,0.4183028676803219,0.8600042836812704,0.019832194828677492],
[0.024366174325458956,0.6823686642731395,0.754549499543417,0.07402648397350169],
[0.2623674261886183,0.09863458537963321,0.21647000711077946,0.023929589789216388],
[0.18052138671051154,0.3164590844279671,0.6149355022041976,0.04327474018643775],
[0.8297957956091915,0.20484594249275379,0.3675742614434192,0.03108041861592554],
[0.2667389460497511,0.6181820325215014,0.04791944349135191,0.060107524749665145],
[0.9541713968637842,0.524386953424521,0.434714482492514,0.022460986442929],
[0.21755868119706867,0.5477710304367477,0.38409113113186644,0.030746719148440384],
[0.9717297215973935,0.3641041494572652,0.03687812318551986,0.045325318504944236],
[0.3454741357919917,0.7253826543397166,0.20514158690308537,0.06162938515338534],
[0.9087097061536781,0.6738453772554867,0.375290764725004,0.032504549895082405],
[0.24799209400958577,0.28953257746459227,0.3217712397150887,0.03955396536178777],
[0.2855360210422728,0.14607290397239292,0.34722593937706614,0.03813887137830084],
[0.670442868868045,0.3607849863608611,0.2670032573345966,0.022104301901946753],
[0.24516151568234512,0.6020877594362329,0.8588673503961771,0.04180636032434317],
[0.4897689934273748,0.5464862075856586,0.6534351630422395,0.04475311805346889],
[0.832717876205712,0.25718589565397976,0.3652330375663908,0.02683138409915107],
[0.005812557692083553,0.6899184467866407,0.3474008722905183,0.055619804558314875],
[0.8422596441047168,0.8585755036941976,0.8838792017043133,0.027049085853681452],
[0.030219563400840643,0.6564133429532498,0.67902366149558,0.07095698948045885],
[0.17426390025210114,0.8268309284555779,0.5845416812128864,0.03381481643226731],
[0.5124266106996404,0.44387736327306926,0.6046179141041905,0.035978617095034665],
[0.6851515021289871,0.039008879642767336,0.058628463393915364,0.03909978043181234],
[0.3847501125890722,0.1613020215460631,0.7487271095660936,0.020266540115329003],
[0.0339967149253364,0.09080344753476965,0.05244606382649886,0.09779629951354653],
[0.7626730566100329,0.2070561042852681,0.24913332367548147,0.06208553547986284],
[0.2385584849208453,0.44573658209132827,0.807833079886883,0.02013019253986715],
[0.7097546118373814,0.9525026291174701,0.7841248427655134,0.07512180228628182],
[0.11676122500013275,0.5079928338928774,0.9480258903474259,0.024702847584122792],
[0.8063625455302843,0.6891187570258723,0.4928551760465928,0.0307626342204216],
[0.33671730407130895,0.6913620744882765,0.7909660910114235,0.07892890682182949],
[0.9201028962299129,0.6836051662471275,0.4939542765801428,0.019358071437516375],
[0.1057700869693643,0.03891616790068142,0.23412792661591575,0.036915038286005335],
[0.681095892109049,0.32530581151703863,0.147273999093964,0.030345384139647977],
[0.6042938825828689,0.2529721397987513,0.19488841382878008,0.04109607408144139],
[0.3861055560902734,0.22134807516989685,0.012165312807642215,0.030889246023424993],
[0.6490108303256787,0.043489261639115595,0.3023850452097764,0.04122650055930537],
[0.5046935319608014,0.9904593450342395,0.3756117866080031,0.030892701388841905],
[0.8504170552128025,0.6061124394258585,0.6493024158481703,0.03273002096139028],
[0.04762928070966377,0.009485823658486714,0.45020785126628404,0.018664635795981786],
[0.7260558778547639,0.9676058770031025,0.7033504700133136,0.10243500383384663],
[0.36450059970774906,0.5254012965895963,0.7832250228761377,0.019815999719256246],
[0.06708051010751459,0.7833559603711412,0.5998351897173628,0.02638228988804321],
[0.4715078342533344,0.7552803968079662,0.2629219322191835,0.018810865897045212],
[0.726134590001073,0.1909233454275927,0.06474003692592778,0.02954586904384649],
[0.6490391397698204,0.49845259270407516,0.13338846481966438,0.03219832968745596],
[0.7166692612604593,0.24310602033296214,0.44599034953835803,0.02074795594438953],
[0.625942067116482,0.6268354888464035,0.28336311728582786,0.019840639249179323],
[0.16467429756168506,0.5321660931718406,0.27193556417049913,0.02035660228393437],
[0.5698263564590648,0.5279215681811965,0.6163982423606528,0.024792183247365977],
[0.3554122343330752,0.6022500253826683,0.8806475950700309,0.050651748727027116],
[0.7446329053710152,0.38171404025076106,0.6048784490809528,0.04059174314895547],
[0.26719872711230297,0.09230939570842711,0.5326809276759699,0.028708235518590933],
[0.349751980003833,0.43438114795004634,0.0894670814325833,0.041241482400146655],
[0.6450885141796703,0.820682961450247,0.7650936343664269,0.05838975469367588],
[0.6360363346422382,0.2179772159721124,0.05580043429111459,0.03242920756754481],
[0.8355049666752508,0.36375833230398336,0.6674595077734955,0.052211738544511596],
[0.5732876396143111,0.004395836541700393,0.9119008867165062,0.03351990704040043],
[0.2934681950008381,0.004410688052819189,0.24381497812687658,0.05736353177998345],
[0.5012587851543954,0.6138897074664161,0.18928391544561218,0.025387910855921653],
[0.8545332453889388,0.27851603436133476,0.14169054235224865,0.032348794544657],
[0.7636464355573763,0.07527386936502001,0.3169590140023908,0.028369448451603767],
[0.6634171318336007,0.35941579779946786,0.6816569467963808,0.04016533124224783],
[0.942034304561983,0.3899190939393269,0.6426328392257717,0.028507761077581503],
[0.676285305588486,0.9901444087095003,0.5548970432130619,0.019692975205162534],
[0.6295885105917879,0.36671249340964673,0.3804873456531106,0.036527902753712975],
[0.3473227380387047,0.6053746832136299,0.8219559755899801,0.03635803852276826],
[0.8748019983403742,0.062348109950070674,0.11747642432465166,0.03565355867737712],
[0.4000879986037338,0.6524221747963641,0.5983105358552959,0.023761978030579688],
[0.9106937116631,0.6733303184107384,0.9316597923459266,0.07628863358052264],
[0.36746344427251887,0.28029872106965514,0.33535612378783475,0.05450160924358788],
[0.7278208312489293,0.4592157843824184,0.7632409812969435,0.026482221425696617],
[0.7584336074912665,0.8603070283302928,0.9686761950994895,0.11256843945702825],
[0.7183427064536491,0.8189508135153283,0.3471745934841364,0.06114982841593493],
[0.2594414921271351,0.6095027282612271,0.6250717990749713,0.024870593140701162],
[0.9341028651169292,0.5632036598730142,0.0951701077095567,0.017047907918361624],
[0.4891197877931365,0.24604458879813718,0.9430800055770925,0.03910753802830385],
[0.6282632759627168,0.47756605330474744,0.17908750938974505,0.02129060595605562],
[0.8502638632040623,0.379678441761626,0.19372373463192816,0.026928553658431047],
[0.24784337681256052,0.6922455328518109,0.48645273570480074,0.02280412685276262],
[0.9873237906287695,0.5308991294495484,0.6609194945674594,0.033462672025351206],
[0.24617902359091648,0.12106421715189042,0.35032004039565323,0.0330287136932709],
[0.33947483223354,0.8460115367828693,0.16568262247924337,0.06654469541120497],
[0.22918580262883004,0.3344863501739228,0.9322268090876287,0.06606241423996219],
[0.7753336358793709,0.7504181510413783,0.22156226194509243,0.12012737242326975],
[0.7016771930640149,0.3137065399444746,0.45422564272762067,0.025244807251861796],
[0.3193610612918968,0.3212389083114414,0.9288428510158732,0.07421240251589495],
[0.8640337137094798,0.1629998562268098,0.09390292454842297,0.027591177116709394],
[0.3476111939332226,0.43006401317454446,0.2924603463371036,0.01879690276372109],
[0.10747516770121146,0.32000137523185934,0.30809714682033995,0.0423554407519328],
[0.6975044131662368,0.2865718755129236,0.6248287078788676,0.04515825910315639],
[0.6495722725630656,0.7846591683246262,0.33604636504350194,0.061754294402489085],
[0.5063396478775044,0.4487596883707988,0.32643032237135117,0.02159736043409225],
[0.7509614712486429,0.34275237411308057,0.30681578288437983,0.0192345107822431],
[0.5866619987221697,0.48849856120440116,0.9197140685345658,0.023850705883361488],
[0.8988490240515933,0.8769883458773632,0.9671586746882381,0.08439324548555344],
[0.7292093026067917,0.3749368860104786,0.15684258915275529,0.01825309284072777],
[0.5468046646826396,0.6319222874995488,0.20397068497475956,0.03352286138294446],
[0.8704022156799521,0.31303933181988564,0.6963359119702418,0.08403005855902139],
[0.0035077134072315497,0.5353212974726894,0.6470550069872436,0.040869162844625766],
[0.2719864973188846,0.5415122705268671,0.017912996559212968,0.027109702155506635],
[0.6069035850367549,0.8738816128788703,0.26250332405443655,0.04300567302929038],
[0.7217718048771845,0.4997021152141776,0.22779567146227075,0.024933417598860662],
[0.11750304694880698,0.1867968759955162,0.4568910004931913,0.01885400032479371],
[0.945959478214944,0.028757951706427032,0.6137760558403746,0.019401136011059243],
[0.8288748185914219,0.980113870357769,0.6950236842645865,0.017660961446228453],
[0.6868999732888578,0.2344758546172956,0.010486976118009528,0.02966978698576532],
[0.7414730485612092,0.2154210801654527,0.6977382437940673,0.08397651395649572],
[0.8896491903954117,0.8250851188307897,0.695633918907857,0.017050825435968683],
[0.44720268528094453,0.511494121415452,0.8720357807075186,0.030088036282274473],
[0.22039556941968375,0.17671214710712713,0.2137207224568055,0.020608840081630025],
[0.8461183489142555,0.005443517326954472,0.13820824450567903,0.05397408131234947],
[0.886470801289075,0.8085208265932493,0.8170452042660782,0.04850226139453703],
[0.7375072336799683,0.11704920766142868,0.6308428437110002,0.030573272869010827],
[0.5048055419099348,0.29640058155225046,0.09263739599249421,0.018283550602597662],
[0.5685003144825482,0.4216190542756909,0.5798864108266493,0.02004809760764728],
[0.25280876896863824,0.6233084290221631,0.6516366713239449,0.02885313439128158],
[0.9833665860995607,0.952061675130155,0.8581671655157566,0.030084133013191232],
[0.524728014958291,0.49475587087227,0.3650517984713171,0.018424141502503474],
[0.7619221566756244,0.4931562196247793,0.44334415733858745,0.02417093155887918],
[0.82093718879127,0.8398050067640246,0.8207767533033066,0.06912396017621918],
[0.41455491479973106,0.46034471459042325,0.7686248406068322,0.031585319029469934],
[0.10059979822096032,0.2573756171683588,0.35163229131547324,0.03710060423843439],
[0.6882810704755358,0.31143851862309657,0.3534710403331246,0.022410348025051943],
[0.7319295356555134,0.253235276842934,0.5832952445162677,0.019083050329131823],
[0.26674427182388005,0.39057922159086744,0.9952485296014113,0.04032006410766351],
[0.41458135991352174,0.06602914481394362,0.7793018376844576,0.026904420657955924],
[0.10383481705098951,0.8790844942925596,0.4364128619558896,0.027062501772804788],
[0.6420953440113565,0.399652167206792,0.5506512942627807,0.03692820390320716],
[0.7829979186994621,0.277670300780959,0.5696343022075097,0.021571801961748065],
[0.4684151338972198,0.5606951261767428,0.7356827491747042,0.018758580308203973],
[0.29467192173717194,0.5321663639242125,0.3178331758303873,0.022594453856168407],
[0.006454360442221252,0.3165973931071081,0.6523450317436963,0.07678766218921726],
[0.8645846284793474,0.7590002587085738,0.8644555197578407,0.08635933787335325],
[0.385002605497056,0.8245040807868209,0.25375168369315027,0.027684099382976106],
[0.7783757980880105,0.703847040986007,0.8754320322221328,0.09635500934725796],
[0.476559889084209,0.29541523258548685,0.5966710530742676,0.02078403865653034],
[0.9487147505210644,0.9097793528419897,0.39318721127416456,0.024286152059070247],
[0.7532746674745242,0.8515361001748257,0.4755170612249857,0.03026229424760138],
[0.9376900927326459,0.9467192375427955,0.293251434493755,0.05628093247710199],
[0.5166652235312018,0.1403064923505336,0.7223624981431374,0.020940267512974953],
[0.36740640312871775,0.3697282600279792,0.40743225156130336,0.0276357625483434],
[0.3685627116395327,0.5113845276648292,0.6362119578706955,0.02063030603359818],
[0.5287854943700376,0.7226502533663267,0.5622047020361985,0.0330038561664813],
[0.8566830032619769,0.5321596880141658,0.1331850414338832,0.032174723307957405],
[0.19548135613392714,0.9644810190669104,0.37246176067790504,0.038314299353207446],
[0.11559327988577794,0.6258943997751742,0.9858708222644244,0.05275334673983133],
[0.521686181566729,0.6712422461534339,0.5676401099305429,0.0267958292286921],
[0.9201224584167771,0.06848689788805229,0.3826530027752362,0.027287125382367473],
[0.7507952935838922,0.9328932428281557,0.44653039715130527,0.024439631303376105],
[0.6002208534973785,0.3404598851445939,0.9374806109285838,0.04631359912139196],
[0.5786872484454934,0.9803469683714263,0.921536411581335,0.022757381823602686],
[0.438472646936761,0.2564837506457265,0.2266074352607954,0.019598753097578914],
[0.09328924093097368,0.5617457153813633,0.7459955216333704,0.017613475302781727],
[0.6704090294300138,0.29385894874754437,0.8875549836681517,0.06546743608244374],
[0.26822094408941954,0.5648219960231919,0.5195062150702799,0.02380797056813183],
[0.23905161018205534,0.4272422747693302,0.32223290660795334,0.025738052017540036],
[0.5816537686990447,0.9919813742791759,0.7065909819158078,0.021237544928901453],
[0.03687952783084636,0.5089515599962401,0.3070263176169271,0.02699094133818674],
[0.4576094252379552,0.6513086043914449,0.7933066210449778,0.017111399660510875],
[0.47529599666279565,0.2052390512143042,0.5203219933016892,0.020876604668899887],
[0.4906680213083039,0.35019602608030365,0.8363434342000803,0.03337951649268267],
[0.6223719114481361,0.44929982452596984,0.6837285752291354,0.02367185105270237],
[0.5528570770984007,0.9725173720733659,0.6101899959296243,0.023695095018801328],
[0.4663257899578753,0.6299530240799106,0.514322204880205,0.028078552262266222],
[0.14407068266468637,0.0748476694549195,0.1382044552863788,0.044902626435371525],
[0.48187629862225934,0.10215352023151514,0.20966290306412083,0.030848728782845745],
[0.49145399831487446,0.1787068544410847,0.3897022910396015,0.02259156692492241],
[0.6863501121732993,0.9457420066861835,0.30814175491068185,0.06962538641910222],
[0.5992221704438209,0.11636560751767488,0.7319367606440154,0.024990270334841115],
[0.3722780403400361,0.658887507579031,0.2406447314626079,0.050927131949183066],
[0.35311230315810416,0.709621332818457,0.6664170881196928,0.04366897178945026],
[0.9568676534777852,0.701291716254939,0.20982757815491515,0.09316819560314372],
[0.3809769932938345,0.5995984017833664,0.5542388036658744,0.024113252771664692],
[0.920038472802117,0.7684212784325156,0.5773208821941727,0.02403285061861933],
[0.5813520105571153,0.6684679820419391,0.20547505653995757,0.026241682479642932],
[0.9029509566322058,0.3577757733166729,0.284909165871741,0.04255782405311837],
[0.018629737893758436,0.08855144136781079,0.3680549067989599,0.018109422072531453],
[0.9492249216319023,0.19487572981191792,0.33352746654212106,0.07421774229496812],
[0.6480585786096004,0.11988259912510568,0.7715398777531604,0.041961309043094835],
[0.26146796921147253,0.6343578270045428,0.7098483275816011,0.04097901303166656],
[0.7148221378896741,0.008320856517335828,0.319021403052564,0.051475255486690574],
[0.7741300634641836,0.3907919037168792,0.6470580052461921,0.034923996182275145],
[0.8567945009041574,0.41949015136829426,0.8358176946036416,0.02140761566825336],
[0.9668090237005482,0.7355667808555018,0.6078060775022878,0.024550692472262818],
[0.827378664688978,0.6322248550456596,0.5805136318775662,0.021348384866353244],
[0.6421389761045976,0.4114540130426936,0.40835607623349124,0.020392159155839105],
[0.9991964800887504,0.21352299935010688,0.251733118100825,0.06443681235002398],
[0.43666904838453213,0.4744167341727098,0.3146549120111257,0.028748215698400033],
[0.7822453229891566,0.3455720468115373,0.6685856922391782,0.06409753360768182],
[0.9734975763295701,0.8476481473119916,0.2962709620838083,0.0462538760094357],
[0.593935798899235,0.6923857094578899,0.29708363914616276,0.02077002411281429],
[0.6743816359919462,0.19473097156652042,0.5622024552554474,0.04392287563466257],
[0.2605455320111665,0.892053408784131,0.3941578575103406,0.022004691922425934],
[0.3017439595658963,0.8098629121888414,0.777735290244416,0.10073807629570325],
[0.6930946296339274,0.6151282269836876,0.8809942797298541,0.039723718548571915],
[0.04639939874852983,0.8924896644648826,0.6504620218314945,0.04012112388895752],
[0.10179239835264908,0.032154526559056484,0.3030314155195455,0.0602168530824522],
[0.5132816415283604,0.976857338567612,0.4363497345935926,0.01731177488223938],
[0.42887862423825984,0.6153595999877223,0.8711544238689549,0.020583939816459083],
[0.8415948214560615,0.2666784293028184,0.0025934454389561212,0.04091412229170171],
[0.6249435034159553,0.9038828662575066,0.32267931079775947,0.03909520835971605],
[0.9129472309399899,0.5998707068600728,0.1614061420673838,0.022264716169445913],
[0.8232721387631462,0.0877337042436176,0.3492520179670765,0.019795248698967233],
[0.8031171323436802,0.002581587032938759,0.4680293210571139,0.024760724800024253],
[0.5358937838802795,0.9425257329735397,0.8524636076389367,0.037944522714538985],
[0.14223655350769893,0.08553968122963895,0.09427460800860965,0.05288660197994176],
[0.19629082300943346,0.9175033654680864,0.5420992937692614,0.018652600963364345],
[0.39639529770623483,0.5320809594739251,0.009184874087386108,0.0504897879496341],
[0.12952380894749738,0.7701695343125544,0.34604025656223325,0.05515848252921797],
[0.026142218327795175,0.2977794946925143,0.21345376611354794,0.04072476402982103],
[0.6859810532108893,0.36320878647139865,0.6418804793377773,0.026384210967396626],
[0.7718100750072368,0.6280412778176897,0.3181912025036482,0.019350396669542587],
[0.9986014095387007,0.9364792616872926,0.48740249521804524,0.020163606908349133],
[0.6011064762847893,0.47987912585194337,0.5947246406484669,0.021719708494874708],
[0.040812843452545766,0.5982146618610849,0.8111422270775882,0.02973483924823895],
[0.4137579020239216,0.3063263194220891,0.017467400658208843,0.018944173977179797],
[0.4225833042575696,0.6036078192108261,0.2716203956156905,0.01911207589253275],
[0.9938980274231617,0.2681734548312208,0.42824732743295946,0.05923358302175699],
[0.6889255566638101,0.7534579866665047,0.3775288605084638,0.029788840503848855],
[0.6778780642204829,0.6269496399358115,0.35549491066275163,0.023095269837091967],
[0.45057165065404725,0.526499739195818,0.4553621520456502,0.029279092780629873],
[0.686233809696533,0.43116791264592547,0.020050628970871953,0.026670677330886843],
[0.9182449381788175,0.8918163540791686,0.6531452413754121,0.02880176582455187],
[0.6890192318234672,0.3365344208264216,0.5515852754592202,0.02313317926534874],
[0.8926131930161195,0.039398267235192574,0.2706199289445219,0.07690580977177139],
[0.36786193948875345,0.4030207567642782,0.03536947747624564,0.020961049916128037],
[0.6114383513420256,0.9240624302971269,0.10795110981024414,0.025186312420843973],
[0.6509706378721913,0.36288698675193287,0.5435749153789289,0.01802901463100349],
[0.9613711127160509,0.38965345718334854,0.07437012935436138,0.041213995232508537],
[0.7582957502576014,0.9816472262613143,0.36044352373878086,0.052836288766440545],
[0.43419502232812457,0.39627531279116157,0.6522101940087542,0.02770984175805051],
[0.5465946498009283,0.3937835565626798,0.5690809916683239,0.026705459817657852],
[0.30521289016040454,0.07776912089883059,0.06489239412323644,0.05052667431173924],
[0.6594695389298045,0.8631061622866877,0.49027036488271925,0.03206582483365422],
[0.8972105106778876,0.5994464087559618,0.7853876715943017,0.031039827109990842],
[0.7796458557587606,0.22716840981937791,0.4650766734717997,0.023468021513574452],
[0.5033543445140631,0.784426322017941,0.5781099985078417,0.021617741875797104],
[0.5861906540582219,0.7831430264879026,0.42137291074420546,0.03402724213794163],
[0.3360319346620555,0.7379962812192391,0.4858803879858309,0.0183290309494527],
[0.9151142295746271,0.6914819115808609,0.581410848042741,0.02634957107168899],
[0.37448212651705515,0.972478859113541,0.32195131044471703,0.04993688921875074],
[0.08457275327159264,0.25929416603800404,0.03198361866038946,0.060838267060468604],
[0.14386560523733027,0.32060231159225094,0.45765047984108076,0.02627511976117579],
[0.2561404837285859,0.3427424367794414,0.6420410965583823,0.03129291263976928],
[0.7856420683858739,0.03438717801108626,0.32737959185388876,0.03790522840528785],
[0.47733060583494913,0.159372106061898,0.9616312181307886,0.027671715411163395],
[0.03333916628063338,0.038413828667618,0.5567429554829485,0.026501156906567805],
[0.21768478294939608,0.5748121778165463,0.059439929125324475,0.029508824875636844],
[0.6306841247011963,0.7961361062629643,0.9890418701580636,0.06555773755341816],
[0.07116248005808212,0.3505881004950371,0.23758525487290338,0.05496116424502859],
[0.8832027736360832,0.3128576362077098,0.03137405017836481,0.05897749993718199],
[0.9946594849159459,0.7869768741973571,0.3467469442430421,0.03556092276454957],
[0.3710131302630064,0.9750607616427512,0.9509960525395527,0.038847563366762226],
[0.6842348735170176,0.8071564837376645,0.6616426239639114,0.023383058517980296],
[0.17075661634273487,0.39183802010096036,0.1477250604608623,0.028159316849550316],
[0.3203259781768225,0.10508988429782562,0.6211212728078265,0.03385884564895516],
[0.33795931688840564,0.27680750078129,0.01931895830224728,0.08061719570306433],
[0.47704317084709014,0.6790538152310022,0.2947614506178937,0.01785736090926794],
[0.7956340348886004,0.647133526078095,0.6777600476064292,0.03294840673659235],
[0.488180570035079,0.7699460813844619,0.7800921716672697,0.026631435442736773],
[0.9048239772806981,0.9976236055334768,0.48665483852308555,0.025411922835909484],
[0.508737838926304,0.5945400231651673,0.2704245957577821,0.018274776552723325],
[0.4792383076973771,0.70390485423903,0.3825454296258529,0.024408780721863643],
[0.4120219050241023,0.22987813197092455,0.18372304499389913,0.03928484264541578],
[0.42161773275659953,0.8348806279581009,0.15218271829411734,0.04081456819222779],
[0.8941521247397655,0.5943872676326366,0.9500502116500252,0.026008845236480158],
[0.06294115937816713,0.06388870333557661,0.2086191522492591,0.04095952255215762],
[0.37875018088982637,0.06402045761716335,0.14900480579226005,0.020059792722064332],
[0.6561313773387254,0.5947740589349985,0.8606371967794285,0.02101331334058281],
[0.7160075655403051,0.17729231093234032,0.5315309384837956,0.039631472864946615],
[0.5510984009085659,0.30235476155790264,0.855127109896896,0.030912189085164375],
[0.5603207264113749,0.15036564831431443,0.901763882452513,0.02144350084512006],
[0.6753983187570529,0.23679870621912513,0.3988473443708638,0.020298646107691734],
[0.550826064026014,0.4212689289474847,0.003832721278547724,0.035595619231556935],
[0.7412692866443198,0.5800190254426506,0.2259134703298351,0.02536109109000479],
[0.36820521930454475,0.04108635127398863,0.8106129613961751,0.07847974341272207],
[0.6037916252078349,0.5769194248286758,0.553967875351732,0.019594213346246177],
[0.6098123781954017,0.9867222041971523,0.5866022028632313,0.04558501062544065],
[0.2968534390018538,0.9972478032424719,0.7880893423351524,0.09573509991225548],
[0.8675870467068487,0.617255904537919,0.1940842062182936,0.022215560936389857],
[0.24081544816037415,0.23709866848698824,0.3680772329146842,0.03599191456548908],
[0.6263834310282426,0.8722496696886162,0.5879775468333749,0.02927768478974433],
[0.7120227271623846,0.3677552007183825,0.5097921716157016,0.025240601527116283],
[0.569983189977974,0.6116802634880367,0.0036743873285914885,0.026799406276774143],
[0.6828454432196628,0.4454668129398248,0.5224664343987566,0.03489218674547566],
[0.7012795224075898,0.3740568943385111,0.3755237719581088,0.0555892873219202],
[0.2776618150616994,0.905277288192225,0.03757740556634803,0.11846619910943877],
[0.725260791100658,0.06269949914910611,0.4004604762090759,0.018839487451881617],
[0.5752739034555717,0.8202027971558538,0.1639864436606916,0.02371066831655029],
[0.9431565080905556,0.8835315011614431,0.36203957674728393,0.019351333598287744],
[0.3966003068331795,0.4040176606133451,0.9509013483949719,0.046243569676005195],
[0.1371275213214339,0.3448755946982013,0.21718253251471753,0.04415443528650024],
[0.38339084551980895,0.5246234221453704,0.07670785704805572,0.024526554162384355],
[0.5049051351663705,0.6738173621337001,0.2551754756584904,0.022786827331332395],
[0.7649366891801321,0.3400842782154647,0.20948143838502464,0.026272996964793016],
[0.9996919696571701,0.4535788070365231,0.13653484133574545,0.018367801114126503],
[0.9867888063328233,0.4370941372545569,0.626626406224327,0.039017673774478824],
[0.31676201946748694,0.6235115154089558,0.6456353831093917,0.023488311630109684],
[0.47054000200356205,0.19050537845325732,0.44723721302426145,0.0296807063318403],
[0.639921851431787,0.347180003871547,0.05700848870746689,0.03457317374097915],
[0.8340333526538778,0.6944078977325223,0.4754572514738984,0.0302241505322609],
[0.6978952438714632,0.5870173249664937,0.94686007720965,0.02625344320939659],
[0.6249676880992413,0.5174109723601343,0.36190314353384134,0.022923846589370002],
[0.5680375238013557,0.7444979082164755,0.07162220739596481,0.027315731970742767],
[0.8210399451690505,0.6255140631859759,0.026048152032432936,0.019745457404059474],
[0.7917708873687853,0.9001249987353382,0.317016653172718,0.05590109780247132],
[0.9002920636342203,0.06686436262717876,0.47603084221646175,0.021042168967174445],
[0.784279644583427,0.6841675478967392,0.7688574111399258,0.019962542915006876],
[0.3054585972477746,0.8422123307547867,0.2889215665502548,0.06861911743125443],
[0.2704188136753113,0.731687263729529,0.1552662758030563,0.13731146997132776],
[0.22211753055267058,0.21408610514221316,0.026806804785171057,0.021480619949439082],
[0.5846137399844262,0.5920118173805327,0.8155212021371333,0.017379340216155406],
[0.7382451389828868,0.14840831133608368,0.14893415772736174,0.032297343492408856],
[0.8322363139589973,0.6476506418859231,0.04926117662484941,0.03826309203328702],
[0.9662293533672058,0.33399078908253055,0.13163620515239793,0.06169980322696815],
[0.46295857106548055,0.9681530981944138,0.28824595621543214,0.02572414274814263],
[0.495316601670978,0.9027530086037155,0.7448279731453664,0.03743325396581034],
[0.556827225758188,0.9043171753031123,0.3115175119545276,0.03128067161070231],
[0.9168547613433198,0.6527016212139847,0.6419966258278793,0.042446591769246526],
[0.45009631350581725,0.5091749133271907,0.12199587854385685,0.03986942291551595],
[0.5493306947651504,0.030636046559353036,0.31029495932574214,0.017080251970229318],
[0.16984356723904492,0.360159287561447,0.3800901818323771,0.023065812898486283],
[0.36945991819944757,0.15135285470995075,0.6455727889825503,0.030462884686536656],
[0.323282732235029,0.19169421950828713,0.5772421781918096,0.022475823087232373],
[0.8546301761359417,0.5884338379359096,0.09391223336981047,0.04107374850455837],
[0.3981612005124546,0.523375276227141,0.7700596174675166,0.022946606818318137],
[0.3500885541885519,0.3644989160353804,0.759325974860495,0.05572059856004316],
[0.42066857895653587,0.3431378352746909,0.9003576703878292,0.02037744956182596],
[0.9599230254138839,0.4132375595802361,0.5973479423589271,0.031041140647418496],
[0.9964561717776548,0.3725213294400791,0.18060895956727985,0.03474872327612855],
[0.7716769749320468,0.9240976990948135,0.43360486934851983,0.02166719152783072],
[0.2555565604302851,0.22625554849125984,0.32990313202157084,0.030268270921873043],
[0.7580981020820597,0.6199331049242423,0.5194802957516749,0.025244199817015978],
[0.0966047631627831,0.1936020787537619,0.08076027826263021,0.036578343327884934],
[0.8812621086133415,0.0147936186469656,0.019013880803735006,0.09550373860708096],
[0.9200571887235084,0.22864673111016587,0.08653437507466388,0.0607910720864283],
[0.6216717271752873,0.13880503420728518,0.027513351293347865,0.038526544719548944],
[0.4857375123974478,0.9233185871461763,0.11340041859363359,0.01838935157883146],
[0.8630344157866368,0.6666392209851093,0.0036790742814782895,0.058642294506972115],
[0.6886329280059682,0.4521822566694784,0.14665259334561254,0.031231423884400034],
[0.0846098839668461,0.07911232584249217,0.16682254015600728,0.030051918715504472],
[0.975420049348072,0.8951280158077971,0.7220211142479541,0.028374430506485214],
[0.5002556272362854,0.08044454609824625,0.723075116432397,0.019672588277441352],
[0.689514529247879,0.3483484824160348,0.9390218091430796,0.056793297049844996],
[0.04590688760373418,0.45578177517722473,0.7913424714703473,0.021431538366030227],
[0.002893828067280002,0.3726714412553568,0.011106317110697539,0.05495047765443757],
[0.4521314277211085,0.9884173080150411,0.885229284777554,0.0391831589185819],
[0.9793963628632797,0.9578140517552778,0.721384823797249,0.04368364910205611],
[0.03884443905335444,0.21726158111200888,0.20282802921271637,0.018591994783769925],
[0.5749961806220427,0.023590959985841042,0.35041518843924047,0.021954462720187022],
[0.25634360575897464,0.08355581095415998,0.18361651341021334,0.02178954779749629],
[0.249099600399886,0.9653382417134958,0.42843834944026893,0.022866184259293577],
[0.13966311267536058,0.532382036842297,0.3188398886268583,0.018573758511055645],
[0.6722721393279731,0.05703692908991176,0.09830633232238051,0.03499979681688572],
[0.35280491327130536,0.043661950164138985,0.11251828582262802,0.05504544764636786],
[0.5566758761445358,0.19914849035290183,0.7292797252940254,0.017472470783610965],
[0.8979195724029839,0.30209392364196375,0.3135987654285137,0.04885407561942176],
[0.3888587322515358,0.6133762952540193,0.32013233168736643,0.03197891380299827],
[0.6441805926099491,0.6210761785812416,0.9717269685573113,0.025816338162385252],
[0.974560514969176,0.7740340213998373,0.2806731306683099,0.07785764038899888],
[0.33290136061152986,0.7823661259797213,0.39479776904057595,0.02590401255193453],
[0.7073035268543995,0.8627815233656969,0.6428018835171764,0.0397666071789752],
[0.6200336240145183,0.2696805789674652,0.8214849226752848,0.03199242016285101],
[0.005178668306674461,0.451022736840335,0.09260540255237215,0.04013302163112322],
[0.40442578241667926,0.36090044728456283,0.006894545704788757,0.02886484448494371],
[0.18001801344850332,0.23235060497294013,0.053850899216550396,0.025417493319387682],
[0.25918626354154584,0.01074786106065928,0.06754790548771084,0.10121098386626626],
[0.6425281916900021,0.40857760001448507,0.7155548376322723,0.019522521141170604],
[0.4970686216868506,0.13485566000573357,0.441635462636086,0.023569644583801855],
[0.9202418894763249,0.11626242080313975,0.42020238274769395,0.04002507904185637],
[0.6019540877381089,0.0527565443356246,0.7951626690593899,0.02227839574019256],
[0.8212902007162091,0.45938763167464247,0.7612188963131142,0.029535041040650002],
[0.46464697406049527,0.3562349054424987,0.4493791775387599,0.018931113553522498],
[0.14551322827791313,0.2520985702792047,0.05520635281901054,0.017549932294345365],
[0.46693616285949413,0.22676761688758162,0.12468776274685955,0.026343584666308525],
[0.22054234197403888,0.027696858501906618,0.5470698416950914,0.019685421211044968],
[0.7602945958604638,0.44251354238088203,0.8903646246553883,0.025323760427033902],
[0.20124424776732475,0.9174987713231205,0.3793996459726151,0.029760650576483312],
[0.15310089373721292,0.5103778775164051,0.8691751738042209,0.019368904572465116],
[0.5384564950583692,0.08757647617002373,0.31896821369197237,0.02108866855940402],
[0.5226604020700467,0.2858750024268054,0.6625636453794123,0.02995239760135724],
[0.7114827108338947,0.6015247530222724,0.4331115667035522,0.020597024784117367],
[0.6693765671688546,0.023425794135873534,0.1433300681572497,0.04152639494497199],
[0.34500255115967793,0.7416067549991144,0.43931947239872116,0.026081399729919047],
[0.1027954184350196,0.48489566704796394,0.7013534211085259,0.033922062938300274],
[0.16069431838113224,0.05302721082859363,0.18110086260691793,0.0259310873738509],
[0.592318968605338,0.2321431283107087,0.08592971822467055,0.023791154287026273],
[0.5931322372796278,0.28278465253768426,0.22621341645489845,0.03252753102093415],
[0.22611554199625583,0.4098473640911394,0.34337394803878807,0.021072172030870993],
[0.28276094227481485,0.5827076725560226,0.9013806057549245,0.03235142616846808],
[0.40951035147043635,0.5496356928440936,0.7851246867163766,0.01915907892703058],
[0.41501459401938534,0.6888958201881541,0.8697924136839512,0.02780896432485719],
[0.004571746172206459,0.5600915333905764,0.5236174398249555,0.017373443263438253],
[0.5385746217811844,0.5143786807524668,0.39597958069826067,0.027775007104641418],
[0.6973163408906052,0.5806181813005973,0.019079253693248588,0.033032702425677365],
[0.5177280330180929,0.32164970142259675,0.3436049679733124,0.03441713645458255],
[0.6022471125032853,0.6030927638603496,0.6703126653168007,0.03867931834276969],
[0.26639809978373674,0.911846328513089,0.6533930929723764,0.025672781493605926],
[0.595524439876239,0.2979043931074482,0.02069160863063857,0.021771497075453172],
[0.6888823578414658,0.7071926922698817,0.8302031868756843,0.040503575329374916],
[0.47068357927117854,0.07037722681116299,0.4346189814012612,0.030412863910864833],
[0.07752913650446547,0.8590124284541972,0.6228611245941778,0.030123251235268537],
[0.8341147437319811,0.3656885822123598,0.07392647169502597,0.041072756960125016],
[0.18363855625856718,0.38965369409559747,0.2120605731746702,0.05098663364760077],
[0.7728138259176899,0.7331848216372556,0.42607231397369705,0.043305902292531014],
[0.7183518384798457,0.4161165210775888,0.8309632452181076,0.01910449831267242],
[0.3499854036730462,0.6812764832093721,0.024273131781734847,0.05615619814668717],
[0.4113583067152047,0.44330029453989184,0.4284058364936306,0.0298337791627424],
[0.34383011720547907,0.6707611478610179,0.8838779440468948,0.05052331963908155],
[0.8316363655554324,0.08317731458292221,0.4437593353427065,0.01954171557364788],
[0.720611555275106,0.634432674972025,0.9862063104362645,0.07313231236600576],
[0.7850962265319595,0.7018465840166304,0.36437101934881533,0.06613743220761366],
[0.7068070580437613,0.9062204819112322,0.4205439334251554,0.02759823434170581],
[0.4371997301935834,0.7839218835901519,0.41331890087696843,0.03805435253691028],
[0.20735454197344694,0.4314708496693487,0.41266073303032125,0.030482238960267555],
[0.49985338015864766,0.37865127615185057,0.7950473127806178,0.02873621291099384],
[0.41489847608486896,0.1508473376315398,0.9313308184890541,0.027966072221509403],
[0.9127873342027675,0.9811342343126079,0.25499155030464826,0.08011003589546915],
[0.8674203529421136,0.3993068429382304,0.08591355837858894,0.042562380758531755],
[0.8229549885199854,0.7617374609782046,0.42370551573822846,0.017624844440996684],
[0.7568224672075602,0.3541066104291569,0.9199527225592729,0.06776262169080155],
[0.6502546452400235,0.7123000355752296,0.5609218417740122,0.021970149261759872],
[0.6376088027063057,0.6469718117719728,0.2933082234311858,0.037491406844707656],
[0.6607957882541979,0.028729669410345826,0.3420468366051507,0.044838017045762346],
[0.7061842519010896,0.7661036214857189,0.8491958881699064,0.05200768088080106],
[0.526746873492692,0.5835109365200842,0.9721114404460869,0.022210584010147222],
[0.13418811959105625,0.569904717742014,0.7531064634149814,0.017870686565533783],
[0.5327337390311353,0.5837519765459691,0.009532818519058628,0.036269409564465664],
[0.5966322692180791,0.2326769996435062,0.6816841673418677,0.02496495547394311],
[0.04474234077657535,0.6134192057692947,0.9807304899887124,0.02547218933882614],
[0.9031012417557824,0.9972269868243647,0.8864667820590914,0.03299434084417508],
[0.3595796689894383,0.7590247448650915,0.9576068798089002,0.059735962590641165],
[0.5866792546545726,0.019151780414994324,0.6631759274925728,0.01784336399052453],
[0.15055283656246843,0.47972136787144193,0.4977611987466114,0.01780980757770917],
[0.0022683799420450956,0.5436642125828471,0.9612190855223754,0.03132358237362105],
[0.44565924063298035,0.8931042042880216,0.0015977808105013258,0.04750159034544643],
[0.7578910397442046,0.11456723227165411,0.36292948116036006,0.04448643090649302],
[0.865161374954466,0.9597625261988163,0.47585831288672176,0.017577973817322422],
[0.14269630051850501,0.6325386120850991,0.030543869942794233,0.06034372600993776],
[0.5890499494784582,0.5285493549064488,0.17189707005507338,0.023151562630954102],
[0.27903616392911235,0.09997305375727206,0.3629696655366976,0.04968894303094108],
[0.687327445642835,0.8835693015819625,0.7608686729583043,0.05712476527328669],
[0.47084932536164203,0.1901601436464695,0.9752699385270646,0.03188712483714058],
[0.6388226121143412,0.16413399805918438,0.26769874158822426,0.033259472290985796],
[0.639236841075844,0.30251161520337677,0.5044180006763306,0.01972907299599238],
[0.14425106959626122,0.8760457704392007,0.6443144107777544,0.0562100313302418],
[0.4341485167297121,0.2693912357727407,0.169722372890176,0.026898936894115502],
[0.39020997336743557,0.45655072464371693,0.06883471809185426,0.019614254228457292],
[0.25304241529471827,0.8768420933213543,0.6263581655837329,0.018635896450649905],
[0.6533689207847563,0.9628164462701839,0.4302006148450659,0.022158332126199227],
[0.9353841442942081,0.645489505686653,0.46733045309656807,0.029901157501245175],
[0.1323951538890593,0.24823888053702103,0.6152162903123413,0.03875059542444171],
[0.887905326991061,0.8194735614155426,0.37957323352996275,0.032433537810583855],
[0.2887675284936875,0.29107889658585984,0.348345672017076,0.03969398528999683],
[0.7874336660062028,0.8501720341932392,0.7351307590689262,0.04975523276055045],
[0.6576024039867936,0.511362083267212,0.18436148266637653,0.027182126838862425],
[0.625714946016472,0.27577148723458,0.1600915633733958,0.0181415213111933],
[0.585845272811341,0.676533388012762,0.13753516658778575,0.035274014696545127],
[0.04325700773935959,0.14252157352684913,0.1463075388994335,0.026187582659526663],
[0.1409947718561808,0.2639693119009039,0.2542350733704767,0.03135005613185362],
[0.6670920372060726,0.810242645050238,0.825138950029917,0.061764153852519973],
[0.47072190185170126,0.08570097091029083,0.12677929313871805,0.030463318079370375],
[0.3081683591940031,0.44734001649404154,0.2231687038373934,0.0357996480908129],
[0.18365697924092828,0.28296234701923073,0.024961475053260518,0.06970395931095127],
[0.26756111118355663,0.8170793838322564,0.4780368317895668,0.021475557611629857],
[0.3630293707104857,0.9833656297869149,0.18677666977934604,0.0641844517868391],
[0.5462351436926195,0.00040005306018064957,0.10357453696888852,0.02860730295446988],
[0.3852061451840745,0.5281772916174663,0.7082899785697689,0.022109958857593467],
[0.4261344402828666,0.2959031082856036,0.5951509098203911,0.017420600000746085],
[0.9067321402792152,0.2819625917645996,0.22424537145164547,0.03798590656084991],
[0.7674194523190865,0.4592795400656494,0.5501629377568538,0.020098748068267322],
[0.24424944485960887,0.409164438804151,0.103042995472712,0.03882345123828235],
[0.9880847465317634,0.7481005848942615,0.00874503236589863,0.17186104392038526],
[0.861936733995517,0.4095253849827222,0.8652120610030154,0.018417482669354154],
[0.7854639440328604,0.2988662629804545,0.02044551311046039,0.02156663356174851],
[0.5342301509470395,0.4687722664736943,0.24704157899400891,0.02371378731669404],
[0.47281550067020706,0.6500293850218432,0.6592881237886329,0.034224535491180555],
[0.39229330377621086,0.3656135148526979,0.8131662997311243,0.021938251048842387],
[0.4433850465299197,0.07250090054798952,0.8173806209629435,0.026161471760718535],
[0.5086407785042968,0.6638738833626653,0.6656725828373247,0.021143371609749613],
[0.4967429817917618,0.9394912743535865,0.21699454873906965,0.025654018064422662],
[0.881318870700895,0.983841472113935,0.8079516095172602,0.02553761364472619],
[0.5980037869976016,0.11000300127296914,0.49501103746127884,0.01943677429942084],
[0.7520560920451902,0.8372288362727482,0.6271714270722903,0.028342124131103555],
[0.5161780581047036,0.5026718554880066,0.5014358758929447,0.01904550652267281],
[0.4873982404677514,0.8041261154769103,0.8927194240238554,0.020094903646111592],
[0.03826436785118059,0.2054707447369748,0.3099085853631467,0.030554797273605258],
[0.519877209669409,0.8706990682058464,0.3973846511594138,0.017847825391093232],
[0.2636441619276788,0.9565125223898429,0.5825573935703827,0.02696486983801033],
[0.7677775812832456,0.7222879635554401,0.6565645208538011,0.017081587203454054],
[0.4793891703244151,0.6589620981419313,0.6154303926744417,0.035785890021752614],
[0.9339257725708122,0.8592712397598197,0.4877954616074459,0.025758462857549305],
[0.7431423098291363,0.04734272798129546,0.1728488343419745,0.027407720841313342],
[0.05995387193269319,0.004459898987806854,0.1684508538838917,0.08223230330065691],
[0.33952406219686715,0.008802838558198745,0.18558832894633503,0.0755867638644823],
[0.9859596817317553,0.539687801722855,0.9368682969007119,0.020292053964329745],
[0.5241061737328797,0.2060156587078673,0.7511727443452586,0.026079235127064462],
[0.9526090210382603,0.31448327601678616,0.4792929577866728,0.019893491918568887],
[0.31597785462326455,0.23451090283675713,0.620685798686043,0.034808326280937815],
[0.5263100959853311,0.8342309875516691,0.48658492258652497,0.031485847049301824],
[0.23572719974741763,0.4100834933158315,0.8415282266335944,0.021738162733206633],
[0.41494460208114425,0.15944190951076587,0.12773741408973316,0.02946603412220062],
[0.042395669993697815,0.1117316141160345,0.15655331427197516,0.050577623627139745],
[0.5115100608421833,0.8973431663733049,0.2743788053385344,0.017985301017032496],
[0.4965110485989537,0.9806448036620933,0.21663280300354337,0.03548776550477862],
[0.9168205394388215,0.6079700261018868,0.6329500065155659,0.018576240468140194],
[0.3924488666396506,0.9427078186538328,0.8668098749201716,0.022082308364305026],
[0.20089312497694345,0.9847195160397307,0.31270518527260516,0.06843170335736934],
[0.8979348447967087,0.3176757744730381,0.13717128185364247,0.02769177752128451],
[0.6285628365517953,0.8843485577237693,0.9084583563301788,0.05386946222018145],
[0.7995212734663936,0.13305557432858217,0.3626890931701997,0.017468762819201525],
[0.9919916533375306,0.5123476983722894,0.5392678839166467,0.021033172632116834],
[0.8554978325741499,0.37363050530781294,0.9314642277482333,0.029527078542351842],
[0.12427338655090936,0.23846689721619452,0.5145285216123664,0.021774403284420353],
[0.3370506868319255,0.12281000073487292,0.12577384648599854,0.025509525715308047],
[0.5889404047253964,0.2626502737536359,0.4606212077258367,0.017580442094256202],
[0.01987132917404788,0.026254547725503286,0.3289829881447195,0.07104609369945784],
[0.4293721519931245,0.12207919614873519,0.26580218533972766,0.01731875800361287],
[0.0697792789110554,0.8005771694150439,0.5173653982370251,0.017022841633378742],
[0.759079050976691,0.08641370422201933,0.03779518526979275,0.02146005196181125],
[0.08572320429404667,0.9436739464866695,0.5702001573457902,0.020440360133524647],
[0.44288565451557504,0.4031326265472255,0.4030654539306854,0.031973641965097485],
[0.31209528500571526,0.4212278563571683,0.24769458133027122,0.041671069947082855],
[0.26773205787062304,0.646136210233458,0.7526730546466959,0.048524024203836114],
[0.2987542670017106,0.9732663045769142,0.6347829508680441,0.045871169308746906],
[0.7795930204723879,0.25333530475491417,0.11219484583109995,0.030760060360870534],
[0.6304918849933607,0.28901182429860595,0.6985849752839945,0.04952826968645711],
[0.6921997019602557,0.034277645175937455,0.3889818117932784,0.022419365973333986],
[0.11038652681647243,0.3877642524506768,0.03393352181489118,0.03864275236323441],
[0.5807368358746462,0.1135076455365035,0.9642590657823231,0.024633229237889194],
[0.934327153517282,0.47380583054604486,0.5304792281796081,0.018511082251822568],
[0.8412860104793531,0.4290548471319461,0.5659923015935495,0.01787955133427211],
[0.8644979771653057,0.31295123832206173,0.24772996152676396,0.04625515365445347],
[0.7890158007724295,0.3806210119473631,0.24768440739682074,0.02142880719443184],
[0.21525775912448653,0.6670391085583652,0.8696036579207905,0.06634143374272757],
[0.2972469037685156,0.9002803883369667,0.7090697270002086,0.03188787495477532],
[0.254556422305795,0.3609365537743411,0.2915952337947878,0.032272742524962775],
[0.9535501459480105,0.25594752244687613,0.2142795267114912,0.025566077888175366],
[0.027622167735982917,0.16337993260217853,0.6069142519415215,0.026721600849014093],
[0.6227813868855738,0.13621492955745873,0.12126560312353007,0.018151737019865506],
[0.711151004165954,0.3547155005522563,0.6339448535508039,0.04001014932500027],
[0.3052620490973844,0.5474072913032906,0.47594062598885056,0.01864584927544003],
[0.4910489570866443,0.5099801407910107,0.7816309021366175,0.023523082066315357],
[0.5990075100516844,0.673483827846676,0.2827706250169776,0.018290615675280404],
[0.2336171257398253,0.05523618458320445,0.16991600401423546,0.04174290535743669],
[0.14482329494423285,0.3094506193373451,0.6545006793660846,0.07190181596347632],
[0.3225310339189973,0.4367144626287637,0.1304926779942176,0.023154256767326353],
[0.03633423257221924,0.9963723755494673,0.648793767870021,0.05899464745197984],
[0.2848919537893093,0.4061995589888103,0.4310271133931257,0.020215120225109164],
[0.38237665761797,0.5387721424368551,0.8915671717365757,0.02346927163836516],
[0.5589163869725702,0.8026269037586432,0.9166712600524234,0.019788566636014],
[0.9808605660927289,0.5052828945169628,0.830646879127801,0.03339308617822686],
[0.3745804365234199,0.8784651967436305,0.5710181503114435,0.019881804618088243],
[0.712294630676868,0.8258547211957066,0.7575083972059686,0.05527083756139972],
[0.995119418394633,0.4776522231722852,0.1273407750845028,0.0356242851318913],
[0.31629122170741475,0.4127784900103785,0.46643043879719437,0.01703329965938364],
[0.4013416528592888,0.7208083536717315,0.8604409142776145,0.01787809303214194],
[0.35275388299766897,0.6992777995940765,0.3773614291244497,0.026042944572387997],
[0.8539002478829973,0.43385279832366674,0.1534856646985424,0.01743787800993618],
[0.8391006302383488,0.4152099331263166,0.31105153743586533,0.023918821779725957],
[0.8517840403776579,0.6615699293621538,0.18224508813013796,0.06914211353683457],
[0.3585432766979959,0.37791217930857546,0.02225620758922897,0.029920822234394975],
[0.10906966466302737,0.6032138398658199,0.6340596119970198,0.019573761421938063],
[0.7579603423332388,0.5657909483166024,0.19480373227966874,0.01848868409301096],
[0.07878315812353254,0.7639634167898882,0.6763333933394668,0.0881367604818432],
[0.5306695245197641,0.735490106769443,0.20209289399200958,0.022371623142522994],
[0.9143533356841336,0.5138800119848356,0.3975824187255982,0.03410159018468745],
[0.608054198249197,0.3290972068056357,0.45157899957939607,0.03541739434343163],
[0.08941650325615424,0.21344576838523166,0.1941294970002294,0.019469983831420658],
[0.3650053215992276,0.6248352865787323,0.0959010489026757,0.034272487752925025],
[0.569954699594582,0.33002593811497716,0.9876972319208236,0.041624909332274584],
[0.9880233517607678,0.4710750177101807,0.20540812979423828,0.025758694171419787],
[0.1304829108445984,0.7163270829658813,0.6015347253580666,0.027693828259862323],
[0.8778297338667375,0.9706806536707647,0.33115546070759383,0.0357176711158177],
[0.2285630238344577,0.5188914990068789,0.8872531113036526,0.01858530520748298],
[0.7847610737898355,0.044824650004686384,0.0554589008400882,0.03613715587973126],
[0.27133511615491934,0.3430800289318986,0.2695529325199265,0.05009146253347417],
[0.27072262232400834,0.8922280311743719,0.462707717993574,0.025569665931064633],
[0.2910922641377257,0.29661782579102036,0.47204602853473854,0.01742214765995192],
[0.10853409311561135,0.4523058143322827,0.24091840590624758,0.029312523173741],
[0.5509586283345254,0.6735551826602894,0.5074685693847463,0.02387165171588826],
[0.7876772456316496,0.6807100831217135,0.4430395125340303,0.027920517977883225],
[0.49136098221752067,0.22992200825772813,0.2655173137268251,0.01982351221477325],
[0.06248342338877433,0.3335933438097698,0.15022746964331624,0.03805381755607372],
[0.8848653669831198,0.9258597018011723,0.609244294255116,0.019217389380940045],
[0.16141632688749985,0.43033739160634454,0.9479251501045527,0.02449208321511872],
[0.3188311266887788,0.45463468573102783,0.8714317631862034,0.034072003730485106],
[0.7892187109598642,0.7761268071948378,0.6452851414882048,0.036274796449271826],
[0.43967752769554724,0.5840812388761752,0.7130391166583966,0.023936356992027223],
[0.7236111053104779,0.11651878002896854,0.5082770689527767,0.024356495331103067],
[0.4532517428315591,0.6131017306622892,0.025202562549766383,0.02654438333535887],
[0.3439967943910116,0.9357072486898014,0.30579350745885403,0.04177642390023186],
[0.4945131467952295,0.7054549518707957,0.9278413565721461,0.020472790271265327],
[0.18324282080257082,0.22687084599181184,0.5678062690087833,0.017191816252897847],
[0.923606001380859,0.4043878255109633,0.587631492395022,0.020258310768001685],
[0.011968938722642486,0.06100860538721764,0.52217341540597,0.037822880419526486],
[0.35018964663368746,0.28466628993946763,0.8548844478664903,0.045226537112690736],
[0.9822840403373676,0.4510753621192565,0.9883564157290888,0.03668257700016008],
[0.5148938715833598,0.33958081783679617,0.11957989906698774,0.026333250859043658],
[0.7701914039619094,0.6709608665600253,0.7444632273947808,0.025845670799663455],
[0.4454909439863639,0.75126362271274,0.04858111544423027,0.02867663614803738],
[0.48205491096743247,0.9750675874045571,0.026517360766881826,0.04632806877515212],
[0.4750095400145765,0.7856737582282738,0.13464220889698642,0.02131860759672985],
[0.6190728042116317,0.9977400557133239,0.1513275508241949,0.04471984296293864],
[0.2193207403149532,0.1923492441332333,0.46641714683356295,0.022275679805148614],
[0.16163809012844077,0.08235258137051715,0.37877784154263383,0.04762212558251648],
[0.035389348012,0.6395389718254405,0.22213089137191178,0.05148427720656433],
[0.7212389002725449,0.4648348322190736,0.16882391997593071,0.034053127075796746],
[0.9170983773492414,0.7717382905724993,0.6569216399379347,0.032610761885895644],
[0.6163736790305083,0.6154442065060023,0.5502607509503061,0.03044026176382065],
[0.3964899095178568,0.2827648094010484,0.15997647395326375,0.031122627193806027],
[0.34809082993912,0.24662031312777966,0.9777395784803727,0.07201788260224157],
[0.5415568105200902,0.6048931940454502,0.3955136149813566,0.03171410812571347],
[0.45773053772800576,0.852503024592311,0.16698072294759247,0.02188482701761521],
[0.4813967974078672,0.35222275952686466,0.5742341361387404,0.02343024212341417],
[0.9486259263733097,0.25480222092534655,0.47519868929672715,0.02216797477552901],
[0.5075099825435534,0.9972765052768895,0.17178639182345734,0.02303264513655292],
[0.582734513099059,0.0034275781600391353,0.37914840298831776,0.044417960276842014],
[0.08000238400149351,0.35465708882124514,0.41835127412949236,0.03966740412158942],
[0.4018578571592485,0.6420597551923535,0.186959860675447,0.030778805346851436],
[0.6170879345082647,0.9850455885405566,0.8683932381233929,0.047271791128230906],
[0.3943152197748978,0.11291343569987033,0.053373106525391845,0.042476607286351886],
[0.475159851295605,0.6719348863340021,0.7202935542027157,0.021560276642855397],
[0.17410423423671417,0.2628475871689596,0.16653325563606058,0.031123436896626208],
[0.43797057898441916,0.5281317907750855,0.510517757271167,0.026254444711951992],
[0.8281325316468228,0.7496577895544533,0.9833986649817016,0.15635974063423885],
[0.8505562537984985,0.814770252245943,0.3611383126101495,0.030713263927908463],
[0.9821002389817755,0.06241855218096781,0.48408534045563767,0.021014165797616384],
[0.737436134089602,0.04796663456232675,0.022898303107319662,0.05805661900924895],
[0.12320770098142753,0.6505461598845896,0.6002143695619632,0.03257249505638598],
[0.6417484679086177,0.2642691183334508,0.3668672772269209,0.04139158723851385],
[0.9959972113854322,0.350498276184509,0.9303548899388071,0.053377771795674614],
[0.469347968882214,0.2581866241584889,0.6051504231680385,0.018025364554062],
[0.6233762065650619,0.9098893169383877,0.01415580733370625,0.029776028272668197],
[0.7627040393657496,0.9989666746837925,0.845843899576208,0.09620206156340805],
[0.5617428905435454,0.36604855087104726,0.8723197728059622,0.020487852487284866],
[0.7247748065420827,0.6137688341971977,0.636875523923142,0.02592526015292894],
[0.5495386949992285,0.6896030120554978,0.1678486599252076,0.02081298813656237],
[0.6364184104484141,0.724045058972871,0.7254753863126169,0.020740845490819865],
[0.20681377335853002,0.3876955381155467,0.10550785505288496,0.04468172664918253],
[0.6140855682100672,0.7772398160314776,0.6405093711440175,0.02980665450379487],
[0.8354192295503532,0.727681984962686,0.7615944389845767,0.05452623759727579],
[0.6784440185444122,0.742162199164578,0.5301935797835077,0.019891665798955245],
[0.30331775534414185,0.14663784333022734,0.5198442129817439,0.02339787560108956],
[0.6034740002377025,0.42455568495166507,0.20659691694362325,0.017823162122704482],
[0.36497326735045554,0.369166965306027,0.06705544418413478,0.03501876491021009],
[0.10417547003215366,0.3974540311483732,0.3244878992921336,0.02349158556345015],
[0.14275870877646124,0.661577890023927,0.7788106920828636,0.06736940471291628],
[0.4486480553988982,0.1470433384465779,0.4962435080981086,0.025899571060569865],
[0.9175254279536429,0.4570482139714497,0.9344422981015675,0.025969644825097747],
[0.404740717455208,0.15549654768290933,0.8032634093391319,0.019607575926904902],
[0.0820143694264095,0.5073438165735592,0.37922429379769285,0.031249328609900325],
[0.4501510897717944,0.3086415672662658,0.7411900857557725,0.020534811534740287],
[0.24280962104101889,0.6945133435476882,0.4081630357112688,0.0174867578215899],
[0.9649850037580678,0.34755361983695965,0.7867853183227327,0.04073462452548707],
[0.49225313549172345,0.1452430280392525,0.052715280770876505,0.01851565810355297],
[0.8756415011460831,0.4199820564852135,0.6293785089720526,0.021165548253175792],
[0.7924309170653902,0.7365397352252416,0.023839780464429472,0.13092198340022182],
[0.29117718884639177,0.6146506846006075,0.37972921863518394,0.024781509650020073],
[0.9926175817809997,0.867889709639832,0.15075507516684794,0.1628989243105312],
[0.17745555675092684,0.054843915107013474,0.23164415266404015,0.03923676431825954],
[0.984738346234744,0.30658509214358165,0.73196086069109,0.0892359518180449],
[0.737318871898944,0.566863646067204,0.5093435077444874,0.01820765038254346],
[0.4624369765802565,0.3686863880034946,0.9190620214981616,0.020479618755754887],
[0.4290762494075373,0.07659948912010894,0.9247583015246018,0.01731101633246273],
[0.7894706756822532,0.3965824896963194,0.7236320956443621,0.02126901875174724],
[0.8529808083307394,0.6705602313215087,0.4621162439055171,0.03737592532535553],
[0.6611989372778165,0.7940324924145762,0.6028245049858901,0.021420723397652636],
[0.8701303793202864,0.9182780755928023,0.7550653358247202,0.017664149131144453],
[0.5748688473818105,0.518823745784422,0.3845470662256658,0.019004270002142276],
[0.927545842376315,0.43412643528446504,0.5964525536827503,0.01742401223210826],
[0.49744845167557794,0.5009422678517029,0.18500097125599202,0.02358158563915401],
[0.2968356997059274,0.5904182892648785,0.8541676391512957,0.038446213005704846],
[0.6494820019651192,0.39865915017887044,0.6395357918991197,0.020540042043876397],
[0.62975958529096,0.5698823278500309,0.15472046005184392,0.017653760777233123],
[0.124783959658743,0.049199396273443385,0.3905530159560403,0.04143536637466829],
[0.15338130251825044,0.4728519204523557,0.3010510578777057,0.017268263148394886],
[0.28881827048394615,0.38570745205164514,0.796170109480945,0.026506088064471224],
[0.7085010993466935,0.6083459424352495,0.25680317433164324,0.03733014274336463],
[0.3303581093152336,0.36587627305600967,0.3807500554494244,0.03454011167276184],
[0.5122445448078794,0.23750166710366316,0.48736779853191026,0.04134408926738176],
[0.16453702006366677,0.4534003166709967,0.2205162316039937,0.03720187461723036],
[0.5390692604311094,0.07792858290497784,0.5097562681541586,0.023211989435162707],
[0.5288845666020741,0.35780599488745524,0.8536819022546356,0.018102718426085483],
[0.6080738723913748,0.48355740716966344,0.9526115533249117,0.027750115639412085],
[0.3335511466128799,0.66164917971978,0.7023536554998089,0.057751766782328504],
[0.3379921884356276,0.39452185201201306,0.5363181671241477,0.022266109542284494],
[0.2376755642276941,0.39313710383746525,0.29564825723573807,0.021793275523094922],
[0.4711529113421169,0.013896980876780818,0.20115512678863456,0.03751938662339904],
[0.3555709984700076,0.18174374774283875,0.6524058117744614,0.03562340102151856],
[0.979094161409647,0.564415331807956,0.3349687669724145,0.01862678589592147],
[0.7991101606436369,0.47829544374372535,0.24480354737596555,0.022881918753922856],
[0.5864481798118504,0.9142706431478343,0.7151124830587854,0.032090971055977226],
[0.014843110714913954,0.9849589328938887,0.428363488185873,0.05166715542722353],
[0.3911811702872322,0.8207621887690126,0.6117868336665168,0.027061441850603607],
[0.7531657092402183,0.5668348847492073,0.24854647913585426,0.021782397620052713],
[0.4141648913789867,0.6070738878382942,0.9988171871092,0.032231613580207534],
[0.07713901497447373,0.4260232782912208,0.24521354147807406,0.02566316965499258],
[0.24774685557972675,0.0838536643367579,0.2330637511194107,0.02138619852911329],
[0.9733267455989386,0.7551551213989989,0.6992265474477211,0.03075828631813466],
[0.45143046178077273,0.12077840532988704,0.8849873117098773,0.02398565683104758],
[0.9844254224337183,0.2665133843866888,0.3246416857376202,0.09581192729468208],
[0.4905327508420332,0.6398343850088775,0.9746706351598831,0.02238194807620123],
[0.3974360043482219,0.8256580506818765,0.45697314246295195,0.020994038229844754],
[0.9315615242120014,0.5651851146777603,0.6057033097283785,0.018234233356714737],
[0.6123856534863581,0.9853763784570974,0.07360182299192064,0.02641358242464057],
[0.5905719973833684,0.3136283218775746,0.8460255432703108,0.01730657149172035],
[0.9151475817481746,0.7042378282526004,0.6053159282872758,0.03278756209017571],
[0.5684130639247396,0.13943023211857486,0.27858715685483515,0.02124488612092818],
[0.5171707658818742,0.9708750827273926,0.8308910419290477,0.02008310550636954],
[0.8653231692830461,0.6319937689630735,0.8153637360766048,0.058335267124919904],
[0.3679088029540688,0.7439943605508739,0.027953463988216853,0.06230787026091478],
[0.5964403474927514,0.8886993027341706,0.4912140378719453,0.025244913950682867],
[0.3574642091542647,0.5102171576015454,0.5695449942655016,0.02650597718105293],
[0.8051683608539613,0.07356691359866663,0.3509820676822045,0.036467972363969446],
[0.6805352661594031,0.34168820785353493,0.5894659332142956,0.0413318068055802],
[0.16219824348138268,0.924268884592272,0.3810190118351532,0.05741555464527076],
[0.8500803768829615,0.26707063132975994,0.6138687912904659,0.027604286603675532],
[0.974644140802894,0.08260366661308771,0.3431112742136331,0.07094520288951416],
[0.9648984397830467,0.5819615708403643,0.4888149809420843,0.01973529294521295],
[0.059885256045997926,0.009171925221449606,0.26546075554590165,0.09499108361444533],
[0.6537123980051428,0.07183966927670127,0.3757757761046404,0.03641816637876253],
[0.8873517872630884,0.30745446159495293,0.6126633884521498,0.020269285272778124],
[0.6171203038952766,0.1758148933561815,0.7759264608467128,0.02312328370530868],
[0.7191111638699627,0.05246698655067572,0.25994677115940457,0.021119029829362063],
[0.26630420583090464,0.05716994293075062,0.3285117679794427,0.05156550877944062],
[0.09715590995241674,0.34140949539059584,0.014948019241253663,0.061182217654774454],
[0.37045343349189297,0.14750633693523096,0.1867859596742628,0.031049796759439495],
[0.6965895350994828,0.11922535263872369,0.32191994715889116,0.020583778509415854],
[0.9170880995362012,0.7899029713216442,0.775915964971206,0.03339254384343287],
[0.928471395872863,0.3394042477204241,0.18022829346849556,0.04520089633928892],
[0.386168636818383,0.4977440795371886,0.4947870399008969,0.020814951361160364],
[0.9290067550405047,0.4162386289069183,0.220242914339413,0.01982672937891579],
[0.8884455335459245,0.8568016486099891,0.6292577911063854,0.03167703526739312],
[0.6247367450331756,0.9023465052981702,0.09587409219710508,0.030578243953841802],
[0.24836699969531473,0.8876320801396378,0.32971506153408003,0.017864983157908666],
[0.6647875999036714,0.1369306583165102,0.364071220968451,0.036691335106843],
[0.5230402617617675,0.39098621113918086,0.4814892658257227,0.024611686319460715],
[0.904038781427709,0.8192248638111126,0.6819279119856818,0.022257558304019896],
[0.5129112488973613,0.843535612232957,0.041810868163226544,0.01859570989781357],
[0.19353573083247744,0.8422035330726665,0.6805409094882223,0.031340062459388036],
[0.26056910839135616,0.3290111012351148,0.8529071379075703,0.07932594040386778],
[0.673588332982347,0.6574866193360682,0.850547742431315,0.05782705584142668],
[0.3096248443045201,0.4110894711434465,0.07863746968936358,0.02554045478286502],
[0.7663666174158914,0.6174575499398027,0.36004077435551385,0.02381527660527795],
[0.7600875731296963,0.9864449252207121,0.5188819635487182,0.01816528695299391],
[0.48347582988918414,0.9171278239529289,0.5026089966999836,0.017823432844500185],
[0.5902072306644249,0.024600675044972653,0.2919524072643922,0.027069958073966893],
[0.34226313954687926,0.4596146706211278,0.24923494863207662,0.019918710810055966],
[0.14727469406468163,0.49665799158436086,0.4825996435912293,0.025949612390157487],
[0.22239365284876078,0.5458586276385199,0.7648739670254802,0.019033670575812747],
[0.3156615146385292,0.7166395434812192,0.3584115725741762,0.03425332183801769],
[0.4032605178107078,0.3504800768913364,0.948630968490125,0.034320127095632036],
[0.8338616171172853,0.2331436581566978,0.13425152455678369,0.038911452265609034],
[0.8430026236309988,0.5375181700286205,0.09352464549365025,0.023588622788371434],
[0.5826912316889238,0.6992519169130856,0.3142216882078953,0.028408405431736596],
[0.6235824200564811,0.20576892825939552,0.22028614861994555,0.040762632388733004],
[0.20034502967150614,0.09449917096943106,0.2462295613978981,0.033014968848426834],
[0.08736967844285914,0.5137150067980042,0.6369590882541603,0.022751541094608203],
[0.3634428229325214,0.7271533133307222,0.6233742102769874,0.0445358772044339],
[0.5138165054125584,0.20439587959979078,0.0026415111284333603,0.018143598933253333],
[0.6123499017250869,0.7250116138223216,0.366861282879717,0.04538133329024049],
[0.3955157836999309,0.7774467438979789,0.288358822659329,0.026821152849490236],
[0.413114400713969,0.0060575962215375645,0.9813132716676294,0.03309770778163548],
[0.19222453054228106,0.6895937474975476,0.5622381535151886,0.02756413899887067],
[0.28344678087552355,0.9978731934842633,0.2410657877490534,0.06692663217447298],
[0.13358488448141315,0.3459234194861156,0.2663427620133427,0.02251818784246041],
[0.9806552965592024,0.13320384297501975,0.45273737075976994,0.02508460549420468],
[0.06619646630789644,0.5051844896159806,0.4494245492948833,0.028694454152459324],
[0.9504028550546677,0.5790250181030462,0.05786752291731756,0.017931668624981398],
[0.8472451764050731,0.5685345002986277,0.8610371400592502,0.0200939471379177],
[0.4474160584131316,0.7483449796583059,0.2791067520804317,0.017523221135426287],
[0.2422361955998884,0.4930066424544838,0.12022550955197109,0.018386140786932244],
[0.227022638440191,0.4856227872212354,0.9365169662719226,0.01925708135544405],
[0.2839128138207764,0.8662946678896268,0.21613784000920078,0.04964985415621036],
[0.6487264400847976,0.1307122386972157,0.3211441501294736,0.04437438417955863],
[0.8726242661886539,0.29971037630977104,0.3736524074337718,0.04157257329073609],
[0.4281360653183075,0.9846207771652242,0.2508235786462608,0.018747940073762376],
[0.5329365393025565,0.9132611970692806,0.20501039173346414,0.01940103119685562],
[0.3685181920111985,0.9163856518474983,0.9476418478831098,0.02580933341178966],
[0.4767423198531505,0.0016673491363916604,0.3064450230003357,0.01728067408057081],
[0.5995089878759797,0.5645171129821647,0.7440764989733145,0.03448633835643184],
[0.6253534418823092,0.7246486697756628,0.8160510343974028,0.03911213750325175],
[0.4119669459971671,0.9361118440853604,0.29878206106920735,0.018405564478787002],
[0.4435778904723675,0.6063635272537066,0.4293157688797683,0.022341790587406686],
[0.97659248993805,0.5093810869233749,0.7093211603769326,0.02420268546031977],
[0.5635105377774925,0.6016862472282534,0.43285161766650726,0.03324071935425097],
[0.35321251557443867,0.7728736085715147,0.3283537518802614,0.03803806180031335],
[0.2781727187025882,0.19788155861691292,0.3884535057713405,0.030430032492847328],
[0.9853034595189281,0.8110878913293245,0.4193222345194997,0.03443703888478153],
[0.9924474658503358,0.8853142263963831,0.34271096637542475,0.02267072884094716],
[0.8567073561102797,0.8744285512651957,0.7438850760552476,0.026286648484956272],
[0.3821481378276771,0.9307000903849282,0.23886358941482289,0.03356168254712389],
[0.9965770706220021,0.9599651333110396,0.582158906808163,0.0259015602893779],
[0.6806293668698592,0.7541090338208198,0.5780424601092758,0.03290115878668546],
[0.6435834552323205,0.527664183889263,0.2729164286057363,0.018007903872571104],
[0.14561472784855922,0.3436857923795317,0.09060875332510132,0.023970803817627784],
[0.9824108595517741,0.5410698438029211,0.34834500053798234,0.030207622585143028],
[0.3135773096635246,0.6013932568448962,0.9115659760942834,0.031205303753009027],
[0.6407922373313716,0.11564897182824407,0.0716820748015693,0.04030816514190205],
[0.8612659543743851,0.6841119986068652,0.524664767789828,0.029720573761103902],
[0.48331028057575987,0.425448016533043,0.21515680344510457,0.02011405850652468],
[0.3913777233528122,0.14375669902873855,0.25956921116168175,0.02984293842273745],
[0.4828311006745002,0.8223721379551412,0.010358985965539524,0.03857844205084089],
[0.4648147724312839,0.2122165421194171,0.1593341700933304,0.0429013716931258],
[0.7541087638410887,0.5124619162386025,0.0010016020741298037,0.017584320227175293],
[0.8166815007460972,0.6016465516380846,0.31315508971570216,0.023951807601328805],
[0.5051636940186631,0.9727970498491268,0.9660300901814831,0.03052665274239144],
[0.27252596962671405,0.31651485889728603,0.6226566700571999,0.0197127481493165],
[0.4811367854969125,0.29785634341542566,0.803211844077892,0.03416581868464368],
[0.742469276318333,0.9741486431740588,0.42299322941802,0.04172784754259025],
[0.5445026169255581,0.595305766559454,0.2538308317769926,0.025099549768788067],
[0.34899324931781583,0.6298348863599468,0.3001594902773219,0.03320302246523554],
[0.3036054849715162,0.14922543161644186,0.458739462812661,0.019592737777743258],
[0.9692939554297921,0.12827103025870856,0.4930715272764503,0.024372019617769462],
[0.5150767613680651,0.887067633674862,0.5600617890572972,0.01713534040583417],
[0.25534938377009564,0.30373507214943185,0.19340925966229783,0.024350660339813646],
[0.5685643240595719,0.9935802642115887,0.6202303373403164,0.04374469854223048],
[0.9240978210933771,0.8606199378214644,0.730867746466363,0.02005111072478344],
[0.4748924407752242,0.285093829742847,0.6595599641625864,0.020843719585312545],
[0.8333462718798892,0.08151142855796001,0.39967908897424465,0.038923601825351345],
[0.5996877154912176,0.1653780278316559,0.8128942794133655,0.03520153967430152],
[0.5526159976862376,0.3449629921024474,0.8573596217857932,0.027492216834558547],
[0.23671765615290985,0.6894257646147272,0.5098644837449237,0.02333125638504549]
