Self
n = 3
number of points = 3000
[0.75044,0.47547,0.68212],[0.45698,0.58315,0.86978],[0.07739,0.48085,0.0573],[0.96348,0.5048,0.57942],
[0.4676,0.16313,0.71576],[0.17308,0.30564,0.2601],[0.57041,0.90122,0.52704],[0.85808,0.49438,0.90239],
[0.57724,0.1903,0.054],[0.10525,0.26151,0.56273],[0.5107,0.18206,0.42499],[0.2049,0.14655,0.10475],
[0.60389,0.15367,0.54141],[0.40813,0.17948,0.65369],[0.53423,0.32034,0.15325],[0.56513,0.20034,0.78237],
[0.83688,0.16455,0.34232],[0.04092,0.46793,0.61547],[0.94451,0.47325,0.42366],[0.16651,0.2589,0.41952],
[0.56665,0.88908,0.66907],[0.26293,0.12573,0.24786],[0.41804,0.38235,0.58999],[0.69466,0.08151,0.24673],
[0.31845,0.10305,0.56944],[0.24911,0.40965,0.64231],[0.76231,0.33724,0.54815],[0.39317,0.54961,0.85009],
[0.34419,0.67809,0.51695],[0.47995,0.45157,0.07666],[0.76406,0.15925,0.06415],[0.42198,0.09391,0.95352],
[0.15565,0.391,0.42888],[0.48251,0.60948,0.56337],[0.48818,0.86704,0.33854],[0.704,0.62845,0.52307],
[0.47657,0.70058,0.66667],[0.47016,0.69858,0.07276],[0.99814,0.52047,0.90594],[0.28197,0.05063,0.44793],
[0.21781,0.4024,0.02789],[0.63808,0.47077,0.75047],[0.46547,0.65447,0.17921],[0.25268,0.5337,0.26589],
[0.36043,0.40593,0.87678],[0.8428,0.82654,0.44319],[0.85362,0.30814,0.59683],[0.11267,0.50808,0.26992],
[0.46525,0.8411,0.69048],[0.50472,0.5296,0.55133],[0.48531,0.7237,0.78514],[0.70996,0.51468,0.33186],
[0.38695,0.46521,0.84992],[0.91061,0.4347,0.6775],[0.36491,0.50987,0.11673],[0.78363,0.50053,0.52171],
[0.19328,0.53207,0.78102],[0.55512,0.45927,0.51683],[0.02542,0.45536,0.21136],[0.91072,0.89818,0.40443],
[0.54672,0.55828,0.49859],[0.46291,0.81705,0.62262],[0.39451,0.26759,0.44436],[0.8428,0.65902,0.40618],
[0.46483,0.91842,0.63047],[0.93434,0.85928,0.59177],[0.46018,0.08536,0.00908],[0.11216,0.18448,0.21585],
[0.5825,0.33307,0.27779],[0.82147,0.15705,0.10579],[0.81376,0.1444,0.45259],[0.26747,0.33676,0.5841],
[0.76063,0.45133,0.07518],[0.24517,0.45045,0.76263],[0.87789,0.55783,0.21955],[0.95269,0.96936,0.63571],
[0.81294,0.38994,0.56325],[0.16716,0.28084,0.56388],[0.13164,0.4953,0.28699],[0.66987,0.48756,0.5499],
[0.21474,0.4562,0.95378],[0.56362,0.66059,0.95555],[0.94091,0.43818,0.47607],[0.6745,0.32552,0.2506],
[0.11833,0.0784,0.19963],[0.95354,0.53556,0.95483],[0.9713,0.43303,0.14186],[0.22226,0.23431,0.52669],
[0.37252,0.55734,0.49884],[0.58138,0.20769,0.51784],[0.51478,0.06599,0.67266],[0.13914,0.47294,0.66775],
[0.42576,0.89339,0.07934],[0.0553,0.59532,0.07169],[0.61216,0.57022,0.62648],[0.52473,0.66155,0.11725],
[0.31477,0.47237,0.17715],[0.50541,0.0369,0.26613],[0.54743,0.39058,0.17937],[0.49238,0.77334,0.69069],
[0.55939,0.89223,0.5112],[0.86591,0.44467,0.86335],[0.12866,0.46929,0.04899],[0.47615,0.13324,0.82749],
[0.73787,0.57069,0.85224],[0.89788,0.03157,0.49002],[0.57718,0.31292,0.29178],[0.38022,0.42786,0.59891],
[0.16218,0.961,0.58717],[0.4524,0.83164,0.07622],[0.88312,0.58891,0.21629],[0.08379,0.26151,0.17119],
[0.1771,0.22815,0.49133],[0.89298,0.44906,0.87455],[0.46174,0.99925,0.50261],[0.47833,0.85364,0.22414],
[0.66494,0.36196,0.45858],[0.45524,0.34846,0.78414],[0.18535,0.3384,0.41951],[0.14428,0.40303,0.32481],
[0.1921,0.44359,0.64264],[0.74052,0.46745,0.08235],[0.68882,0.24843,0.49039],[0.74231,0.5403,0.46019],
[0.18952,0.45886,0.84488],[0.45155,0.7396,0.51309],[0.6914,0.08222,0.27847],[0.41415,0.18253,0.01238],
[0.41226,0.67491,0.42312],[0.65453,0.75573,0.66811],[0.6425,0.49982,0.57135],[0.82657,0.94451,0.44607],
[0.13822,0.32185,0.12729],[0.08561,0.75823,0.43886],[0.78718,0.12757,0.58442],[0.39867,0.3391,0.43548],
[0.94773,0.83909,0.65297],[0.40364,0.88894,0.25759],[0.81275,0.89403,0.4386],[0.54847,0.30564,0.73196],
[0.81908,0.22192,0.06192],[0.92594,0.17514,0.22082],[0.57848,0.7298,0.72344],[0.05433,0.4538,0.36626],
[0.43581,0.15569,0.26838],[0.97695,0.5559,0.44144],[0.54791,0.96812,0.94579],[0.10888,0.44099,0.81944],
[0.8837,0.23657,0.40337],[0.35201,0.57793,0.97917],[0.52155,0.35385,0.57867],[0.19457,0.3833,0.4015],
[0.01945,0.43179,0.50307],[0.77931,0.42173,0.29927],[0.45441,0.57851,0.86117],[0.31785,0.56855,0.95684],
[0.55535,0.99059,0.88538],[0.55632,0.82616,0.5254],[0.17287,0.49752,0.12106],[0.92056,0.56225,0.9663],
[0.7389,0.3949,0.434],[0.54854,0.24285,0.76126],[0.11273,0.40256,0.53379],[0.23736,0.1357,0.44809],
[0.41722,0.09924,0.63408],[0.42913,0.96161,0.98293],[0.61812,0.6846,0.66953],[0.80751,0.22516,0.08559],
[0.76332,0.41743,0.03268],[0.5213,0.15572,0.2488],[0.77965,0.10574,0.06392],[0.40735,0.40725,0.26763],
[0.55247,0.1725,0.70782],[0.02119,0.55749,0.42737],[0.54339,0.46907,0.70308],[0.33034,0.24625,0.50714],
[0.56818,0.31677,0.19436],[0.16846,0.18437,0.08684],[0.50389,0.20817,0.79529],[0.85894,0.89771,0.43068],
[0.8816,0.41177,0.32582],[0.50065,0.15094,0.51995],[0.56959,0.35713,0.69942],[0.61569,0.51424,0.22724],
[0.97969,0.48451,0.25906],[0.05831,0.55181,0.32082],[0.68084,0.01783,0.43959],[0.56419,0.45587,0.48613],
[0.57452,0.62605,0.0448],[0.73681,0.76477,0.58272],[0.55282,0.58757,0.50715],[0.59378,0.45934,0.63578],
[0.92803,0.55902,0.791],[0.43366,0.29834,0.54587],[0.53796,0.1821,0.93612],[0.04366,0.72352,0.5097],
[0.43916,0.03853,0.34863],[0.44597,0.95102,0.98006],[0.67247,0.40347,0.27728],[0.96229,0.08845,0.5631],
[0.12908,0.41234,0.37887],[0.60312,0.12482,0.57326],[0.34033,0.56587,0.17399],[0.84389,0.49894,0.48303],
[0.8962,0.52361,0.55043],[0.48552,0.02755,0.01284],[0.45382,0.68501,0.75582],[0.46272,0.18352,0.21768],
[0.32001,0.08882,0.48179],[0.74901,0.5455,0.66232],[0.15596,0.18409,0.23094],[0.23263,0.53826,0.16811],
[0.58295,0.55548,0.13014],[0.87825,0.19926,0.23355],[0.41433,0.3942,0.04636],[0.19309,0.48113,0.48734],
[0.3396,0.49411,0.73928],[0.3182,0.60567,0.41513],[0.87594,0.37336,0.52649],[0.44801,0.15541,0.59587],
[0.43139,0.31727,0.62162],[0.62426,0.58142,0.58596],[0.75097,0.32411,0.54315],[0.48904,0.11422,0.26938],
[0.41898,0.25515,0.78056],[0.83735,0.32075,0.18172],[0.56537,0.76216,0.3242],[0.56919,0.68421,0.64556],
[0.47556,0.65867,0.17392],[0.90985,0.85347,0.44676],[0.36594,0.7886,0.42145],[0.53456,0.01133,0.34188],
[0.86505,0.08358,0.57507],[0.42752,0.35534,0.52152],[0.1151,0.56815,0.3676],[0.2633,0.53378,0.43987],
[0.44722,0.51889,0.31273],[0.46608,0.31567,0.98471],[0.70748,0.40773,0.69186],[0.99614,0.17455,0.52273],
[0.96643,0.87306,0.85602],[0.87507,0.47247,0.17867],[0.9663,0.43812,0.89088],[0.86963,0.58587,0.01374],
[0.54351,0.06855,0.98911],[0.41735,0.83181,0.48874],[0.42224,0.90879,0.47876],[0.3217,0.52307,0.60783],
[0.67303,0.31398,0.27627],[0.30162,0.2662,0.54059],[0.75468,0.43302,0.95082],[0.99388,0.51256,0.05263],
[0.78416,0.30346,0.22305],[0.05305,0.47588,0.75504],[0.10039,0.38237,0.46609],[0.53981,0.48572,0.99052],
[0.61806,0.42001,0.86367],[0.17372,0.67744,0.45554],[0.5692,0.55213,0.93031],[0.24817,0.434,0.21057],
[0.50701,0.02782,0.01893],[0.57191,0.32711,0.60245],[0.53297,0.97104,0.49295],[0.53346,0.91195,0.68674],
[0.83788,0.08165,0.16403],[0.59895,0.11485,0.20257],[0.46556,0.14696,0.21362],[0.23383,0.04856,0.23891],
[0.15334,0.08863,0.29227],[0.9085,0.54245,0.02147],[0.83667,0.50103,0.06176],[0.45555,0.22973,0.58773],
[0.40686,0.59295,0.77625],[0.58734,0.82143,0.66166],[0.43549,0.98837,0.59953],[0.81187,0.82028,0.33376],
[0.56975,0.18765,0.37835],[0.35903,0.83282,0.51664],[0.7496,0.48688,0.27481],[0.54112,0.04347,0.34078],
[0.00787,0.4308,0.5748],[0.50008,0.81759,0.74314],[0.40621,0.59686,0.82985],[0.59406,0.16144,0.30623],
[0.14726,0.53622,0.84426],[0.86956,0.72434,0.4657],[0.66258,0.53203,0.70927],[0.21405,0.1703,0.06817],
[0.59654,0.21481,0.88547],[0.49396,0.74065,0.12455],[0.82091,0.1595,0.59509],[0.09558,0.72892,0.57662],
[0.4058,0.13699,0.61579],[0.57986,0.14756,0.55514],[0.31877,0.2575,0.2576],[0.29239,0.3036,0.21179],
[0.60326,0.69021,0.42427],[0.13319,0.1492,0.47959],[0.40585,0.76739,0.49157],[0.14275,0.59942,0.11651],
[0.45315,0.37478,0.34946],[0.08748,0.40897,0.85307],[0.12741,0.49783,0.07278],[0.46988,0.035,0.74909],
[0.90144,0.62091,0.40626],[0.09018,0.47577,0.92471],[0.07892,0.26666,0.5515],[0.73483,0.51484,0.91259],
[0.35246,0.80892,0.5648],[0.08821,0.93661,0.52639],[0.37885,0.49401,0.24059],[0.29828,0.54493,0.20728],
[0.50244,0.65584,0.50666],[0.67943,0.57053,0.49604],[0.63912,0.8873,0.54611],[0.49559,0.18907,0.79056],
[0.74262,0.41792,0.8608],[0.35737,0.54454,0.35298],[0.13703,0.44023,0.91538],[0.48039,0.35736,0.51622],
[0.309,0.91357,0.65164],[0.2945,0.91838,0.51117],[0.46477,0.15286,0.796],[0.06218,0.82592,0.59303],
[0.62652,0.60658,0.45571],[0.09522,0.41334,0.67306],[0.20355,0.56096,0.70535],[0.55024,0.08812,0.42327],
[0.44969,0.20344,0.49247],[0.73321,0.84784,0.58732],[0.49643,0.24817,0.20571],[0.40773,0.41745,0.61182],
[0.62933,0.90732,0.80045],[0.28331,0.87967,0.59549],[0.92076,0.93061,0.79779],[0.41377,0.09494,0.74627],
[0.0747,0.28296,0.44724],[0.53799,0.89375,0.89664],[0.62544,0.85992,0.44299],[0.30803,0.69769,0.55122],
[0.3688,0.87523,0.63387],[0.10685,0.59659,0.66996],[0.46925,0.61534,0.58047],[0.55976,0.3525,0.44309],
[0.9011,0.49164,0.81984],[0.56656,0.62924,0.81008],[0.74545,0.54221,0.55645],[0.84507,0.04121,0.46935],
[0.49646,0.17348,0.11857],[0.75964,0.7021,0.48422],[0.2739,0.25697,0.22818],[0.54282,0.42933,0.18962],
[0.26687,0.85209,0.60477],[0.58308,0.33214,0.06818],[0.95631,0.54132,0.38768],[0.26577,0.86712,0.49708],
[0.43061,0.83859,0.41136],[0.65371,0.07397,0.57999],[0.10293,0.41424,0.88303],[0.37753,0.53934,0.98855],
[0.5367,0.88353,0.96675],[0.41346,0.6212,0.90977],[0.87903,0.59284,0.68775],[0.82888,0.07525,0.14572],
[0.78917,0.88297,0.43246],[0.75412,0.70513,0.76471],[0.07431,0.53614,0.86468],[0.43618,0.03808,0.43841],
[0.71238,0.77772,0.7036],[0.41947,0.70123,0.21627],[0.85608,0.11257,0.49333],[0.65293,0.23754,0.09945],
[0.55457,0.55472,0.14338],[0.46658,0.10202,0.91813],[0.49459,0.86596,0.33307],[0.07843,0.4564,0.98478],
[0.51758,0.2712,0.37777],[0.64258,0.58012,0.78062],[0.91187,0.2764,0.59017],[0.41418,0.72024,0.52931],
[0.42782,0.47536,0.99785],[0.51709,0.83431,0.18589],[0.2703,0.43234,0.17644],[0.77687,0.44708,0.18979],
[0.59777,0.36719,0.81923],[0.46966,0.75025,0.11868],[0.93012,0.35911,0.50038],[0.4555,0.8106,0.67695],
[0.83637,0.47058,0.21596],[0.30704,0.51716,0.09588],[0.18797,0.41456,0.77197],[0.80792,0.62434,0.541],
[0.7044,0.03595,0.59659],[0.48939,0.84973,0.0678],[0.15222,0.41518,0.1138],[0.89885,0.459,0.54288],
[0.45648,0.11333,0.52159],[0.81682,0.11447,0.46355],[0.47472,0.34316,0.52093],[0.43236,0.86253,0.57939],
[0.85692,0.04333,0.46018],[0.16254,0.61632,0.54399],[0.29567,0.47483,0.94839],[0.93174,0.99756,0.42081],
[0.6361,0.59184,0.01379],[0.76563,0.55919,0.63237],[0.41667,0.02376,0.5838],[0.49112,0.40053,0.83425],
[0.73296,0.32725,0.54578],[0.48216,0.70399,0.42527],[0.43485,0.15203,0.20225],[0.15606,0.55558,0.77618],
[0.09642,0.54772,0.87899],[0.38846,0.57187,0.80436],[0.69189,0.32695,0.24529],[0.05921,0.27147,0.50321],
[0.08887,0.57479,0.30872],[0.94693,0.48834,0.00277],[0.02986,0.37715,0.56108],[0.39871,0.52926,0.42988],
[0.27196,0.86425,0.66635],[0.50425,0.44759,0.4513],[0.14669,0.126,0.26327],[0.83351,0.83731,0.43609],
[0.09179,0.13742,0.48039],[0.80673,0.55566,0.09191],[0.47888,0.23333,0.99676],[0.95171,0.81125,0.36488],
[0.53303,0.54787,0.3553],[0.0558,0.59317,0.4068],[0.42098,0.84533,0.27014],[0.91057,0.50329,0.62864],
[0.21345,0.50701,0.4109],[0.75792,0.25125,0.50183],[0.71993,0.28481,0.30633],[0.16364,0.42493,0.26663],
[0.62397,0.53574,0.15343],[0.54015,0.13952,0.53721],[0.47915,0.75644,0.72802],[0.44551,0.84244,0.55132],
[0.53638,0.70534,0.67226],[0.03776,0.41831,0.16322],[0.52144,0.43722,0.92142],[0.48937,0.01144,0.40314],
[0.25784,0.57627,0.97255],[0.24844,0.45197,0.92587],[0.54237,0.55863,0.62345],[0.45268,0.51353,0.80411],
[0.20574,0.52383,0.91627],[0.83793,0.52722,0.54512],[0.57137,0.07164,0.811],[0.48183,0.42644,0.29395],
[0.21086,0.76603,0.4347],[0.83788,0.91039,0.76503],[0.07021,0.53331,0.91106],[0.97133,0.40123,0.80708],
[0.49969,0.44875,0.78461],[0.22508,0.11239,0.2005],[0.55335,0.52487,0.22114],[0.61588,0.8348,0.51249],
[0.50939,0.09748,0.78966],[0.47024,0.43558,0.76847],[0.50259,0.77471,0.1991],[0.95019,0.45756,0.68943],
[0.91745,0.34724,0.5729],[0.71735,0.11289,0.08044],[0.31673,0.53066,0.94563],[0.51066,0.32631,0.16413],
[0.09496,0.30469,0.45045],[0.49735,0.04463,0.38614],[0.32582,0.5653,0.05983],[0.77731,0.41843,0.19019],
[0.19593,0.57492,0.58852],[0.0409,0.39416,0.4639],[0.49776,0.65548,0.06729],[0.437,0.79535,0.02643],
[0.43634,0.94632,0.56112],[0.77767,0.55586,0.40972],[0.75686,0.51457,0.32511],[0.69785,0.74684,0.65917],
[0.43462,0.46712,0.0564],[0.69784,0.1213,0.14101],[0.92157,0.91326,0.36082],[0.56357,0.79996,0.11057],
[0.9513,0.67352,0.56569],[0.05269,0.59013,0.01208],[0.74467,0.40401,0.28985],[0.43771,0.07022,0.54946],
[0.75724,0.42722,0.03476],[0.53015,0.46734,0.1613],[0.79907,0.30231,0.19156],[0.27708,0.47152,0.62354],
[0.4569,0.44797,0.05182],[0.69203,0.85942,0.52679],[0.55782,0.3908,0.70772],[0.49996,0.35647,0.67684],
[0.88131,0.94894,0.8631],[0.4886,0.40991,0.04679],[0.40748,0.63053,0.05889],[0.26109,0.41668,0.813],
[0.47173,0.72164,0.09232],[0.78164,0.44842,0.70322],[0.56026,0.22211,0.8483],[0.84754,0.841,0.55614],
[0.52988,0.13696,0.24142],[0.22071,0.58019,0.70521],[0.58585,0.45861,0.45947],[0.91514,0.4376,0.04137],
[0.68637,0.47664,0.87327],[0.77417,0.59317,0.32818],[0.01677,0.41916,0.39989],[0.98876,0.54952,0.80404],
[0.19172,0.48277,0.4829],[0.47857,0.72771,0.99713],[0.51325,0.13687,0.30889],[0.11252,0.62376,0.47994],
[0.45547,0.24856,0.71142],[0.99925,0.70036,0.43403],[0.98217,0.48032,0.52126],[0.58806,0.03941,0.02118],
[0.4188,0.67179,0.00133],[0.52663,0.73494,0.1453],[0.81273,0.42325,0.18905],[0.64449,0.81744,0.51128],
[0.51766,0.95368,0.60229],[0.1983,0.29835,0.46551],[0.92317,0.44762,0.23861],[0.8039,0.10191,0.24597],
[0.46008,0.46284,0.88251],[0.20601,0.55406,0.57472],[0.95872,0.82735,0.61308],[0.36429,0.15534,0.41761],
[0.92095,0.24868,0.50223],[0.19619,0.22861,0.44175],[0.8972,0.45013,0.30637],[0.6661,0.51314,0.3738],
[0.9297,0.45523,0.24984],[0.61128,0.22109,0.42007],[0.03091,0.68316,0.41521],[0.61899,0.18476,0.1012],
[0.74531,0.5884,0.44296],[0.12573,0.51121,0.08526],[0.42818,0.93395,0.12654],[0.59475,0.69853,0.48133],
[0.79261,0.76536,0.59322],[0.14763,0.53373,0.92242],[0.34815,0.42738,0.72285],[0.75937,0.0792,0.10267],
[0.12719,0.13828,0.57514],[0.43481,0.2667,0.97862],[0.8183,0.55519,0.92036],[0.32202,0.75986,0.55621],
[0.36718,0.9396,0.57259],[0.80963,0.4048,0.86107],[0.52787,0.66474,0.91547],[0.00427,0.09722,0.5953],
[0.53718,0.10341,0.1928],[0.83509,0.09016,0.19197],[0.51452,0.37966,0.07122],[0.22425,0.12874,0.1353],
[0.54601,0.96819,0.90243],[0.20853,0.42927,0.96374],[0.48415,0.16977,0.30253],[0.28303,0.22822,0.51447],
[0.7004,0.17664,0.37021],[0.41014,0.48918,0.41908],[0.41684,0.55085,0.64541],[0.23166,0.927,0.47923],
[0.71162,0.58458,0.33178],[0.40367,0.6819,0.91311],[0.29433,0.03651,0.41446],[0.58951,0.30691,0.8124],
[0.58909,0.42074,0.28432],[0.47215,0.40432,0.12175],[0.96133,0.00346,0.57926],[0.39706,0.50656,0.20734],
[0.48781,0.17674,0.62927],[0.05807,0.40055,0.04792],[0.9707,0.41181,0.73605],[0.10715,0.02364,0.47949],
[0.81533,0.8929,0.47831],[0.76087,0.18063,0.48403],[0.4163,0.4638,0.04419],[0.66949,0.67469,0.67519],
[0.65387,0.70416,0.6421],[0.90461,0.59367,0.33711],[0.45066,0.34548,0.48068],[0.48635,0.03163,0.29284],
[0.11178,0.03188,0.48372],[0.20454,0.48512,0.33473],[0.57988,0.60675,0.87958],[0.82736,0.1112,0.19826],
[0.47592,0.90034,0.82762],[0.56862,0.87217,0.63114],[0.8524,0.71625,0.43264],[0.91024,0.92508,0.84034],
[0.05846,0.55557,0.17358],[0.05856,0.58234,0.46617],[0.51162,0.06637,0.93487],[0.45781,0.33846,0.25952],
[0.54354,0.71573,0.75809],[0.12061,0.92952,0.55766],[0.43463,0.89632,0.78347],[0.55995,0.49565,0.36138],
[0.33716,0.42807,0.92152],[0.07115,0.57458,0.55541],[0.53372,0.06558,0.72509],[0.51344,0.0977,0.79842],
[0.37421,0.12986,0.41517],[0.91942,0.64306,0.41255],[0.44924,0.09302,0.96147],[0.48489,0.46444,0.65879],
[0.85277,0.95519,0.69199],[0.4267,0.91602,0.49745],[0.44136,0.34534,0.16571],[0.01972,0.44661,0.64661],
[0.00438,0.83536,0.51175],[0.37507,0.40404,0.8878],[0.42624,0.47338,0.53543],[0.66085,0.3183,0.52957],
[0.83161,0.18301,0.4882],[0.68597,0.99896,0.49315],[0.81687,0.46442,0.8289],[0.39923,0.59914,0.62821],
[0.16951,0.54328,0.85249],[0.898,0.58835,0.602],[0.30237,0.59164,0.62523],[0.74082,0.3151,0.49093],
[0.66846,0.08132,0.15186],[0.23748,0.60035,0.43719],[0.47834,0.75433,0.69857],[0.64081,0.5694,0.36147],
[0.23709,0.14055,0.1442],[0.18848,0.55906,0.72656],[0.51263,0.87348,0.46162],[0.58633,0.09863,0.4505],
[0.936,0.94336,0.82382],[0.7967,0.57513,0.09035],[0.55011,0.69129,0.40283],[0.40237,0.15983,0.60164],
[0.57444,0.62837,0.9354],[0.53488,0.79447,0.62638],[0.5517,0.76724,0.96038],[0.29462,0.55286,0.95787],
[0.29818,0.03574,0.41935],[0.67063,0.59396,0.3771],[0.52041,0.59733,0.50132],[0.89609,0.0145,0.49015],
[0.23361,0.2467,0.16132],[0.37936,0.63283,0.52143],[0.52527,0.94216,0.11314],[0.28828,0.4411,0.34129],
[0.73041,0.66914,0.62719],[0.63045,0.65224,0.57669],[0.33376,0.15597,0.42838],[0.40477,0.47758,0.96947],
[0.49844,0.71112,0.24294],[0.41974,0.4906,0.4113],[0.68351,0.4794,0.7364],[0.31886,0.8372,0.57285],
[0.19861,0.26618,0.44699],[0.86184,0.73997,0.55674],[0.56391,0.67033,0.28468],[0.75707,0.99373,0.57497],
[0.2903,0.53401,0.24788],[0.27638,0.52511,0.1399],[0.54328,0.60866,0.6852],[0.4795,0.23716,0.5499],
[0.02132,0.9005,0.59977],[0.22062,0.81704,0.47919],[0.9804,0.60852,0.46688],[0.96188,0.97249,0.48044],
[0.07983,0.43538,0.98505],[0.83234,0.57231,0.18079],[0.08482,0.18553,0.22717],[0.20912,0.70065,0.48268],
[0.17253,0.5803,0.65566],[0.36641,0.28764,0.4387],[0.73846,0.75417,0.70557],[0.91846,0.35419,0.41867],
[0.66736,0.11817,0.1326],[0.55136,0.83466,0.53466],[0.60495,0.22283,0.52254],[0.39792,0.7109,0.45853],
[0.27206,0.55997,0.47917],[0.48214,0.70124,0.87873],[0.5178,0.92611,0.29327],[0.11238,0.5626,0.91614],
[0.19954,0.22655,0.53775],[0.58102,0.14217,0.39512],[0.7178,0.30408,0.07521],[0.4832,0.20444,0.76459],
[0.32373,0.12739,0.22464],[0.91351,0.60581,0.54827],[0.70781,0.57414,0.14],[0.14149,0.9619,0.51798],
[0.15117,0.13262,0.33524],[0.40103,0.87065,0.98863],[0.49506,0.892,0.0913],[0.99799,0.49884,0.96955],
[0.48433,0.92193,0.26049],[0.50939,0.77143,0.7202],[0.07187,0.4258,0.09554],[0.95688,0.43745,0.76484],
[0.98326,0.44406,0.76752],[0.18235,0.19426,0.24873],[0.43115,0.95307,0.72099],[0.45715,0.24569,0.36735],
[0.35887,0.56316,0.46458],[0.86505,0.43511,0.02678],[0.54233,0.95778,0.51084],[0.77799,0.07059,0.14889],
[0.48399,0.92698,0.80238],[0.4077,0.4928,0.53636],[0.95648,0.52917,0.18727],[0.29502,0.67014,0.41691],
[0.12097,0.32221,0.13365],[0.71503,0.27376,0.5589],[0.89559,0.12521,0.48497],[0.43117,0.28028,0.62675],
[0.50219,0.88555,0.67149],[0.86933,0.42704,0.28614],[0.4489,0.39125,0.48831],[0.12892,0.81847,0.406],
[0.10978,0.36973,0.58189],[0.13189,0.42096,0.40702],[0.97132,0.50243,0.46501],[0.75122,0.14616,0.49994],
[0.73849,0.21345,0.57579],[0.86458,0.54103,0.30552],[0.05962,0.353,0.52531],[0.68698,0.74454,0.78652],
[0.78607,0.57511,0.62126],[0.85476,0.33542,0.51021],[0.52404,0.57744,0.18615],[0.24968,0.49772,0.80075],
[0.84037,0.19081,0.25292],[0.40865,0.36948,0.15388],[0.54685,0.18741,0.43562],[0.48,0.83846,0.64368],
[0.12952,0.56817,0.90468],[0.54621,0.78686,0.64418],[0.10893,0.69693,0.45262],[0.53856,0.83666,0.1702],
[0.43911,0.20306,0.1014],[0.66576,0.54152,0.00516],[0.56757,0.36916,0.31302],[0.44223,0.88191,0.27726],
[0.56939,0.98675,0.1019],[0.45069,0.76823,0.47045],[0.67787,0.52921,0.93924],[0.08199,0.43023,0.78055],
[0.4868,0.4573,0.69748],[0.40745,0.35001,0.40766],[0.4323,0.91775,0.79627],[0.51617,0.5528,0.08683],
[0.33094,0.47894,0.58407],[0.78886,0.55941,0.35021],[0.70627,0.71232,0.7557],[0.41669,0.7639,0.35856],
[0.64415,0.15185,0.51196],[0.72457,0.47233,0.44349],[0.4079,0.26141,0.85578],[0.39599,0.68042,0.56897],
[0.21821,0.13735,0.12322],[0.01021,0.53949,0.47722],[0.52579,0.58634,0.84933],[0.59875,0.40593,0.01914],
[0.65148,0.29148,0.58334],[0.24835,0.18766,0.52136],[0.82521,0.77026,0.57952],[0.02714,0.29652,0.55499],
[0.96636,0.56759,0.60073],[0.15703,0.20714,0.30546],[0.69927,0.40588,0.29167],[0.32202,0.55988,0.11417],
[0.59291,0.32725,0.27234],[0.58864,0.81105,0.21041],[0.58762,0.35526,0.0325],[0.70007,0.06809,0.28904],
[0.72567,0.59127,0.18531],[0.15441,0.56987,0.93646],[0.65884,0.76036,0.41383],[0.65964,0.3619,0.50965],
[0.36947,0.49764,0.75956],[0.84621,0.25935,0.40688],[0.78403,0.43952,0.2313],[0.09034,0.66937,0.4179],
[0.44967,0.91136,0.67379],[0.78046,0.64226,0.48868],[0.3425,0.68152,0.49449],[0.72677,0.58535,0.11307],
[0.3022,0.56477,0.97541],[0.597,0.347,0.0856],[0.29613,0.54279,0.7027],[0.84594,0.07318,0.49359],
[0.24513,0.38118,0.47969],[0.52677,0.11521,0.58609],[0.86622,0.22723,0.31393],[0.82165,0.12283,0.33832],
[0.08444,0.73513,0.52771],[0.55666,0.63155,0.82388],[0.44938,0.7258,0.98335],[0.28527,0.41873,0.31361],
[0.21009,0.14452,0.07414],[0.53009,0.24066,0.65232],[0.50682,0.41934,0.04279],[0.49037,0.41689,0.31163],
[0.41648,0.71199,0.98973],[0.99682,0.95476,0.51971],[0.27979,0.58331,0.56404],[0.63926,0.27967,0.43786],
[0.59572,0.90054,0.44191],[0.92007,0.20006,0.53342],[0.15519,0.58752,0.93352],[0.89647,0.21245,0.58018],
[0.64514,0.08597,0.42827],[0.27844,0.13596,0.10404],[0.62267,0.52489,0.2215],[0.78283,0.0303,0.16253],
[0.73939,0.81293,0.49898],[0.48882,0.9739,0.1452],[0.58285,0.45851,0.68101],[0.21713,0.22184,0.44057],
[0.85303,0.9348,0.59447],[0.26201,0.47837,0.66035],[0.60854,0.01332,0.58705],[0.62805,0.57225,0.49506],
[0.58397,0.16501,0.07783],[0.49937,0.4123,0.65446],[0.53883,0.09957,0.43543],[0.57366,0.57614,0.78706],
[0.54831,0.97225,0.47055],[0.75647,0.31892,0.14644],[0.47103,0.00393,0.81304],[0.61776,0.49215,0.62754],
[0.54614,0.4586,0.54737],[0.63929,0.8039,0.53702],[0.13125,0.4569,0.47992],[0.52444,0.09081,0.75231],
[0.16164,0.49881,0.93531],[0.39093,0.90033,0.30642],[0.26713,0.52002,0.23972],[0.18888,0.41009,0.69008],
[0.97125,0.09523,0.46825],[0.64531,0.25494,0.24142],[0.75612,0.68019,0.57413],[0.48176,0.21868,0.00449],
[0.54562,0.70989,0.13618],[0.30546,0.56644,0.19311],[0.08072,0.54637,0.22335],[0.51536,0.21189,0.12719],
[0.67015,0.76828,0.48763],[0.34554,0.56661,0.06009],[0.40933,0.94228,0.975],[0.5514,0.17311,0.46962],
[0.43066,0.06619,0.04759],[0.85287,0.87962,0.53643],[0.37546,0.55265,0.43999],[0.72301,0.42717,0.45106],
[0.818,0.08276,0.08254],[0.56717,0.30479,0.40845],[0.12307,0.36859,0.50389],[0.52027,0.94421,0.31483],
[0.63143,0.99508,0.40654],[0.40575,0.25239,0.24248],[0.9045,0.43457,0.77966],[0.4569,0.11905,0.63562],
[0.39949,0.67083,0.48661],[0.8463,0.57081,0.27708],[0.53384,0.71274,0.23575],[0.44362,0.91869,0.37246],
[0.84317,0.25459,0.05921],[0.77784,0.19114,0.06217],[0.52754,0.84336,0.37718],[0.99674,0.4628,0.0755],
[0.00538,0.46658,0.95329],[0.73941,0.61933,0.56321],[0.18522,0.14264,0.41051],[0.39289,0.98135,0.444],
[0.76192,0.45622,0.48529],[0.42714,0.77684,0.13827],[0.51934,0.52005,0.80884],[0.1431,0.18316,0.5675],
[0.96118,0.99478,0.59936],[0.68692,0.33177,0.21354],[0.04653,0.56089,0.83868],[0.44914,0.37333,0.16998],
[0.40558,0.39258,0.36782],[0.55086,0.0613,0.00523],[0.5217,0.35037,0.50398],[0.22941,0.46455,0.23221],
[0.32327,0.5818,0.95453],[0.43035,0.8169,0.36977],[0.39901,0.59775,0.66264],[0.16253,0.31842,0.11807],
[0.4655,0.62674,0.45485],[0.76904,0.55096,0.33295],[0.81321,0.42065,0.8947],[0.8351,0.44971,0.18623],
[0.1197,0.13382,0.20478],[0.54563,0.57839,0.66263],[0.58306,0.47203,0.54168],[0.65803,0.49869,0.72929],
[0.12108,0.54547,0.70525],[0.0663,0.55029,0.35504],[0.52463,0.37103,0.32691],[0.53038,0.11208,0.08369],
[0.6991,0.4901,0.34377],[0.54707,0.53992,0.99127],[0.04137,0.46271,0.04997],[0.14858,0.51825,0.24123],
[0.58846,0.30475,0.14015],[0.4261,0.24775,0.49139],[0.54288,0.67917,0.74843],[0.64854,0.66092,0.40949],
[0.15074,0.2384,0.45793],[0.57999,0.18311,0.67575],[0.88586,0.46892,0.07155],[0.89005,0.58946,0.59558],
[0.99358,0.91542,0.55964],[0.08851,0.8788,0.55377],[0.15246,0.25493,0.33642],[0.98126,0.53142,0.87373],
[0.31519,0.42008,0.80015],[0.65993,0.33155,0.21651],[0.88852,0.31647,0.49729],[0.99182,0.4234,0.24188],
[0.24002,0.85517,0.67774],[0.70241,0.54368,0.62051],[0.05367,0.53016,0.80998],[0.3134,0.40503,0.35184],
[0.94644,0.1989,0.48424],[0.01818,0.13178,0.54464],[0.46623,0.27394,0.19934],[0.5089,0.67344,0.52581],
[0.58196,0.83457,0.38986],[0.85986,0.15137,0.26692],[0.43881,0.63215,0.14175],[0.33703,0.45057,0.51661],
[0.3156,0.53273,0.35144],[0.28268,0.07449,0.42449],[0.43989,0.90165,0.61374],[0.10101,0.10376,0.55852],
[0.06656,0.47052,0.56311],[0.92362,0.43631,0.37382],[0.91573,0.58677,0.40963],[0.57701,0.706,0.47587],
[0.57612,0.49942,0.57252],[0.41147,0.64587,0.85779],[0.89719,0.95645,0.49338],[0.45196,0.99524,0.66515],
[0.41638,0.2594,0.4815],[0.47099,0.88404,0.56861],[0.95632,0.56659,0.91139],[0.28609,0.21908,0.45041],
[0.47027,0.0349,0.78423],[0.47551,0.67995,0.75801],[0.86019,0.58224,0.70334],[0.90341,0.27446,0.14716],
[0.90677,0.23609,0.50662],[0.15718,0.31571,0.27594],[0.51315,0.63368,0.43279],[0.53062,0.53037,0.92869],
[0.88748,0.62029,0.5743],[0.50314,0.80144,0.32363],[0.67602,0.85305,0.40333],[0.79544,0.57783,0.6247],
[0.79772,0.42066,0.78043],[0.37022,0.35825,0.54623],[0.76294,0.77232,0.52686],[0.6014,0.48072,0.39993],
[0.76356,0.57347,0.69086],[0.51665,0.00157,0.67376],[0.15075,0.85752,0.4187],[0.63229,0.23339,0.1479],
[0.58903,0.66182,0.34669],[0.41037,0.7719,0.52482],[0.31279,0.8942,0.41967],[0.11772,0.13652,0.43217],
[0.59499,0.39642,0.22528],[0.57352,0.63597,0.57198],[0.75036,0.66182,0.52774],[0.25713,0.29101,0.47208],
[0.4799,0.56784,0.39328],[0.12206,0.90156,0.50825],[0.09772,0.57869,0.09059],[0.07831,0.43191,0.11054],
[0.47755,0.7568,0.586],[0.71672,0.48533,0.63645],[0.4024,0.93398,0.71441],[0.38985,0.87094,0.34544],
[0.26849,0.98837,0.45457],[0.55552,0.88777,0.05602],[0.20249,0.60416,0.59456],[0.42856,0.16998,0.893],
[0.44529,0.64852,0.40408],[0.34329,0.40803,0.58964],[0.76723,0.4147,0.27572],[0.98039,0.86871,0.42187],
[0.09121,0.91735,0.51967],[0.10649,0.76997,0.50524],[0.5355,0.79066,0.86572],[0.39215,0.18633,0.45168],
[0.71886,0.60826,0.57673],[0.78149,0.74098,0.71653],[0.51938,0.05856,0.86491],[0.5722,0.43797,0.16943],
[0.75499,0.05724,0.48626],[0.38348,0.49136,0.60806],[0.59469,0.04307,0.52244],[0.4008,0.59556,0.19789],
[0.34465,0.14835,0.52099],[0.87861,0.5051,0.29173],[0.51849,0.46222,0.19969],[0.65216,0.1808,0.47527],
[0.5486,0.94688,0.96885],[0.74809,0.42083,0.76577],[0.93604,0.5186,0.97445],[0.72317,0.46915,0.91421],
[0.46045,0.11594,0.07049],[0.47291,0.81372,0.72954],[0.43088,0.66249,0.11826],[0.53622,0.11052,0.39337],
[0.17491,0.49788,0.31862],[0.16125,0.48266,0.56549],[0.06108,0.59842,0.55031],[0.01837,0.43404,0.28472],
[0.92325,0.54201,0.48535],[0.47557,0.68477,0.1474],[0.3398,0.24655,0.46879],[0.42118,0.38228,0.22707],
[0.75719,0.86438,0.58867],[0.25322,0.06059,0.42945],[0.59029,0.31246,0.88157],[0.30508,0.58493,0.4474],
[0.17068,0.96929,0.46248],[0.45647,0.90018,0.17795],[0.46627,0.71029,0.95199],[0.11472,0.21877,0.4387],
[0.85001,0.52983,0.7995],[0.34644,0.58042,0.96181],[0.0504,0.76999,0.53409],[0.27404,0.40619,0.29216],
[0.01684,0.47126,0.51531],[0.12446,0.60147,0.59333],[0.82267,0.53324,0.8682],[0.56514,0.56389,0.09612],
[0.41982,0.17314,0.17187],[0.55891,0.34701,0.07705],[0.80632,0.42217,0.80567],[0.13192,0.79741,0.52793],
[0.10756,0.26466,0.16071],[0.66248,0.4848,0.33503],[0.01455,0.71886,0.47787],[0.84787,0.87054,0.55017],
[0.25972,0.73266,0.463],[0.93341,0.19064,0.55725],[0.69464,0.03378,0.23334],[0.48158,0.03782,0.86892],
[0.57948,0.26617,0.60639],[0.30601,0.46592,0.33557],[0.5458,0.26999,0.11243],[0.48004,0.24627,0.40989],
[0.28128,0.23553,0.16263],[0.52874,0.85248,0.18645],[0.41442,0.36488,0.05148],[0.55017,0.74666,0.80323],
[0.5993,0.46039,0.86396],[0.20287,0.51957,0.61226],[0.00051,0.17147,0.41483],[0.33934,0.51634,0.32731],
[0.58319,0.71583,0.85201],[0.56472,0.63214,0.25121],[0.25639,0.59014,0.44055],[0.90063,0.96511,0.37836],
[0.68768,0.49896,0.09859],[0.04218,0.41113,0.3069],[0.53726,0.92709,0.38472],[0.55685,0.15087,0.21138],
[0.80798,0.90463,0.38795],[0.47076,0.31198,0.19066],[0.04748,0.5365,0.20928],[0.65906,0.48995,0.31627],
[0.91695,0.09755,0.55885],[0.56864,0.29884,0.36577],[0.49727,0.93441,0.70059],[0.55092,0.30649,0.10535],
[0.0374,0.44158,0.7508],[0.26165,0.12376,0.30282],[0.89884,0.95892,0.61757],[0.41365,0.49603,0.4438],
[0.76016,0.5465,0.55582],[0.37531,0.92915,0.5472],[0.54851,0.30423,0.79095],[0.49434,0.87185,0.20055],
[0.63316,0.54408,0.89116],[0.30037,0.25052,0.31047],[0.69869,0.49305,0.89068],[0.43836,0.6402,0.72912],
[0.5631,0.11359,0.91359],[0.10424,0.93272,0.46586],[0.44759,0.87108,0.7297],[0.41909,0.042,0.60356],
[0.24008,0.89038,0.42732],[0.79472,0.03815,0.17462],[0.82353,0.10113,0.25529],[0.56412,0.00485,0.68555],
[0.48193,0.26125,0.06665],[0.80636,0.51289,0.89932],[0.28737,0.20516,0.08152],[0.70871,0.01823,0.52024],
[0.50988,0.8979,0.36],[0.48476,0.5475,0.51813],[0.51561,0.98584,0.92026],[0.46129,0.29436,0.07636],
[0.94464,0.54677,0.28878],[0.43798,0.47341,0.68188],[0.42729,0.65869,0.35396],[0.47972,0.11932,0.98127],
[0.45776,0.88475,0.18871],[0.94262,0.83309,0.78065],[0.81734,0.96772,0.39504],[0.52215,0.33837,0.50335],
[0.50353,0.83674,0.70072],[0.54098,0.04335,0.80615],[0.92139,0.035,0.56702],[0.88827,0.89686,0.50819],
[0.43658,0.14241,0.36971],[0.46615,0.1495,0.41983],[0.77721,0.57892,0.91672],[0.54385,0.176,0.78742],
[0.21143,0.52148,0.50458],[0.80704,0.43687,0.54315],[0.01755,0.44546,0.34908],[0.1208,0.54561,0.53404],
[0.86634,0.19948,0.24041],[0.44861,0.6899,0.31176],[0.59461,0.25407,0.12025],[0.11527,0.86212,0.53666],
[0.40135,0.63103,0.44452],[0.45077,0.90321,0.45932],[0.07951,0.40304,0.61746],[0.85834,0.51649,0.93024],
[0.87274,0.85131,0.44105],[0.17535,0.51898,0.0025],[0.01016,0.55745,0.15728],[0.0623,0.93017,0.48978],
[0.73291,0.4547,0.58432],[0.21603,0.35415,0.46428],[0.25504,0.71078,0.44091],[0.73954,0.30155,0.34756],
[0.05843,0.60049,0.43052],[0.97899,0.89297,0.53826],[0.78304,0.4724,0.993],[0.64169,0.48986,0.33834],
[0.4841,0.21141,0.59319],[0.83334,0.53948,0.3227],[0.45328,0.63413,0.9861],[0.06934,0.45384,0.2768],
[0.64154,0.51392,0.7688],[0.43931,0.50056,0.82692],[0.57716,0.90244,0.09624],[0.88314,0.55313,0.59166],
[0.0496,0.519,0.24024],[0.74541,0.62511,0.41079],[0.56059,0.46029,0.56038],[0.02038,0.14092,0.48001],
[0.11001,0.9302,0.44403],[0.43288,0.1459,0.74055],[0.92128,0.54778,0.01978],[0.12907,0.51557,0.13381],
[0.50797,0.99014,0.80057],[0.61493,0.79856,0.46615],[0.06291,0.54578,0.7505],[0.77629,0.56007,0.27948],
[0.05146,0.53483,0.48092],[0.34807,0.48065,0.52638],[0.56647,0.77087,0.34945],[0.8301,0.47129,0.26891],
[0.13058,0.51784,0.76876],[0.27423,0.05379,0.5091],[0.72469,0.57293,0.31564],[0.81189,0.87768,0.67944],
[0.86053,0.1847,0.49799],[0.48605,0.98792,0.45627],[0.28021,0.75312,0.43175],[0.19332,0.13129,0.34093],
[0.55245,0.83171,0.89484],[0.84341,0.59537,0.34354],[0.3221,0.47943,0.57901],[0.27159,0.0536,0.44335],
[0.78575,0.59031,0.58012],[0.77855,0.58903,0.4992],[0.90342,0.89476,0.77615],[0.59071,0.0555,0.33453],
[0.80518,0.82718,0.48331],[0.86808,0.95131,0.50926],[0.42255,0.43478,0.13247],[0.74473,0.59658,0.01974],
[0.87072,0.83581,0.66944],[0.16808,0.18815,0.22735],[0.55498,0.17165,0.67312],[0.35376,0.91172,0.85741],
[0.25842,0.78218,0.49141],[0.18994,0.63024,0.4355],[0.11179,0.03441,0.52478],[0.9213,0.41754,0.10608],
[0.50151,0.82618,0.98476],[0.8577,0.00603,0.56802],[0.90989,0.421,0.82134],[0.04619,0.63209,0.42308],
[0.3607,0.59005,0.63674],[0.21438,0.74499,0.456],[0.58976,0.03154,0.70275],[0.16513,0.36482,0.53692],
[0.5421,0.84924,0.06791],[0.89847,0.36091,0.55073],[0.18665,0.46335,0.11373],[0.96858,0.482,0.06292],
[0.06252,0.03062,0.42564],[0.08382,0.85685,0.5028],[0.33677,0.20748,0.46606],[0.63702,0.50668,0.72848],
[0.4391,0.26834,0.51438],[0.25083,0.41312,0.0142],[0.56655,0.55079,0.97572],[0.75534,0.43334,0.79004],
[0.89812,0.65713,0.50569],[0.50278,0.31514,0.29257],[0.98256,0.54106,0.01964],[0.35708,0.4775,0.53566],
[0.49454,0.50804,0.52976],[0.41069,0.18324,0.32668],[0.02852,0.56144,0.02633],[0.94662,0.86673,0.62739],
[0.51441,0.37567,0.73218],[0.86016,0.7555,0.41304],[0.85582,0.47456,0.39811],[0.19834,0.5905,0.5758],
[0.5556,0.95442,0.51444],[0.22712,0.43666,0.05561],[0.67252,0.5425,0.25995],[0.67869,0.52689,0.91288],
[0.50302,0.94875,0.09588],[0.66167,0.58149,0.25069],[0.48507,0.33516,0.30626],[0.42624,0.22492,0.04998],
[0.55207,0.36322,0.76776],[0.21212,0.07129,0.28894],[0.48334,0.21201,0.85638],[0.81712,0.18639,0.30264],
[0.43963,0.31526,0.2989],[0.73219,0.50647,0.61799],[0.59265,0.61557,0.14181],[0.70135,0.59873,0.6042],
[0.96026,0.40552,0.16391],[0.28549,0.34927,0.42597],[0.34874,0.58825,0.59183],[0.44746,0.64344,0.9909],
[0.31232,0.86159,0.52272],[0.00505,0.40456,0.3949],[0.42569,0.77871,0.09809],[0.2192,0.44905,0.8407],
[0.12329,0.46099,0.86315],[0.86475,0.9979,0.54555],[0.34388,0.59693,0.26259],[0.18391,0.36978,0.4768],
[0.23909,0.12629,0.08238],[0.54931,0.51806,0.79352],[0.97659,0.59755,0.32212],[0.56566,0.74673,0.18797],
[0.84556,0.51565,0.00051],[0.0801,0.33136,0.59618],[0.51666,0.7451,0.88378],[0.18499,0.65035,0.5424],
[0.58709,0.04827,0.87961],[0.52811,0.91307,0.69221],[0.39485,0.44701,0.68732],[0.47237,0.6087,0.71399],
[0.35545,0.66475,0.50847],[0.44065,0.38128,0.80255],[0.71087,0.48146,0.87243],[0.11386,0.56534,0.5434],
[0.05448,0.18051,0.50394],[0.7185,0.57594,0.37879],[0.03612,0.16179,0.44277],[0.84627,0.31538,0.43499],
[0.03885,0.52919,0.48351],[0.41234,0.29535,0.39925],[0.20969,0.52379,0.85055],[0.47792,0.17649,0.86814],
[0.16804,0.6414,0.49269],[0.5892,0.22955,0.27064],[0.93207,0.40412,0.18043],[0.40131,0.57654,0.29035],
[0.90007,0.7963,0.47205],[0.13375,0.20087,0.51418],[0.52986,0.07888,0.40967],[0.10761,0.07751,0.55349],
[0.97484,0.67502,0.47698],[0.04276,0.48946,0.41156],[0.57633,0.39547,0.6215],[0.70457,0.42975,0.62914],
[0.46062,0.00401,0.72067],[0.40249,0.71638,0.38013],[0.45733,0.00927,0.95798],[0.59237,0.08898,0.88578],
[0.57197,0.70926,0.19462],[0.76967,0.14188,0.07074],[0.64963,0.91611,0.84871],[0.59393,0.25266,0.74063],
[0.92886,0.49687,0.6545],[0.56396,0.36673,0.62697],[0.26093,0.46762,0.2676],[0.50968,0.62605,0.84106],
[0.83865,0.7508,0.54838],[0.56187,0.37781,0.46653],[0.14798,0.22366,0.34628],[0.65971,0.4164,0.68429],
[0.87135,0.54228,0.85076],[0.45087,0.32823,0.37811],[0.40863,0.75288,0.87205],[0.75993,0.76727,0.69411],
[0.48978,0.59464,0.05442],[0.07691,0.47354,0.8055],[0.5149,0.07346,0.57784],[0.75251,0.54326,0.68219],
[0.35122,0.51369,0.88541],[0.53942,0.71609,0.28534],[0.50193,0.75535,0.24403],[0.64985,0.29462,0.27041],
[0.12342,0.9483,0.55095],[0.59425,0.31395,0.05937],[0.65791,0.06077,0.52892],[0.56356,0.0479,0.03844],
[0.31659,0.25597,0.12676],[0.08327,0.61048,0.51851],[0.19739,0.84233,0.49934],[0.56309,0.48943,0.8337],
[0.67432,0.55309,0.33638],[0.49171,0.33608,0.67214],[0.85988,0.11248,0.12352],[0.51282,0.00919,0.59518],
[0.24192,0.65274,0.40152],[0.01354,0.59405,0.30197],[0.46714,0.1363,0.6297],[0.69878,0.34174,0.19664],
[0.85529,0.96096,0.56982],[0.05035,0.9163,0.59334],[0.74281,0.40966,0.19416],[0.67551,0.50167,0.24887],
[0.68768,0.5198,0.05281],[0.09364,0.54285,0.71427],[0.75114,0.11908,0.58531],[0.38765,0.55966,0.46699],
[0.23023,0.84342,0.56473],[0.90072,0.97618,0.41572],[0.02468,0.283,0.54819],[0.73204,0.52585,0.98767],
[0.03669,0.25143,0.47725],[0.76229,0.42534,0.03006],[0.0604,0.47015,0.53939],[0.45937,0.21559,0.61455],
[0.52769,0.65276,0.72105],[0.70005,0.09162,0.07117],[0.75053,0.12289,0.28066],[0.46424,0.31787,0.34095],
[0.24419,0.04477,0.45551],[0.51081,0.90305,0.17797],[0.54985,0.47346,0.91036],[0.44742,0.24109,0.432],
[0.06937,0.52702,0.84368],[0.4785,0.68759,0.80834],[0.87047,0.40275,0.96583],[0.53804,0.74924,0.90049],
[0.01533,0.07676,0.40096],[0.35391,0.42216,0.88941],[0.26468,0.12747,0.25279],[0.77863,0.5594,0.84169],
[0.55532,0.8294,0.83982],[0.89914,0.47373,0.2088],[0.55008,0.07299,0.79373],[0.05541,0.50559,0.68064],
[0.98336,0.49307,0.27347],[0.99176,0.42044,0.93693],[0.89698,0.46365,0.20396],[0.03787,0.44193,0.2333],
[0.79414,0.49861,0.47181],[0.59621,0.71623,0.26788],[0.13985,0.92238,0.48848],[0.32976,0.16477,0.16795],
[0.56294,0.80658,0.01551],[0.09566,0.62897,0.40294],[0.11932,0.15868,0.22224],[0.66246,0.59646,0.38222],
[0.51073,0.69116,0.17737],[0.31832,0.43321,0.43256],[0.03274,0.73437,0.58352],[0.41749,0.2564,0.12563],
[0.95747,0.40414,0.87527],[0.78345,0.43861,0.95952],[0.70906,0.61334,0.69412],[0.27561,0.44882,0.28608],
[0.5538,0.08401,0.1427],[0.68176,0.58489,0.83436],[0.0288,0.40853,0.55964],[0.4827,0.46804,0.55792],
[0.65502,0.22824,0.10027],[0.86608,0.22068,0.25025],[0.41315,0.46047,0.72006],[0.81512,0.48168,0.64839],
[0.73063,0.21707,0.56918],[0.42141,0.1624,0.53137],[0.29529,0.72887,0.44679],[0.86183,0.40219,0.22978],
[0.48507,0.59684,0.40771],[0.73994,0.445,0.4299],[0.53855,0.80925,0.64439],[0.0219,0.45454,0.72885],
[0.44568,0.85083,0.96466],[0.55173,0.84344,0.24606],[0.84083,0.24224,0.25576],[0.15833,0.56635,0.53064],
[0.11447,0.84123,0.55666],[0.26471,0.51627,0.83824],[0.79038,0.96195,0.49406],[0.52186,0.22629,0.41101],
[0.16885,0.47115,0.94711],[0.06371,0.06463,0.53993],[0.9176,0.93469,0.57837],[0.09092,0.56769,0.14374],
[0.41767,0.38633,0.87644],[0.57538,0.89168,0.14611],[0.02528,0.95693,0.49302],[0.86721,0.87134,0.34131],
[0.4099,0.12651,0.64597],[0.58123,0.16665,0.33487],[0.54271,0.69662,0.99919],[0.47958,0.5811,0.01183],
[0.13341,0.42735,0.30864],[0.23325,0.38312,0.59723],[0.51778,0.09199,0.54099],[0.79829,0.41601,0.51387],
[0.58615,0.31251,0.65299],[0.32368,0.50243,0.67279],[0.17295,0.18946,0.40554],[0.22014,0.77394,0.50401],
[0.61228,0.59823,0.21095],[0.91612,0.3206,0.47181],[0.5903,0.3937,0.56903],[0.68605,0.13433,0.42078],
[0.74895,0.34565,0.1694],[0.00102,0.49669,0.97249],[0.54602,0.4656,0.72897],[0.57852,0.91338,0.00136],
[0.50373,0.38885,0.21146],[0.43255,0.31649,0.92372],[0.38622,0.18793,0.40117],[0.89564,0.53584,0.06487],
[0.591,0.97455,0.3218],[0.44683,0.72924,0.3778],[0.26797,0.50204,0.43322],[0.94074,0.05319,0.41874],
[0.58023,0.67375,0.04851],[0.6819,0.56625,0.60143],[0.8839,0.14869,0.27177],[0.80422,0.24431,0.55868],
[0.4994,0.55068,0.15428],[0.85724,0.37622,0.50109],[0.46284,0.16678,0.31749],[0.50561,0.03388,0.63328],
[0.16451,0.45374,0.40475],[0.85857,0.22426,0.45987],[0.95915,0.78081,0.57803],[0.59084,0.3313,0.00156],
[0.54323,0.95578,0.66047],[0.56083,0.81832,0.05798],[0.45854,0.04091,0.33021],[0.41058,0.14377,0.76908],
[0.87116,0.09698,0.51842],[0.57582,0.56199,0.50766],[0.49083,0.15824,0.70114],[0.34835,0.50502,0.3501],
[0.48292,0.08933,0.64766],[0.88086,0.49261,0.47007],[0.50925,0.65339,0.76458],[0.11686,0.20324,0.26517],
[0.52362,0.30594,0.01485],[0.52137,0.74334,0.51729],[0.01184,0.43581,0.61189],[0.62483,0.31842,0.40308],
[0.94764,0.85634,0.38823],[0.59527,0.12737,0.39045],[0.56235,0.0529,0.27284],[0.28282,0.47068,0.83061],
[0.72468,0.92806,0.58762],[0.44316,0.64419,0.71775],[0.04769,0.17747,0.17129],[0.9087,0.59913,0.66644],
[0.24406,0.55092,0.88783],[0.41678,0.22703,0.50756],[0.75071,0.44792,0.11102],[0.33891,0.67268,0.46897],
[0.06218,0.58709,0.95233],[0.53724,0.98281,0.73056],[0.89732,0.37395,0.53966],[0.84476,0.00021,0.47008],
[0.46229,0.91271,0.91836],[0.47828,0.40474,0.16141],[0.58804,0.44428,0.62016],[0.09849,0.65678,0.43433],
[0.13992,0.82844,0.51557],[0.34544,0.56089,0.40886],[0.87368,0.63591,0.51684],[0.35064,0.07329,0.5955],
[0.97861,0.71289,0.57505],[0.56387,0.06878,0.17347],[0.53521,0.52794,0.83656],[0.75399,0.2145,0.35429],
[0.12503,0.4619,0.1681],[0.45015,0.78969,0.58821],[0.78664,0.06225,0.28008],[0.88851,0.94447,0.38839],
[0.65937,0.20468,0.40898],[0.0565,0.23135,0.4719],[0.54846,0.18246,0.47068],[0.73067,0.31433,0.20356],
[0.48034,0.75584,0.83442],[0.14527,0.56593,0.23111],[0.85863,0.84164,0.56289],[0.63864,0.90783,0.63172],
[0.65847,0.11457,0.43684],[0.85808,0.49578,0.5262],[0.49193,0.23008,0.79678],[0.44035,0.6935,0.07483],
[0.93135,0.72978,0.56577],[0.50312,0.9491,0.25806],[0.85769,0.48504,0.91797],[0.95365,0.56329,0.02685],
[0.77712,0.43818,0.22206],[0.57944,0.04654,0.74046],[0.27167,0.80686,0.41378],[0.07239,0.93739,0.44195],
[0.47799,0.41564,0.0368],[0.99358,0.57666,0.76926],[0.86474,0.43711,0.59052],[0.41402,0.05265,0.14943],
[0.66077,0.27818,0.16061],[0.38538,0.4683,0.3015],[0.62007,0.50508,0.68315],[0.337,0.63971,0.56766],
[0.5867,0.19239,0.67541],[0.70871,0.21809,0.37255],[0.06707,0.48331,0.62135],[0.61006,0.5802,0.28558],
[0.35606,0.17229,0.48864],[0.48103,0.60971,0.58124],[0.89352,0.24909,0.16585],[0.48857,0.25659,0.73411],
[0.71366,0.8909,0.5939],[0.9852,0.83464,0.50752],[0.56304,0.24565,0.44526],[0.03437,0.61003,0.46904],
[0.16821,0.8804,0.49793],[0.43729,0.78863,0.29544],[0.05409,0.45693,0.26348],[0.39039,0.63008,0.40068],
[0.97088,0.42375,0.01882],[0.58017,0.4853,0.50002],[0.89039,0.15749,0.2095],[0.57981,0.77381,0.85032],
[0.51749,0.98876,0.27702],[0.52766,0.40041,0.67514],[0.99003,0.74562,0.416],[0.85508,0.95098,0.6771],
[0.8586,0.46644,0.70631],[0.86087,0.94963,0.79309],[0.56721,0.06254,0.59634],[0.85426,0.56995,0.35549],
[0.91066,0.48969,0.33942],[0.58856,0.5806,0.99843],[0.42197,0.9573,0.45601],[0.28658,0.40646,0.33818],
[0.61843,0.58091,0.02381],[0.36682,0.44869,0.03255],[0.92378,0.22719,0.22421],[0.10574,0.80675,0.45011],
[0.17166,0.44804,0.43923],[0.01753,0.57199,0.59047],[0.86134,0.86759,0.57981],[0.5954,0.14484,0.76256],
[0.26599,0.19101,0.28273],[0.57677,0.89499,0.14677],[0.58611,0.67465,0.39268],[0.36079,0.52311,0.28008],
[0.94343,0.74588,0.53581],[0.20555,0.30232,0.28665],[0.73897,0.94753,0.50138],[0.87327,0.74408,0.5168],
[0.54266,0.69707,0.78345],[0.40049,0.23559,0.9024],[0.53158,0.96181,0.46117],[0.84899,0.86439,0.68411],
[0.40461,0.24411,0.38458],[0.14422,0.50835,0.80227],[0.81276,0.79509,0.59687],[0.57473,0.47868,0.75953],
[0.92431,0.51865,0.56088],[0.66175,0.46028,0.18587],[0.60801,0.58505,0.30992],[0.16371,0.57566,0.27526],
[0.58761,0.48892,0.30528],[0.65095,0.40677,0.01187],[0.68898,0.94232,0.40136],[0.92548,0.49857,0.849],
[0.8873,0.25546,0.26833],[0.33869,0.47749,0.65506],[0.96294,0.93079,0.60036],[0.97061,0.84715,0.54478],
[0.40629,0.39225,0.68691],[0.51545,0.97314,0.08029],[0.43278,0.66742,0.15189],[0.54512,0.12484,0.66306],
[0.57518,0.16783,0.96648],[0.49463,0.77355,0.69888],[0.28224,0.05427,0.49154],[0.38223,0.66001,0.4875],
[0.99916,0.52742,0.30472],[0.48458,0.37921,0.33761],[0.41246,0.62865,0.90741],[0.43243,0.56048,0.13902],
[0.75282,0.19793,0.45713],[0.67881,0.55895,0.27839],[0.59691,0.68861,0.567],[0.42802,0.43725,0.35838],
[0.89451,0.44594,0.60872],[0.24933,0.98084,0.54885],[0.13772,0.2576,0.41252],[0.90681,0.50555,0.31634],
[0.81839,0.92674,0.62133],[0.53441,0.53779,0.03648],[0.65111,0.46944,0.77694],[0.66027,0.5642,0.11168],
[0.90508,0.8826,0.30723],[0.42687,0.54156,0.95637],[0.60295,0.23658,0.4226],[0.58516,0.72656,0.42713],
[0.70769,0.73106,0.62793],[0.40808,0.41,0.27668],[0.38214,0.99791,0.41845],[0.40677,0.33232,0.11771],
[0.15216,0.52586,0.22759],[0.54601,0.38743,0.84585],[0.96343,0.40674,0.89391],[0.63246,0.45234,0.30224],
[0.30265,0.49908,0.25152],[0.81053,0.41123,0.3616],[0.47584,0.81397,0.67867],[0.26311,0.30015,0.11659],
[0.61496,0.29368,0.59151],[0.38167,0.64381,0.42848],[0.11975,0.49485,0.22646],[0.99023,0.56962,0.69674],
[0.90076,0.01909,0.4594],[0.15189,0.40031,0.81896],[0.63255,0.43054,0.06685],[0.23779,0.43941,0.05657],
[0.71707,0.63674,0.70416],[0.14744,0.43462,0.45081],[0.57099,0.44063,0.1749],[0.77194,0.54129,0.50756],
[0.63552,0.07199,0.23441],[0.59547,0.86906,0.79478],[0.79058,0.40668,0.55243],[0.90089,0.37769,0.43678],
[0.46529,0.05609,0.99411],[0.77326,0.20581,0.58565],[0.62038,0.21468,0.12958],[0.42971,0.69025,0.76744],
[0.57572,0.10887,0.61229],[0.53065,0.49777,0.84385],[0.81507,0.34618,0.27317],[0.7599,0.3604,0.14738],
[0.3968,0.52165,0.52209],[0.66996,0.28525,0.22577],[0.79627,0.93653,0.46073],[0.03365,0.5296,0.23862],
[0.38454,0.17957,0.45969],[0.26326,0.45813,0.61073],[0.41257,0.7072,0.6546],[0.70834,0.84386,0.42146],
[0.04434,0.40594,0.30352],[0.29926,0.23677,0.23393],[0.87314,0.37548,0.49811],[0.2246,0.12324,0.11483],
[0.5686,0.0407,0.50886],[0.70666,0.68058,0.55],[0.93465,0.01376,0.53991],[0.04164,0.10254,0.49106],
[0.1015,0.52287,0.12912],[0.45548,0.54802,0.80877],[0.65649,0.02638,0.40369],[0.50376,0.77275,0.88159],
[0.8302,0.96308,0.30278],[0.47404,0.45346,0.23767],[0.49393,0.3244,0.91079],[0.74318,0.1852,0.34973],
[0.59809,0.24908,0.62],[0.38964,0.56366,0.57223],[0.70549,0.45536,0.27714],[0.14032,0.51807,0.67598],
[0.40387,0.58696,0.46427],[0.43057,0.55656,0.68306],[0.70328,0.43907,0.67994],[0.56394,0.74119,0.95999],
[0.1492,0.5032,0.7967],[0.63032,0.57287,0.78559],[0.36049,0.49769,0.10451],[0.49018,0.25695,0.35344],
[0.68658,0.58478,0.74225],[0.48087,0.93479,0.84637],[0.44493,0.3082,0.66027],[0.47856,0.81963,0.61697],
[0.77106,0.11407,0.10357],[0.56826,0.27576,0.73528],[0.69545,0.26452,0.55811],[0.69893,0.44617,0.70356],
[0.49567,0.22974,0.7227],[0.53754,0.45055,0.17536],[0.13704,0.3837,0.48454],[0.99215,0.59426,0.15773],
[0.40911,0.79549,0.07346],[0.26208,0.30319,0.53015],[0.92527,0.56191,0.83648],[0.93638,0.21847,0.42252],
[0.77415,0.47055,0.84609],[0.23681,0.24284,0.53197],[0.00883,0.98271,0.57407],[0.70367,0.07525,0.52557],
[0.46204,0.35516,0.49855],[0.37563,0.43947,0.34807],[0.52171,0.08012,0.10672],[0.22674,0.15685,0.53495],
[0.82396,0.039,0.49377],[0.49861,0.23097,0.07837],[0.92357,0.44404,0.40008],[0.50486,0.14634,0.0859],
[0.26938,0.19371,0.52095],[0.8232,0.40663,0.92575],[0.79811,0.44476,0.53521],[0.50409,0.5439,0.47677],
[0.1896,0.47786,0.30338],[0.92704,0.04364,0.58647],[0.75438,0.57411,0.80244],[0.51407,0.28087,0.76793],
[0.9108,0.49956,0.53713],[0.89445,0.55672,0.31933],[0.20886,0.98999,0.46961],[0.97444,0.80107,0.71232],
[0.80109,0.88087,0.52808],[0.73507,0.27647,0.08986],[0.47347,0.38808,0.2158],[0.03423,0.55134,0.22676],
[0.89683,0.58235,0.41387],[0.34529,0.88715,0.59168],[0.93093,0.36796,0.59038],[0.35728,0.78855,0.51146],
[0.94979,0.85336,0.83556],[0.58919,0.62444,0.28248],[0.17096,0.44797,0.89064],[0.77147,0.95858,0.47163],
[0.56479,0.32368,0.52217],[0.05746,0.46463,0.30128],[0.28046,0.9197,0.41598],[0.17693,0.5877,0.54089],
[0.75971,0.23249,0.5999],[0.11991,0.15229,0.27042],[0.68487,0.22117,0.34458],[0.63788,0.47982,0.57678],
[0.42455,0.51324,0.17382],[0.52599,0.16008,0.38443],[0.71601,0.53524,0.36014],[0.82674,0.30027,0.19859],
[0.59455,0.09111,0.32067],[0.16758,0.5589,0.79509],[0.8302,0.51366,0.97779],[0.40904,0.23288,0.28735],
[0.58366,0.22005,0.13249],[0.0914,0.4075,0.5074],[0.45707,0.34612,0.09901],[0.79492,0.48836,0.71831],
[0.00612,0.40015,0.8066],[0.36112,0.51026,0.67677],[0.63586,0.44295,0.26007],[0.13876,0.72041,0.55167],
[0.25747,0.56322,0.26792],[0.40768,0.84917,0.64115],[0.08916,0.57737,0.92639],[0.44734,0.3271,0.02447],
[0.27427,0.31925,0.43243],[0.6377,0.13212,0.15283],[0.83957,0.77695,0.45],[0.46217,0.76102,0.70791],
[0.41501,0.52286,0.95131],[0.86237,0.40072,0.14943],[0.5348,0.55282,0.77594],[0.02758,0.44093,0.00977],
[0.91845,0.46535,0.57706],[0.02817,0.49147,0.57883],[0.87666,0.58893,0.91114],[0.56166,0.50283,0.12703],
[0.66716,0.41534,0.07314],[0.59315,0.17531,0.73585],[0.17319,0.22083,0.20382],[0.5221,0.43231,0.10255],
[0.31066,0.1675,0.40492],[0.56007,0.65094,0.73037],[0.50708,0.59423,0.34909],[0.69682,0.34018,0.21429],
[0.01263,0.51449,0.3573],[0.34071,0.91282,0.72761],[0.90596,0.48768,0.59863],[0.14018,0.64752,0.49035],
[0.46612,0.72147,0.33346],[0.27624,0.68611,0.4071],[0.9144,0.51494,0.91783],[0.68089,0.23214,0.45094],
[0.78467,0.48755,0.83425],[0.25418,0.42325,0.67315],[0.9094,0.58907,0.85884],[0.90178,0.55888,0.01574],
[0.91578,0.42981,0.96763],[0.2619,0.63539,0.40114],[0.50918,0.58729,0.52838],[0.16739,0.50702,0.5239],
[0.59796,0.12776,0.85601],[0.68294,0.52669,0.37386],[0.82471,0.57237,0.38017],[0.12612,0.44468,0.97776],
[0.58407,0.11593,0.30438],[0.88743,0.45217,0.89322],[0.01659,0.59715,0.86376],[0.24026,0.3551,0.59814],
[0.96861,0.85782,0.35851],[0.7132,0.12055,0.0854],[0.31021,0.69652,0.55676],[0.69888,0.90717,0.86358],
[0.57359,0.58149,0.57412],[0.23099,0.06829,0.56658],[0.23855,0.77648,0.45765],[0.8793,0.90548,0.44711],
[0.4137,0.90493,0.71632],[0.39442,0.45986,0.25003],[0.49234,0.567,0.96311],[0.92168,0.91355,0.79334],
[0.45448,0.59569,0.15746],[0.30417,0.82096,0.53271],[0.32543,0.31287,0.49819],[0.1783,0.55348,0.665],
[0.81373,0.03068,0.58983],[0.94841,0.55546,0.12508],[0.98838,0.54746,0.87746],[0.45328,0.23701,0.52087],
[0.74882,0.14878,0.44767],[0.29982,0.43916,0.48025],[0.20412,0.59769,0.59165],[0.94097,0.9236,0.88296],
[0.705,0.49685,0.73591],[0.82827,0.8479,0.4774],[0.43133,0.74355,0.61825],[0.71705,0.58551,0.13121],
[0.99201,0.46644,0.31547],[0.49232,0.47268,0.9092],[0.85216,0.20178,0.05195],[0.57745,0.40492,0.81384],
[0.21677,0.90176,0.32552],[0.27348,0.79072,0.55941],[0.54123,0.30665,0.73639],[0.19434,0.72427,0.41843],
[0.24072,0.40726,0.72397],[0.38724,0.51534,0.117],[0.81343,0.40611,0.11013],[0.19878,0.20735,0.35558],
[0.53791,0.90548,0.94532],[0.30428,0.09211,0.4959],[0.11607,0.83469,0.59088],[0.3692,0.35989,0.55301],
[0.58478,0.00914,0.06156],[0.26438,0.66772,0.43638],[0.59106,0.72752,0.02796],[0.13622,0.89828,0.4659],
[0.87392,0.43258,0.29187],[0.51583,0.12591,0.29851],[0.48504,0.80606,0.75581],[0.45476,0.24256,0.80353],
[0.44737,0.42999,0.57501],[0.62666,0.23507,0.31224],[0.49076,0.69984,0.15108],[0.20104,0.75734,0.53552],
[0.89313,0.98426,0.41829],[0.08192,0.64951,0.44409],[0.56278,0.69161,0.99607],[0.44017,0.3621,0.32821],
[0.62572,0.43851,0.42827],[0.66255,0.20018,0.32305],[0.10204,0.91725,0.45836],[0.17419,0.26586,0.5828],
[0.13732,0.72087,0.49974],[0.62053,0.03491,0.44175],[0.88251,0.49605,0.29418],[0.52423,0.6427,0.63804],
[0.48774,0.88694,0.63067],[0.75896,0.1713,0.40773],[0.5271,0.45305,0.49887],[0.7559,0.15419,0.59167],
[0.49999,0.94327,0.92098],[0.7402,0.44289,0.08887],[0.55948,0.56594,0.5792],[0.92129,0.17186,0.4393],
[0.4757,0.96169,0.40062],[0.25165,0.50883,0.76151],[0.88957,0.44482,0.74086],[0.94649,0.90314,0.79349],
[0.01438,0.43999,0.8139],[0.63404,0.16926,0.14568],[0.83581,0.91734,0.45871],[0.58525,0.87117,0.01434],
[0.56315,0.63497,0.50172],[0.6341,0.43485,0.2537],[0.69453,0.49803,0.37058],[0.1388,0.42641,0.79022],
[0.1724,0.54369,0.43972],[0.33228,0.50475,0.38094],[0.75502,0.75515,0.72615],[0.17987,0.77946,0.40854],
[0.21166,0.26278,0.55804],[0.58385,0.12301,0.32682],[0.89956,0.42893,0.69106],[0.58089,0.75565,0.31068],
[0.8082,0.48157,0.13992],[0.5158,0.81899,0.66587],[0.93111,0.43244,0.63065],[0.02479,0.36235,0.42853],
[0.76772,0.17474,0.37088],[0.67793,0.22607,0.50185],[0.42365,0.23424,0.36347],[0.564,0.7786,0.50421],
[0.35583,0.00786,0.52625],[0.27787,0.48233,0.56995],[0.49221,0.44919,0.25678],[0.30887,0.35292,0.51556],
[0.55773,0.28281,0.29795],[0.4712,0.1557,0.00467],[0.08212,0.20993,0.24155],[0.13229,0.44976,0.89734],
[0.28206,0.18062,0.07371],[0.27087,0.27206,0.1553],[0.4376,0.52665,0.72607],[0.44993,0.29077,0.62307],
[0.7059,0.46113,0.21945],[0.39206,0.92064,0.40063],[0.70272,0.89086,0.52091],[0.4795,0.0038,0.72403],
[0.62034,0.53598,0.44745],[0.05274,0.18464,0.19974],[0.65787,0.81004,0.45918],[0.57356,0.5059,0.97028],
[0.52182,0.48698,0.68548],[0.83545,0.44123,0.60414],[0.35562,0.48866,0.23077],[0.3707,0.53161,0.82565],
[0.2191,0.11878,0.48355],[0.45621,0.60088,0.56309],[0.02677,0.56146,0.27058],[0.25301,0.03098,0.53031],
[0.54066,0.41698,0.43893],[0.55409,0.80185,0.09346],[0.47313,0.03198,0.14976],[0.55644,0.77805,0.38023],
[0.45783,0.80379,0.51137],[0.85767,0.64727,0.55317],[0.66941,0.85559,0.43293],[0.872,0.99816,0.43936],
[0.44763,0.37044,0.96728],[0.50338,0.58362,0.46453],[0.12284,0.41781,0.16525],[0.56608,0.98145,0.9786],
[0.95966,0.80851,0.70859],[0.84054,0.08085,0.19623],[0.80274,0.94446,0.41983],[0.08797,0.18462,0.53279],
[0.28408,0.57721,0.98109],[0.21277,0.45554,0.60659],[0.43197,0.10262,0.10522],[0.25967,0.03917,0.45907],
[0.43769,0.07788,0.50378],[0.51527,0.4933,0.22065],[0.30858,0.5023,0.25634],[0.41921,0.86403,0.67522],
[0.57158,0.51472,0.55769],[0.0708,0.40852,0.5589],[0.47909,0.99384,0.46597],[0.83805,0.72084,0.43653],
[0.4973,0.56253,0.07234],[0.86925,0.13644,0.2],[0.29731,0.20649,0.31989],[0.17939,0.17032,0.55366],
[0.74685,0.39006,0.5012],[0.48873,0.95864,0.66194],[0.37243,0.29376,0.5718],[0.43003,0.54371,0.71394],
[0.55325,0.43897,0.09434],[0.80592,0.16706,0.43216],[0.58637,0.52897,0.00971],[0.25464,0.41354,0.93363],
[0.47484,0.66317,0.87573],[0.43179,0.4554,0.20582],[0.89418,0.9186,0.39148],[0.61306,0.70844,0.6914],
[0.92684,0.85138,0.84575],[0.75711,0.88418,0.51024],[0.64508,0.59826,0.3718],[0.93667,0.95792,0.85959],
[0.81096,0.40564,0.51854],[0.02571,0.82615,0.5354],[0.77282,0.29907,0.5392],[0.70368,0.75366,0.42193],
[0.9564,0.49429,0.67673],[0.53223,0.41043,0.36034],[0.95136,0.56353,0.82226],[0.99051,0.43665,0.2645],
[0.87784,0.95637,0.87261],[0.7179,0.3353,0.1008],[0.47614,0.34681,0.39794],[0.66855,0.86943,0.54511],
[0.01332,0.59116,0.35709],[0.19535,0.97573,0.42662],[0.72859,0.29176,0.43017],[0.66334,0.61176,0.59911],
[0.0805,0.29375,0.19445],[0.5887,0.07803,0.91225],[0.46306,0.11074,0.64292],[0.95885,0.58922,0.7379],
[0.07226,0.98334,0.50507],[0.21941,0.59911,0.6316],[0.45248,0.62473,0.14926],[0.48563,0.85468,0.77005],
[0.49333,0.90456,0.34736],[0.16744,0.01285,0.54541],[0.69573,0.10596,0.57305],[0.6402,0.48278,0.71214],
[0.37824,0.4231,0.30963],[0.40115,0.40742,0.22969],[0.75933,0.40903,0.74366],[0.80378,0.35662,0.43639],
[0.71855,0.50759,0.76141],[0.99085,0.57755,0.8444],[0.46468,0.54565,0.19496],[0.41104,0.19575,0.22847],
[0.56443,0.98411,0.53191],[0.6379,0.47232,0.46639],[0.24462,0.48362,0.70791],[0.75714,0.55097,0.01338],
[0.89907,0.03903,0.57033],[0.70207,0.54232,0.89325],[0.77626,0.35144,0.50626],[0.04397,0.52523,0.58367],
[0.66488,0.52263,0.06238],[0.41735,0.72412,0.29056],[0.57698,0.74017,0.11481],[0.7997,0.37318,0.51137],
[0.06747,0.4741,0.56883],[0.55115,0.17471,0.56959],[0.24064,0.20679,0.23536],[0.77052,0.60858,0.40132],
[0.69871,0.74306,0.66305],[0.58328,0.66673,0.72363],[0.46822,0.60487,0.97441],[0.95556,0.04498,0.5621],
[0.6301,0.28089,0.42498],[0.34343,0.45522,0.78251],[0.63461,0.77099,0.58739],[0.55945,0.48469,0.06304],
[0.10951,0.94702,0.42839],[0.41658,0.96936,0.7705],[0.00184,0.40544,0.33124],[0.49621,0.31028,0.15574],
[0.16175,0.56257,0.05744],[0.11068,0.18589,0.20502],[0.28705,0.54521,0.78439],[0.57131,0.75276,0.02281],
[0.33225,0.17468,0.51692],[0.01649,0.23863,0.49847],[0.83143,0.33409,0.52655],[0.76174,0.50696,0.21739],
[0.53932,0.95806,0.69083],[0.1573,0.2369,0.33651],[0.47564,0.18684,0.30815],[0.40903,0.49206,0.46036],
[0.58727,0.45675,0.63695],[0.04592,0.48903,0.97288],[0.88732,0.53654,0.86321],[0.8144,0.51893,0.93765],
[0.30785,0.2199,0.54817],[0.54475,0.28783,0.12934],[0.51547,0.25377,0.27987],[0.99752,0.00031,0.47358],
[0.40299,0.7962,0.33105],[0.60567,0.45545,0.30083],[0.18883,0.42503,0.4671],[0.78626,0.81819,0.42132],
[0.43942,0.08887,0.98336],[0.99012,0.47541,0.36313],[0.43326,0.33975,0.70004],[0.57206,0.94274,0.51213],
[0.44807,0.96271,0.11033],[0.47022,0.66393,0.82238],[0.58112,0.87383,0.56095],[0.618,0.45071,0.98628],
[0.28919,0.79739,0.52984],[0.56934,0.31276,0.14221],[0.49749,0.40563,0.57114],[0.34222,0.73094,0.51994],
[0.07792,0.91853,0.41126],[0.66053,0.57942,0.92644],[0.32975,0.96991,0.50436],[0.25224,0.48042,0.29496],
[0.21091,0.23396,0.12484],[0.94308,0.60813,0.50255],[0.51911,0.43559,0.47108],[0.05087,0.70231,0.53868],
[0.40215,0.61052,0.51444],[0.88197,0.5101,0.21167],[0.45433,0.75804,0.90529],[0.78696,0.07256,0.10073],
[0.88972,0.86465,0.71765],[0.84717,0.91739,0.85228],[0.52163,0.83656,0.27485],[0.51496,0.14879,0.01293],
[0.5649,0.77743,0.9428],[0.63147,0.51623,0.92018],[0.47529,0.89824,0.05866],[0.43423,0.18725,0.56846],
[0.71307,0.57626,0.48561],[0.70346,0.40547,0.98361],[0.00264,0.95874,0.50111],[0.36994,0.1827,0.40761],
[0.45062,0.10042,0.78527],[0.03452,0.78597,0.54298],[0.4566,0.39375,0.10908],[0.41405,0.385,0.78734],
[0.19966,0.50923,0.86572],[0.81303,0.4311,0.05957],[0.08256,0.97556,0.42194],[0.50395,0.77967,0.99263],
[0.56894,0.87125,0.85616],[0.82473,0.97572,0.59484],[0.56441,0.25522,0.00806],[0.08818,0.16052,0.55694],
[0.29457,0.07775,0.47935],[0.32508,0.25359,0.26079],[0.82394,0.43084,0.49095],[0.1645,0.6281,0.58273],
[0.55312,0.08981,0.853],[0.0498,0.9561,0.58577],[0.0069,0.57001,0.278],[0.14173,0.21993,0.06723],
[0.91596,0.78961,0.46897],[0.40616,0.53347,0.56394],[0.32068,0.20077,0.16065],[0.15944,0.04402,0.5344],
[0.84215,0.10667,0.50546],[0.93435,0.8119,0.58317],[0.3544,0.59183,0.71904],[0.89189,0.85149,0.34212],
[0.50468,0.39948,0.84234],[0.44724,0.43643,0.62445],[0.89348,0.25678,0.48645],[0.61107,0.10865,0.53055],
[0.47005,0.64042,0.75949],[0.50942,0.12721,0.3012],[0.07451,0.59893,0.44692],[0.48507,0.79573,0.51605],
[0.74098,0.5809,0.88182],[0.54452,0.17358,0.872],[0.71233,0.23271,0.04958],[0.38316,0.41161,0.24167],
[0.5587,0.33424,0.74805],[0.08878,0.91954,0.4103],[0.87657,0.44303,0.7789],[0.78113,0.56632,0.22168],
[0.22536,0.91058,0.41886],[0.4705,0.80111,0.08106],[0.20116,0.78587,0.57109],[0.44772,0.9099,0.83669],
[0.1638,0.46908,0.52994],[0.85003,0.05288,0.45265],[0.97247,0.30961,0.51],[0.49665,0.60643,0.69175],
[0.35588,0.33217,0.44979],[0.94674,0.59547,0.18091],[0.53267,0.3391,0.2609],[0.04904,0.24441,0.4544],
[0.4686,0.02404,0.53976],[0.8231,0.56509,0.469],[0.59493,0.1036,0.554],[0.98405,0.42561,0.1515],
[0.66316,0.45,0.33321],[0.46961,0.32341,0.3868],[0.00061,0.54068,0.56037],[0.02783,0.89557,0.46839],
[0.04069,0.19592,0.5808],[0.43142,0.94,0.86565],[0.3632,0.58645,0.63305],[0.68392,0.59018,0.09498],
[0.2905,0.19496,0.59899],[0.7216,0.20363,0.41504],[0.68541,0.44444,0.24175],[0.44974,0.87666,0.12379],
[0.50126,0.25093,0.61763],[0.13592,0.8225,0.50226],[0.65809,0.08494,0.58572],[0.41274,0.94314,0.13676],
[0.02272,0.52299,0.43053],[0.96238,0.76536,0.42473],[0.47697,0.19657,0.83216],[0.31411,0.66053,0.44562],
[0.92148,0.43642,0.02265],[0.22792,0.2347,0.26723],[0.12788,0.24689,0.55498],[0.08009,0.50069,0.9144],
[0.47577,0.65849,0.85844],[0.17563,0.19893,0.49315],[0.23809,0.47136,0.14884],[0.54624,0.48512,0.14067],
[0.25411,0.24531,0.22873],[0.51076,0.94666,0.90587],[0.80535,0.84794,0.5812],[0.52262,0.56509,0.284],
[0.56024,0.183,0.50293],[0.24861,0.44973,0.75797],[0.3167,0.40266,0.96987],[0.25189,0.72879,0.5236],
[0.16077,0.91641,0.54496],[0.27443,0.17719,0.57787],[0.69083,0.5324,0.25692],[0.75696,0.28429,0.04195],
[0.55906,0.73623,0.81308],[0.09803,0.4841,0.52975],[0.7689,0.49995,0.22549],[0.50166,0.17755,0.81132],
[0.51666,0.19231,0.04798],[0.2785,0.44571,0.28942],[0.95354,0.53519,0.77566],[0.7601,0.47366,0.95663],
[0.41934,0.46405,0.09232],[0.40842,0.89184,0.53802],[0.37192,0.47548,0.45856],[0.45838,0.151,0.78995],
[0.59638,0.49032,0.69481],[0.44172,0.28105,0.71718],[0.35195,0.70195,0.4968],[0.46976,0.76254,0.5149],
[0.64747,0.1041,0.59506],[0.49126,0.29575,0.26351],[0.0004,0.01166,0.44971],[0.3734,0.63,0.40707],
[0.11341,0.12387,0.31053],[0.04301,0.19932,0.47248],[0.48063,0.27854,0.21922],[0.45818,0.6073,0.27645],
[0.61496,0.48413,0.53744],[0.05835,0.48253,0.24096],[0.27747,0.18942,0.21171],[0.33394,0.31006,0.4467],
[0.20968,0.55294,0.25774],[0.55675,0.11108,0.0316],[0.50369,0.02347,0.40318],[0.81186,0.42636,0.64979],
[0.48671,0.34725,0.76252],[0.66194,0.09559,0.15293],[0.12079,0.16921,0.42582],[0.29018,0.58202,0.11186],
[0.50773,0.37447,0.95678],[0.39591,0.2755,0.53047],[0.96065,0.84212,0.51643],[0.57505,0.85767,0.38331],
[0.38545,0.18109,0.44425],[0.36703,0.9131,0.71413],[0.42979,0.6665,0.54077],[0.37517,0.42468,0.14617],
[0.44972,0.72649,0.57292],[0.81306,0.76814,0.47537],[0.03887,0.48784,0.86901],[0.76387,0.68789,0.51463],
[0.94052,0.48,0.59138],[0.88116,0.83853,0.74886],[0.60214,0.20089,0.55552],[0.58444,0.29958,0.61678],
[0.59338,0.04468,0.93483],[0.19784,0.48849,0.81313],[0.92898,0.50761,0.71988],[0.23856,0.64412,0.44051],
[0.56164,0.1086,0.49684],[0.72728,0.60295,0.58489],[0.0029,0.3267,0.5213],[0.09333,0.59409,0.31106],
[0.26622,0.21233,0.06719],[0.54356,0.77558,0.61642],[0.17808,0.51565,0.99709],[0.52992,0.91308,0.36951],
[0.47693,0.38748,0.21479],[0.56047,0.49604,0.45581],[0.53444,0.04694,0.77257],[0.36172,0.48948,0.10406],
[0.49722,0.49053,0.41624],[0.58207,0.65925,0.33971],[0.90005,0.96579,0.62959],[0.58705,0.40873,0.50054],
[0.44636,0.70368,0.21749],[0.16121,0.73822,0.40245],[0.79761,0.87511,0.52072],[0.37245,0.41328,0.5347],
[0.49899,0.45861,0.70125],[0.07572,0.45513,0.07032],[0.38904,0.43125,0.4766],[0.64997,0.41622,0.60636],
[0.10075,0.28199,0.43228],[0.18066,0.05215,0.5005],[0.60706,0.59549,0.47957],[0.14604,0.45025,0.03466],
[0.55149,0.66755,0.68128],[0.94623,0.87484,0.581],[0.57937,0.44729,0.06435],[0.19074,0.53237,0.43552],
[0.23797,0.92356,0.53419],[0.23683,0.56493,0.99562],[0.94108,0.8444,0.65897],[0.33081,0.44921,0.80553],
[0.28953,0.51725,0.75038],[0.98863,0.41153,0.37363],[0.48444,0.55854,0.97075],[0.84556,0.57865,0.38683],
[0.87064,0.88951,0.87054],[0.7617,0.46482,0.13769],[0.09525,0.5719,0.3563],[0.13208,0.12689,0.55598],
[0.28362,0.49028,0.41728],[0.71185,0.40766,0.55002],[0.89394,0.64636,0.48927],[0.34291,0.90484,0.37583],
[0.63732,0.06645,0.2053],[0.21577,0.10257,0.55298],[0.48218,0.6605,0.40216],[0.13186,0.31018,0.52812],
[0.60703,0.18067,0.47749],[0.35032,0.77279,0.57651],[0.6465,0.55813,0.07742],[0.60034,0.54251,0.81975],
[0.00737,0.36823,0.52925],[0.11777,0.68534,0.52542],[0.81477,0.8315,0.44467],[0.11608,0.17255,0.18744],
[0.81087,0.26919,0.52187],[0.28753,0.22676,0.13914],[0.7648,0.58441,0.05236],[0.69991,0.44377,0.84506],
[0.88806,0.56759,0.36676],[0.68615,0.43543,0.61525],[0.38514,0.43901,0.83787],[0.15608,0.5604,0.34116],
[0.41295,0.72548,0.30058],[0.73367,0.26257,0.31968],[0.50366,0.90073,0.93131],[0.29518,0.85816,0.61344],
[0.1006,0.43822,0.80751],[0.74893,0.00469,0.56489],[0.26015,0.47635,0.5275],[0.40608,0.94114,0.06153],
[0.65272,0.92443,0.43791],[0.67143,0.90757,0.6101],[0.6364,0.54892,0.48401],[0.70375,0.15078,0.3028],
[0.43154,0.06101,0.59955],[0.2334,0.17317,0.17861],[0.43111,0.34065,0.46781],[0.50204,0.29823,0.05751],
[0.24088,0.53596,0.04869],[0.78541,0.52426,0.53292],[0.48619,0.97641,0.56718],[0.81934,0.19116,0.07144],
[0.60744,0.0047,0.54977],[0.07217,0.56848,0.21254],[0.48823,0.88827,0.58111],[0.18367,0.42884,0.30967],
[0.53466,0.76687,0.16342],[0.15601,0.17773,0.17298],[0.54837,0.36226,0.7644],[0.84352,0.89826,0.54263],
[0.11028,0.82695,0.46635],[0.02577,0.25219,0.53535],[0.28984,0.79127,0.43212],[0.22985,0.46542,0.23641],
[0.08225,0.53152,0.99796],[0.43535,0.50657,0.6997],[0.59172,0.85468,0.6508],[0.12627,0.59577,0.19178],
[0.27077,0.20966,0.26742],[0.7446,0.16012,0.48408],[0.28914,0.4431,0.42873],[0.29004,0.8473,0.58446],
[0.38089,0.87197,0.35545],[0.52999,0.51028,0.992],[0.5891,0.18922,0.85811],[0.79671,0.26691,0.44836],
[0.90033,0.51623,0.01257],[0.75661,0.31616,0.28286],[0.10655,0.82493,0.53385],[0.39757,0.45178,0.50081],
[0.51598,0.17171,0.65176],[0.82875,0.26639,0.45284],[0.93976,0.96348,0.65427],[0.90119,0.90712,0.36362],
[0.53994,0.41214,0.95154],[0.62412,0.0471,0.56322],[0.20356,0.39337,0.57306],[0.79767,0.44947,0.72237],
[0.51352,0.18245,0.60511],[0.88674,0.96647,0.57712],[0.20565,0.4285,0.53601],[0.65867,0.50388,0.78136],
[0.54559,0.22505,0.36932],[0.05506,0.86507,0.41423],[0.51633,0.24526,0.07321],[0.83163,0.56366,0.51237],
[0.44337,0.59881,0.36845],[0.53385,0.75449,0.02031],[0.40157,0.27652,0.67729],[0.49894,0.79544,0.27634],
[0.05136,0.50467,0.51674],[0.08865,0.2875,0.13534],[0.43114,0.16153,0.72686],[0.70145,0.44294,0.66906],
[0.46761,0.03926,0.1126],[0.95919,0.5629,0.26429],[0.46217,0.84985,0.52492],[0.41469,0.47985,0.92653],
[0.26677,0.00273,0.46014],[0.60789,0.47355,0.76281],[0.57279,0.10697,0.37938],[0.10283,0.42876,0.95078],
[0.86331,0.50028,0.99262],[0.94326,0.92576,0.88399],[0.02805,0.3937,0.55539],[0.43114,0.24565,0.61415],
[0.84492,0.59776,0.02916],[0.00133,0.36532,0.48752],[0.90711,0.93084,0.7378],[0.80618,0.30455,0.29068],
[0.84903,0.92663,0.53873],[0.45572,0.13707,0.439],[0.90253,0.47189,0.09987],[0.6129,0.74958,0.46661],
[0.40426,0.81902,0.9405],[0.48543,0.75548,0.07034],[0.98676,0.50667,0.18175],[0.57344,0.07344,0.9729],
[0.57844,0.95218,0.39974],[0.67443,0.54233,0.99152],[0.51145,0.70785,0.12457],[0.61663,0.71296,0.46647],
[0.42974,0.31608,0.04815],[0.64507,0.48474,0.21732],[0.53785,0.295,0.90058],[0.52234,0.57947,0.20223],
[0.8137,0.62848,0.46546],[0.3364,0.43357,0.66765],[0.27296,0.48335,0.63004],[0.8323,0.58424,0.71367],
[0.58325,0.04299,0.10872],[0.1398,0.34696,0.42357],[0.04536,0.10009,0.56702],[0.85472,0.9358,0.62823],
[0.29739,0.46933,0.51098],[0.08337,0.45927,0.33524],[0.42477,0.61669,0.6265],[0.75939,0.06242,0.48642],
[0.51688,0.56484,0.38287],[0.52269,0.43514,0.72771],[0.75387,0.51345,0.25462],[0.30989,0.41757,0.92577],
[0.65187,0.75408,0.65557],[0.29586,0.4094,0.30282],[0.49065,0.54698,0.44459],[0.4188,0.37062,0.71963],
[0.1285,0.823,0.5334],[0.93234,0.53921,0.17522],[0.66926,0.47928,0.29004],[0.5676,0.57254,0.36537],
[0.1297,0.72182,0.41447],[0.5599,0.86381,0.87133],[0.43225,0.29412,0.05613],[0.10108,0.55103,0.79689],
[0.75002,0.29443,0.27466],[0.86703,0.17445,0.57777],[0.70487,0.81256,0.47456],[0.67803,0.21017,0.45447],
[0.66955,0.94408,0.52514],[0.01553,0.40676,0.16908],[0.18125,0.11173,0.45236],[0.52878,0.2664,0.75839],
[0.79605,0.56904,0.49082],[0.22317,0.44499,0.35772],[0.55784,0.6599,0.75874],[0.86449,0.21681,0.47141],
[0.35516,0.40459,0.5008],[0.41495,0.69313,0.60051],[0.86124,0.41786,0.01551],[0.75463,0.08881,0.18454],
[0.5676,0.45101,0.67133],[0.19392,0.85712,0.34833],[0.42855,0.3665,0.69409],[0.0166,0.44336,0.84056],
[0.79577,0.60274,0.46074],[0.45448,0.72909,0.79126],[0.8782,0.16626,0.23718],[0.49819,0.50819,0.04507],
[0.93703,0.91596,0.70973],[0.56782,0.53004,0.25335],[0.67287,0.33306,0.19325],[0.32693,0.54899,0.8329],
[0.45667,0.29251,0.44144],[0.78328,0.55426,0.3724],[0.98529,0.54163,0.26811],[0.47884,0.89032,0.83543],
[0.4358,0.5511,0.56695],[0.33203,0.55449,0.14563],[0.564,0.03092,0.21411],[0.15857,0.97169,0.49708],
[0.52982,0.09637,0.03001],[0.80424,0.52459,0.13147],[0.52655,0.27277,0.29034],[0.57125,0.64249,0.40458],
[0.64535,0.98967,0.53517],[0.90292,0.94911,0.40622],[0.5887,0.96886,0.10602],[0.66105,0.62506,0.67303],
[0.84955,0.32331,0.57884],[0.58789,0.95219,0.9511],[0.46069,0.24966,0.78187],[0.94513,0.48906,0.15237],
[0.75017,0.69273,0.46464],[0.59074,0.27522,0.98662],[0.24441,0.58667,0.73807],[0.46078,0.65849,0.27049],
[0.65438,0.55857,0.54628],[0.18015,0.67658,0.4742],[0.68015,0.44009,0.93725],[0.9161,0.55208,0.83552],
[0.58391,0.09951,0.19702],[0.98969,0.51285,0.03964],[0.85924,0.18562,0.27317],[0.27892,0.30805,0.58751],
[0.46772,0.19952,0.30812],[0.5079,0.10588,0.33246],[0.09281,0.46818,0.10753],[0.79378,0.97702,0.52243],
[0.3184,0.25411,0.56096],[0.45933,0.87234,0.85267],[0.57904,0.55627,0.32167],[0.22459,0.59069,0.11247],
[0.53666,0.65808,0.83803],[0.48107,0.14842,0.74155],[0.83916,0.56639,0.34014],[0.93992,0.00081,0.49638],
[0.40284,0.77217,0.54364],[0.43968,0.00386,0.86955],[0.30861,0.91828,0.24975],[0.52575,0.28119,0.12065],
[0.43749,0.64023,0.39039],[0.31284,0.72537,0.52155],[0.84102,0.55769,0.04627],[0.63053,0.68933,0.71189],
[0.40264,0.8794,0.96824],[0.01461,0.5167,0.17808],[0.43448,0.39167,0.3562],[0.6848,0.14417,0.26402],
[0.19055,0.7344,0.46621],[0.50099,0.60565,0.62328],[0.47239,0.99278,0.49112],[0.14601,0.39525,0.5096],
[0.39743,0.90328,0.14721],[0.47473,0.66745,0.21202],[0.54429,0.34329,0.05925],[0.94142,0.70462,0.40196],
[0.94221,0.72734,0.52303],[0.14862,0.4101,0.65947],[0.1504,0.10379,0.25716],[0.41162,0.1771,0.97026],
[0.52661,0.14621,0.91977],[0.66274,0.18324,0.40078],[0.67157,0.50303,0.7144],[0.1759,0.4974,0.45029],
[0.83528,0.79998,0.47821],[0.60263,0.40516,0.69753],[0.42109,0.35353,0.6942],[0.16214,0.70796,0.42394],
[0.50725,0.368,0.25709],[0.79818,0.41716,0.25528],[0.17399,0.38849,0.59764],[0.67002,0.52182,0.83077],
[0.56509,0.57694,0.32887],[0.7233,0.94044,0.53591],[0.35825,0.50432,0.72358],[0.5574,0.82014,0.79188],
[0.91211,0.55903,0.34009],[0.72102,0.51863,0.09531],[0.23358,0.85678,0.34076],[0.39696,0.96507,0.58148],
[0.29502,0.77162,0.59699],[0.09949,0.52279,0.55159],[0.42928,0.37249,0.23019],[0.15995,0.27237,0.53307],
[0.40817,0.64398,0.11588],[0.24926,0.54328,0.57277],[0.65269,0.58015,0.96246],[0.49095,0.39301,0.91876],
[0.556,0.59974,0.32088],[0.43188,0.2627,0.04188],[0.17626,0.43959,0.14259],[0.8659,0.56613,0.77064],
[0.95293,0.11457,0.56332],[0.50544,0.52969,0.74254],[0.58528,0.4801,0.04954],[0.15859,0.28611,0.2057],
[0.568,0.21977,0.56585],[0.31991,0.01928,0.5836],[0.45111,0.31792,0.8628],[0.32635,0.15186,0.59596],
[0.56773,0.8591,0.70899],[0.44622,0.70652,0.56153],[0.28501,0.20183,0.17255],[0.81281,0.19443,0.47975],
[0.32012,0.48341,0.1322],[0.25817,0.54244,0.91585],[0.63068,0.73767,0.5831],[0.52666,0.29076,0.4684],
[0.44622,0.00148,0.02546],[0.48502,0.23297,0.03434],[0.7616,0.09161,0.52409],[0.14693,0.05271,0.55405],
[0.8346,0.41874,0.41235],[0.10559,0.51901,0.81856],[0.85919,0.52526,0.20136],[0.56091,0.02448,0.06773],
[0.5106,0.83808,0.14835],[0.44049,0.36837,0.69556],[0.99924,0.92099,0.59989],[0.11698,0.19874,0.28797],
[0.34075,0.98708,0.45638],[0.32038,0.45989,0.55867],[0.26127,0.44059,0.65891],[0.76729,0.59651,0.76221],
[0.24509,0.22191,0.05667],[0.47861,0.62174,0.55691],[0.43475,0.54617,0.75913],[0.70307,0.09811,0.17625],
[0.78249,0.4259,0.17731],[0.0443,0.4167,0.65544],[0.0912,0.97477,0.55008],[0.10636,0.54807,0.61181],
[0.27666,0.23617,0.47659],[0.46902,0.89305,0.35143],[0.62561,0.56241,0.51222],[0.59629,0.45307,0.71837],
[0.41831,0.36999,0.55155],[0.92837,0.55457,0.31924],[0.6863,0.54896,0.82623],[0.68091,0.28261,0.32763],
[0.51099,0.46241,0.98104],[0.86884,0.32172,0.18079],[0.29382,0.61295,0.51544],[0.04569,0.66134,0.41189],
[0.22508,0.52484,0.42529],[0.4253,0.79868,0.94285],[0.17557,0.02698,0.40904],[0.48874,0.20718,0.04359],
[0.02605,0.42716,0.33198],[0.12667,0.91091,0.4938],[0.69369,0.49303,0.75409],[0.51944,0.37939,0.52129],
[0.42281,0.01652,0.13982],[0.04757,0.59436,0.75592],[0.58162,0.87272,0.33996],[0.13275,0.0336,0.49858],
[0.25672,0.48572,0.05098],[0.47526,0.74789,0.87693],[0.98997,0.52213,0.07051],[0.09838,0.28448,0.51306],
[0.52625,0.13235,0.78476],[0.542,0.83216,0.54401],[0.0277,0.41777,0.65801],[0.76451,0.2265,0.34524],
[0.95477,0.59716,0.41339],[0.34793,0.87038,0.68792],[0.62171,0.08754,0.19406],[0.50593,0.71143,0.15043],
[0.72446,0.71552,0.59517],[0.20542,0.09343,0.13532],[0.34516,0.52761,0.91117],[0.94652,0.41473,0.87013],
[0.44202,0.47237,0.2295],[0.12896,0.15132,0.07476],[0.22459,0.86734,0.4848],[0.70916,0.69714,0.43187],
[0.12621,0.53344,0.22923],[0.57711,0.40863,0.38615],[0.8759,0.99195,0.54956],[0.26283,0.88495,0.56539],
[0.78252,0.42101,0.15704],[0.57162,0.60378,0.11218],[0.40776,0.65182,0.89964],[0.37443,0.9382,0.47976],
[0.56216,0.32931,0.71355],[0.47059,0.80249,0.83894],[0.54327,0.21406,0.99259],[0.34343,0.43657,0.6655],
[0.3194,0.5188,0.55027],[0.82727,0.1235,0.30702],[0.11672,0.29237,0.19338],[0.769,0.55326,0.61169],
[0.56535,0.95743,0.70501],[0.57245,0.56572,0.83795],[0.47601,0.4347,0.69297],[0.53622,0.89248,0.87514],
[0.26864,0.42183,0.56595],[0.32838,0.71706,0.40806],[0.256,0.00877,0.45788],[0.04463,0.11383,0.50559],
[0.05443,0.49102,0.34316],[0.82981,0.48249,0.80637],[0.44264,0.86949,0.39143],[0.77518,0.55035,0.57094],
[0.84243,0.57357,0.15555],[0.03798,0.55029,0.69106],[0.28713,0.436,0.51532],[0.58802,0.51834,0.09279],
[0.5955,0.43558,0.81734],[0.22625,0.82812,0.49414],[0.15215,0.50182,0.72603],[0.69985,0.09454,0.45881],
[0.68798,0.40649,0.63966],[0.42197,0.45087,0.48854],[0.46667,0.81365,0.495],[0.8972,0.41946,0.71763],
[0.75676,0.44901,0.4644],[0.38185,0.48309,0.80329],[0.6914,0.71208,0.54717],[0.85617,0.81362,0.57739],
[0.33669,0.16614,0.54665],[0.33805,0.16096,0.4626],[0.74389,0.49678,0.40651],[0.49046,0.33274,0.21738],
[0.86704,0.56317,0.48475],[0.03333,0.88995,0.47894],[0.54353,0.99872,0.795],[0.07721,0.57761,0.87274],
[0.51083,0.12002,0.94397],[0.42619,0.70134,0.06072],[0.0203,0.58145,0.54548],[0.23866,0.99552,0.55526],
[0.42444,0.2446,0.40931],[0.29597,0.12224,0.11486],[0.57279,0.55738,0.4073],[0.29617,0.43239,0.04436],
[0.79232,0.04351,0.40011],[0.21323,0.47306,0.54075],[0.44071,0.9136,0.38366],[0.26721,0.42333,0.28662],
[0.55853,0.69383,0.27193],[0.0722,0.57219,0.99579],[0.69745,0.07549,0.4191],[0.4938,0.34118,0.62932],
[0.07781,0.76761,0.51487],[0.29963,0.91667,0.44251],[0.76619,0.77143,0.6962],[0.37175,0.47191,0.31219],
[0.00051,0.74709,0.50381],[0.49924,0.81788,0.55495],[0.2938,0.08905,0.19207],[0.63689,0.4495,0.46613],
[0.4015,0.92125,0.35551],[0.54521,0.27983,0.21406],[0.12919,0.52067,0.59149],[0.87793,0.07304,0.51809],
[0.15713,0.09318,0.19587],[0.77548,0.78035,0.57538],[0.91643,0.49883,0.8998],[0.55925,0.0823,0.57922],
[0.88734,0.92486,0.38831],[0.05965,0.42735,0.46524],[0.47277,0.00867,0.56371],[0.19976,0.84466,0.54111],
[0.96844,0.84004,0.86948],[0.1126,0.39492,0.45111],[0.00738,0.4837,0.00296],[0.61058,0.22838,0.48431],
[0.80161,0.37859,0.59709],[0.56692,0.44551,0.35668],[0.46365,0.00798,0.46679],[0.07975,0.09994,0.41379],
[0.32732,0.63632,0.51563],[0.81821,0.09331,0.09798],[0.22285,0.466,0.7409],[0.04031,0.45434,0.91766],
[0.92323,0.51307,0.06127],[0.27603,0.22877,0.44466],[0.90714,0.9716,0.5283],[0.74824,0.63137,0.67736],
[0.07127,0.21277,0.27646],[0.54391,0.66754,0.70655],[0.70516,0.10357,0.09295],[0.53415,0.96436,0.74408],
[0.89124,0.42977,0.1672],[0.77126,0.69006,0.66709],[0.54909,0.107,0.41807],[0.41686,0.81445,0.00268],
[0.98123,0.74232,0.5261],[0.19902,0.59406,0.90643],[0.30538,0.69504,0.54079],[0.85057,0.86637,0.37852],
[0.58701,0.01903,0.03982],[0.54377,0.29712,0.16271],[0.14974,0.56195,0.33586],[0.08187,0.43172,0.97286],
[0.51073,0.06955,0.06476],[0.34291,0.57323,0.01016],[0.27434,0.577,0.12605],[0.80359,0.58819,0.19402],
[0.69461,0.7244,0.62983],[0.64613,0.13217,0.52567],[0.14771,0.2008,0.50705],[0.97838,0.5611,0.80266],
[0.70392,0.22141,0.48866],[0.78189,0.0886,0.4646],[0.51208,0.06661,0.83806],[0.75484,0.48478,0.02172],
[0.5624,0.95224,0.18743],[0.41384,0.99896,0.01846],[0.43482,0.81983,0.46648],[0.51907,0.40685,0.24987],
[0.40627,0.97134,0.50945],[0.94647,0.57692,0.14186],[0.82886,0.31635,0.5959],[0.42093,0.58781,0.23258],
[0.54578,0.08498,0.95135],[0.05615,0.39689,0.48257],[0.892,0.51436,0.22792],[0.16577,0.87355,0.48462],
[0.97667,0.55073,0.15844],[0.54958,0.10641,0.45091],[0.23725,0.48902,0.08542],[0.04207,0.76373,0.52222],
[0.00423,0.46979,0.00723],[0.19251,0.28669,0.23823],[0.03266,0.53965,0.063],[0.14867,0.42587,0.80585],
[0.23365,0.88243,0.44422],[0.69339,0.52725,0.44923],[0.94645,0.48991,0.56208],[0.66158,0.86578,0.28586],
[0.71784,0.57321,0.46066],[0.68594,0.76681,0.66143],[0.07183,0.57134,0.26975],[0.56478,0.25532,0.96552],
[0.57117,0.5771,0.28457],[0.46481,0.74593,0.30883],[0.55678,0.90942,0.37658],[0.67826,0.11987,0.1239],
[0.07832,0.50638,0.80989],[0.46667,0.98831,0.5851],[0.50978,0.8171,0.37322],[0.36154,0.50081,0.32958],
[0.29199,0.47431,0.06245],[0.69051,0.56475,0.14161],[0.44411,0.71675,0.50163],[0.79646,0.31929,0.4836],
[0.8175,0.8894,0.54579],[0.54785,0.80233,0.27049],[0.38551,0.94114,0.46099],[0.03638,0.18402,0.52381],
[0.49609,0.66379,0.81131],[0.80987,0.59827,0.57718],[0.88117,0.80468,0.64769],[0.45951,0.17463,0.83136],
[0.11078,0.58399,0.78751],[0.41559,0.44547,0.5204],[0.44445,0.31872,0.44744],[0.12199,0.58005,0.87119],
[0.4049,0.91385,0.97006],[0.85269,0.33614,0.18841],[0.40152,0.11231,0.95608],[0.96036,0.39353,0.55113],
[0.94794,0.43657,0.73359],[0.13462,0.8569,0.56452],[0.95668,0.01107,0.43745],[0.02775,0.62498,0.58065],
[0.09627,0.83588,0.55481],[0.60528,0.6893,0.66994],[0.43788,0.72342,0.49007],[0.34084,0.56792,0.78451],
[0.30009,0.4935,0.56274],[0.40821,0.17553,0.66555],[0.50003,0.81089,0.14901],[0.93541,0.52448,0.70274],
[0.54198,0.95931,0.29978],[0.63866,0.44569,0.73963],[0.45025,0.90694,0.50039],[0.11364,0.27617,0.21628],
[0.34753,0.59361,0.58207],[0.39769,0.90054,0.86534],[0.2958,0.24448,0.43582],[0.16097,0.48713,0.5375],
[0.35547,0.42121,0.00444],[0.52615,0.3576,0.30015],[0.91518,0.14086,0.4714],[0.64731,0.48544,0.74562],
[0.58373,0.42679,0.49982],[0.62163,0.38738,0.50229],[0.1462,0.48982,0.08596],[0.31182,0.22654,0.51895],
[0.56945,0.04672,0.69955],[0.90861,0.85239,0.86928],[0.24863,0.28049,0.12326],[0.96593,0.5514,0.8837],
[0.95457,0.71767,0.47192],[0.03462,0.10961,0.47366],[0.35078,0.90379,0.5985],[0.57581,0.69684,0.70951],
[0.25533,0.44731,0.24928],[0.41506,0.62314,0.75327],[0.67973,0.99596,0.59698],[0.25484,0.12903,0.44554],
[0.04807,0.59117,0.6228],[0.41476,0.83784,0.84979],[0.42387,0.90326,0.29307],[0.14764,0.57999,0.48347],
[0.11611,0.496,0.90809],[0.15369,0.45147,0.90424],[0.89468,0.41488,0.27015],[0.66978,0.1585,0.04703],
[0.56319,0.25504,0.69475],[0.49038,0.94568,0.33593],[0.42602,0.10134,0.59436],[0.99262,0.59846,0.53887],
[0.01265,0.21428,0.53837],[0.86995,0.14886,0.25403],[0.80575,0.3515,0.12302],[0.09315,0.04402,0.4584],
[0.04603,0.19575,0.43817],[0.38645,0.35946,0.56237],[0.64908,0.08605,0.50456],[0.56799,0.79356,0.65198],
[0.29503,0.45617,0.10864],[0.42082,0.28339,0.24996],[0.47339,0.1198,0.37337],[0.08006,0.58811,0.22918],
[0.75877,0.90223,0.49598],[0.45873,0.57459,0.80584],[0.48421,0.59253,0.73965],[0.57581,0.56971,0.31862],
[0.57281,0.90881,0.19891],[0.02465,0.48799,0.94627],[0.73826,0.56577,0.61619],[0.74533,0.68839,0.53559],
[0.63106,0.1369,0.20445],[0.64278,0.43794,0.81563],[0.49379,0.16068,0.18653],[0.76319,0.70994,0.49846],
[0.53064,0.18018,0.97697],[0.25661,0.04193,0.46494],[0.25569,0.78358,0.44244],[0.93341,0.55883,0.52372],
[0.53589,0.6744,0.62571],[0.33395,0.92933,0.4797],[0.63098,0.95449,0.49407],[0.13155,0.86275,0.49408],
[0.75124,0.19568,0.44676],[0.50026,0.30644,0.26369],[0.13979,0.53468,0.53545],[0.47995,0.61972,0.91944],
[0.58521,0.27407,0.42449],[0.43907,0.19922,0.88595],[0.8554,0.36064,0.54076],[0.5433,0.00417,0.9568],
[0.07504,0.40722,0.46112],[0.44694,0.95422,0.25117],[0.07744,0.23539,0.1417],[0.63019,0.45303,0.62906]
