username = nchw73
problem code = GP
graph = GPGraphA.txt with (|V|,|E|) = (160,425)
number of partition sets = 4
algorithm code = CS
associated parameters [n, num_cyc, N, p, q, alpha, beta] = [160, 100000, 20, 0.75, 0.25, 2, 1.5]
conflicts = 173
elapsed time = 30.1
date-time = 05/12/2024-12:22:35
certificate = 1832
2,4,4,4,4,3,3,2,1,1,4,4,1,2,2,2,4,2,4,3,2,1,4,3,3,2,4,4,3,3,1,2,4,3,2,1,4,2,1,1,
2,4,3,3,3,1,3,3,1,4,4,4,2,1,4,2,1,3,4,1,3,1,3,1,4,3,4,1,3,1,2,2,4,4,4,1,2,1,3,3,
4,1,1,2,2,1,1,4,4,1,2,4,3,1,1,1,2,1,2,4,4,1,2,3,3,3,1,1,4,2,2,1,2,3,3,2,2,2,2,4,
4,3,3,2,2,3,2,4,4,1,1,2,4,3,1,3,4,2,3,2,4,3,1,2,4,1,1,3,3,2,3,4,3,3,3,2,1,1,3,2,
