username = nchw73
problem code = GC
graph = GCGraphA.txt with (|V|,|E|) = (128,3216)
colours to use = 40
algorithm code = CS
associated parameters [n, num_cyc, N, p, q, alpha, beta] = [128, 10000, 50, 0.6, 0.25, 51.2, 1.5]
conflicts = 16
elapsed time = 59.8
date-time = 22/11/2024-15:47:28
certificate = 3480
26,14,40,4,34,15,36,20,24,1,9,12,14,19,7,30,20,8,2,11,34,33,20,5,36,27,13,10,22,15,23,3,40,10,31,7,29,40,8,6,
8,4,13,9,25,4,12,32,29,1,26,39,24,12,2,21,5,39,28,24,5,33,13,11,26,13,27,21,38,10,6,30,9,5,30,21,37,25,9,23,
21,38,18,11,28,23,38,39,6,2,22,38,16,18,11,7,39,19,22,31,12,34,34,31,32,37,2,16,25,15,27,34,36,18,17,23,14,40,1,35,
28,32,38,25,35,27,31,3,
