username = nchw73
problem code = GP
graph = GPGraphA.txt with (|V|,|E|) = (160,425)
number of partition sets = 4
algorithm code = CS
associated parameters [n, num_cyc, N, p, q, alpha, beta] = [160, 5000, 55, 0.5, 0.25, 64.0, 1.5]
conflicts = 180
elapsed time = 464.0
date-time = 03/12/2024-14:49:37
certificate = 1855
1,2,4,2,4,2,4,1,4,4,3,3,3,4,3,2,3,2,1,1,2,1,3,2,2,4,1,4,3,2,3,1,3,3,1,4,2,1,2,4,
4,2,4,2,3,4,2,1,3,3,3,2,2,4,2,1,4,2,1,1,1,3,4,4,3,2,3,3,2,2,3,1,4,3,3,2,3,4,2,2,
3,1,2,1,1,2,1,4,2,3,1,1,2,1,1,3,3,4,4,3,1,3,3,4,2,4,1,1,3,4,4,4,1,1,1,2,4,3,3,1,
2,1,3,4,2,2,1,3,1,3,2,4,3,3,2,4,2,1,4,4,4,4,3,2,4,1,4,1,1,2,4,4,2,2,3,1,1,4,3,1,
