username = nchw73
problem code = GP
graph = GPGraphA.txt with (|V|,|E|) = (160,425)
number of partition sets = 4
algorithm code = CS
associated parameters [n, num_cyc, N, p, q, alpha, beta] = [160, 5000, 50, 0.5, 0.25, 64.0, 1.5]
conflicts = 181
elapsed time = 456.3
date-time = 04/12/2024-13:42:44
certificate = 1858
3,1,1,3,4,2,3,2,2,3,4,3,4,1,3,4,4,1,4,3,4,3,4,1,2,2,2,4,2,2,4,3,3,1,1,2,4,1,1,1,
2,4,2,1,2,2,4,2,3,3,4,3,1,2,4,2,2,2,3,3,1,3,2,4,3,1,4,4,1,4,1,3,4,4,1,3,3,4,3,1,
3,4,4,1,3,4,1,2,3,1,2,2,2,3,1,4,3,4,1,4,3,4,1,1,3,2,3,4,2,3,3,4,3,2,2,4,3,3,2,2,
4,2,1,3,1,4,3,4,2,1,3,2,4,1,2,2,4,1,1,2,2,3,1,4,4,1,3,1,1,1,3,4,2,1,1,1,2,2,2,1,
