username = nchw73
problem code = GP
graph = GPGraphA.txt with (|V|,|E|) = (160,425)
number of partition sets = 4
algorithm code = CS
associated parameters [n, num_cyc, N, p, q, alpha, beta] = [160, 5000, 50, 0.5, 0.25, 64.0, 1.5]
conflicts = 163
elapsed time = 400.1
date-time = 03/12/2024-22:36:37
certificate = 1856
1,4,3,2,2,4,1,1,3,4,4,2,3,1,4,1,2,1,1,1,2,1,3,4,2,2,3,3,1,2,2,1,4,2,1,4,4,1,4,2,
2,2,4,2,2,3,2,3,3,4,4,1,1,3,4,1,3,4,1,3,1,3,2,4,3,2,4,4,1,3,2,1,3,3,4,3,4,2,3,2,
4,4,2,1,1,4,4,3,4,3,1,1,4,1,4,3,3,4,2,3,1,2,2,4,2,3,4,4,2,3,4,4,1,3,1,1,4,3,3,4,
2,1,2,3,1,2,3,3,3,2,3,3,4,2,4,2,2,4,2,2,3,1,1,1,3,1,4,1,1,1,3,4,2,2,2,1,3,3,2,1,
