username = nchw73
problem code = GC
graph = GCGraphA.txt with (|V|,|E|) = (128,3216)
colours to use = 40
algorithm code = CS
associated parameters [n, num_cyc, N, p, q, alpha, beta] = [128, 10000, 50, 0.6, 0.25, 51.2, 1.5]
conflicts = 6
elapsed time = 661.6
date-time = 22/11/2024-16:23:44
certificate = 3381
32,21,38,13,7,8,6,16,13,32,20,11,10,19,5,27,29,15,30,22,35,37,24,29,12,11,23,8,2,39,33,39,3,31,3,10,17,30,36,36,
32,26,17,24,6,7,38,23,9,12,9,40,39,18,5,3,25,28,16,35,28,25,38,18,3,4,31,5,25,8,15,4,40,2,18,19,34,23,5,27,
31,15,12,22,22,24,9,21,1,32,29,39,13,34,8,35,24,31,21,6,29,40,9,26,14,20,11,6,29,13,19,7,20,2,30,34,21,18,33,11,
28,17,4,21,37,10,35,17,
